884.044 -59.5362626000 -3.6245883139 3.4536059845E-05
894.044 -49.5362626000 -3.2423691851 4.8596459358E-05
904.044 -39.5362626000 -2.8086070776 7.5420054477E-05
914.044 -29.5362626000 -2.2942518670 1.4068087330E-04
915.544 -28.0362626000 -2.2067825084 1.5862611566E-04
917.044 -26.5362626000 -2.1157001917 1.8091019071E-04
918.544 -25.0362626000 -2.0205158464 2.0931030435E-04
920.044 -23.5362626000 -1.9206201331 2.4571432369E-04
921.544 -22.0362626000 -1.8152353343 2.9401601390E-04
923.044 -20.5362626000 -1.7033428727 3.6047410957E-04
924.044 -19.5362626000 -1.6244717534 4.2002612528E-04
924.297 -19.2837106000 -1.6039394904 4.3768096475E-04
924.544 -19.0362626000 -1.5835638809 4.5620367523E-04
924.55 -19.0311586000 -1.5831408258 4.5659936557E-04
924.802 -18.7786066000 -1.5620653228 4.7691012065E-04
925.055 -18.5260546000 -1.5407014825 4.9875930825E-04
925.307 -18.2735026000 -1.5190372794 5.2231379268E-04
925.56 -18.0209506000 -1.4970596029 5.4776389597E-04
925.812 -17.7683986000 -1.4747543660 5.7532819447E-04
926.065 -17.5158466000 -1.4521066209 6.0525823513E-04
926.317 -17.2632946000 -1.4290999349 6.3784319680E-04
926.57 -17.0107426000 -1.4057168357 6.7341411941E-04
926.823 -16.7581906000 -1.3819381391 7.1235989690E-04
927.075 -16.5056386000 -1.3577429039 7.5514713574E-04
927.328 -16.2530866000 -1.3331087695 8.0232179355E-04
927.58 -16.0005346000 -1.3080107758 8.5451883174E-04
927.833 -15.7479826000 -1.2824216888 9.1250124055E-04
928.085 -15.4954306000 -1.2563114581 9.7720430134E-04
928.338 -15.2428786000 -1.2296468864 1.0497664093E-03
928.59 -14.9903266000 -1.2023912273 1.1315734039E-03
928.843 -14.7377746000 -1.1745031498 1.2243312487E-03
929.095 -14.4852226000 -1.1459366216 1.3301605793E-03
929.348 -14.2326706000 -1.1166395267 1.4517407431E-03
929.601 -13.9801186000 -1.0865528691 1.5924965899E-03
929.853 -13.7275666000 -1.0556089377 1.7568562186E-03
930.106 -13.4750146000 -1.0237301537 1.9505377772E-03
930.358 -13.2224626000 -0.9908260728 2.1808157535E-03
930.611 -12.9699106000 -0.9567913102 2.4567215100E-03
930.863 -12.7173586000 -0.9215002170 2.7897992151E-03
931.116 -12.4648066000 -0.8848026570 3.1962118742E-03
931.368 -12.2122546000 -0.8465157334 3.6981626187E-03
931.621 -11.9597026000 -0.8064130324 4.3264913199E-03
931.874 -11.7071506000 -0.7642087873 5.1290819478E-03
932.126 -11.4545986000 -0.7195332949 6.1792923689E-03
932.379 -11.2020466000 -0.6718938217 7.5878881028E-03
932.631 -10.9494946000 -0.6206080670 9.5244065072E-03
932.884 -10.6969426000 -0.5646835085 1.2258584644E-02
933.136 -10.4443906000 -0.5025739579 1.6217813903E-02
933.389 -10.1918386000 -0.4316175410 2.1950619666E-02
933.641 -9.9392865700 -0.3464199862 2.9706066133E-02
933.894 -9.6867345700 -0.2317755639 3.8134223647E-02
934.099 -9.4820625700 0.0000000000 4.2781379150E-02
934.399 -9.1816305700 0.2808093024 4.2447214962E-02
934.652 -8.9290785700 0.3809734363 3.7738359179E-02
934.904 -8.6765265700 0.4598126437 3.2386445973E-02
935.157 -8.4239745700 0.5269862890 2.7756996346E-02
935.409 -8.1714225700 0.5865163286 2.4056486602E-02
935.662 -7.9188705700 0.6405374971 2.1153234033E-02
935.914 -7.6663185700 0.6903442571 1.8869002364E-02
936.167 -7.4137665700 0.7367917626 1.7191718247E-02
936.419 -7.1612145700 0.7804800208 1.5826951243E-02
936.672 -6.9086625700 0.8218490845 1.4659163071E-02
936.925 -6.6561105700 0.8612333168 1.3635208376E-02
937.177 -6.4035585700 0.8988935870 1.2716429450E-02
937.43 -6.1510065700 0.9350382821 1.1878689907E-02
937.682 -5.8984545700 0.9698368404 1.1113005759E-02
937.935 -5.6459025700 1.0034293225 1.0420625963E-02
938.187 -5.3933505700 1.0359330641 9.8057316439E-03
938.44 -5.1407985700 1.0674474765 9.2768608071E-03
938.692 -4.8882465700 1.0980577930 8.8396247445E-03
938.945 -4.6356945700 1.1278377710 8.5001503267E-03
939.198 -4.3831425700 1.1568512147 8.2616583311E-03
939.45 -4.1305905700 1.1851547357 8.1279054107E-03
939.703 -3.8780385700 1.2127978627 8.0983776569E-03
939.955 -3.6254865700 1.2398247259 8.1673383095E-03
940.208 -3.3729345700 1.2662750380 8.3175499078E-03
940.46 -3.1203825700 1.2921839163 8.5148503526E-03
940.713 -2.8678305700 1.3175834225 8.7096342086E-03
940.965 -2.6152785700 1.3425025078 8.8446098577E-03
941.218 -2.3627265700 1.3669673680 8.8842767748E-03
941.471 -2.1101745700 1.3910020847 8.8202315035E-03
941.723 -1.8576225700 1.4146285075 8.6762395698E-03
941.976 -1.6050705700 1.4378667633 8.4844229059E-03
942.228 -1.3525185700 1.4607352319 8.2804839727E-03
942.481 -1.0999665700 1.4832513762 8.0928867341E-03
942.733 -0.8474145720 1.5054305809 7.9449040332E-03
942.986 -0.5948625720 1.5272878038 7.8522273262E-03
943.238 -0.3423105720 1.5488367451 7.8219837350E-03
943.491 -0.0897585725 1.5700897592 7.8507968503E-03
943.743 0.1627934280 1.5910591062 7.9237546576E-03
943.996 0.4153454280 1.6117554617 8.0162799442E-03
944.044 0.4637174280 1.6156892849 8.0338259622E-03
945.544 1.9637174300 1.7332496192 7.9749276673E-03
947.044 3.4637174300 1.8433276519 7.2186275513E-03
948.544 4.9637174300 1.9471927028 6.6383744204E-03
950.044 6.4637174300 2.0457911883 6.2297701630E-03
951.544 7.9637174300 2.1398514378 6.0743197901E-03
953.044 9.4637174300 2.2299478002 6.0708237955E-03
954.044 10.4637374000 2.2880429522 6.1944882091E-03
954.544 10.9637174000 2.3165424515 6.3363532012E-03
974.044 30.4637374000 3.2379786252 7.4639648179E-03
994.044 50.4637374000 3.9665942257 6.3252118244E-03
1014.04 70.4637374000 4.5807462798 6.0472140896E-03
1034.04 90.4637374000 5.1217775149 6.2633232666E-03
1054.04 110.4637370000 5.6108794529 5.4047461390E-03
