-44.8878 5.401900E-04
-44.8678 5.411991E-04
-44.8478 5.422111E-04
-44.8278 5.432262E-04
-44.8078 5.442442E-04
-44.7877 5.452653E-04
-44.7677 5.462895E-04
-44.7477 5.473167E-04
-44.7277 5.483470E-04
-44.7077 5.493801E-04
-44.6877 5.504164E-04
-44.6677 5.514561E-04
-44.6477 5.524987E-04
-44.6277 5.535447E-04
-44.6077 5.545937E-04
-44.5876 5.556459E-04
-44.5676 5.567008E-04
-44.5476 5.577593E-04
-44.5276 5.588211E-04
-44.5076 5.598860E-04
-44.4876 5.609541E-04
-44.4676 5.620253E-04
-44.4476 5.630998E-04
-44.4276 5.641778E-04
-44.4076 5.652590E-04
-44.3875 5.663432E-04
-44.3675 5.674309E-04
-44.3475 5.685220E-04
-44.3275 5.696166E-04
-44.3075 5.707140E-04
-44.2875 5.718152E-04
-44.2675 5.729197E-04
-44.2475 5.740274E-04
-44.2275 5.751387E-04
-44.2075 5.762535E-04
-44.1874 5.773718E-04
-44.1674 5.784930E-04
-44.1474 5.796181E-04
-44.1274 5.807465E-04
-44.1074 5.818785E-04
-44.0874 5.830141E-04
-44.0674 5.841528E-04
-44.0474 5.852955E-04
-44.0274 5.864417E-04
-44.0074 5.875910E-04
-43.9873 5.887444E-04
-43.9673 5.899010E-04
-43.9473 5.910616E-04
-43.9273 5.922255E-04
-43.9073 5.933932E-04
-43.8873 5.945647E-04
-43.8673 5.957394E-04
-43.8473 5.969183E-04
-43.8273 5.981005E-04
-43.8073 5.992868E-04
-43.7872 6.004763E-04
-43.7672 6.016701E-04
-43.7472 6.028672E-04
-43.7272 6.040685E-04
-43.7072 6.052733E-04
-43.6872 6.064822E-04
-43.6672 6.076945E-04
-43.6472 6.089108E-04
-43.6272 6.101312E-04
-43.6072 6.113551E-04
-43.5871 6.125834E-04
-43.5671 6.138152E-04
-43.5471 6.150509E-04
-43.5271 6.162909E-04
-43.5071 6.175344E-04
-43.4871 6.187825E-04
-43.4671 6.200341E-04
-43.4471 6.212896E-04
-43.4271 6.225498E-04
-43.4071 6.238134E-04
-43.3870 6.250811E-04
-43.3670 6.263534E-04
-43.3470 6.276294E-04
-43.3270 6.289094E-04
-43.3070 6.301938E-04
-43.2870 6.314824E-04
-43.2670 6.327750E-04
-43.2470 6.340717E-04
-43.2270 6.353728E-04
-43.2070 6.366783E-04
-43.1869 6.379878E-04
-43.1669 6.393015E-04
-43.1469 6.406194E-04
-43.1269 6.419422E-04
-43.1069 6.432689E-04
-43.0869 6.445999E-04
-43.0669 6.459352E-04
-43.0469 6.472749E-04
-43.0269 6.486190E-04
-43.0069 6.499681E-04
-42.9868 6.513211E-04
-42.9668 6.526785E-04
-42.9468 6.540405E-04
-42.9268 6.554069E-04
-42.9068 6.567779E-04
-42.8868 6.581534E-04
-42.8668 6.595334E-04
-42.8468 6.609181E-04
-42.8268 6.623074E-04
-42.8068 6.637013E-04
-42.7867 6.650998E-04
-42.7667 6.665030E-04
-42.7467 6.679109E-04
-42.7267 6.693236E-04
-42.7067 6.707410E-04
-42.6867 6.721630E-04
-42.6667 6.735899E-04
-42.6467 6.750216E-04
-42.6267 6.764580E-04
-42.6067 6.778994E-04
-42.5866 6.793456E-04
-42.5666 6.807967E-04
-42.5466 6.822526E-04
-42.5266 6.837135E-04
-42.5066 6.851793E-04
-42.4866 6.866503E-04
-42.4666 6.881255E-04
-42.4466 6.896063E-04
-42.4266 6.910922E-04
-42.4066 6.925832E-04
-42.3865 6.940792E-04
-42.3665 6.955805E-04
-42.3465 6.970862E-04
-42.3265 6.985977E-04
-42.3065 7.001143E-04
-42.2865 7.016362E-04
-42.2665 7.031628E-04
-42.2465 7.046950E-04
-42.2265 7.062325E-04
-42.2065 7.077755E-04
-42.1864 7.093232E-04
-42.1664 7.108768E-04
-42.1464 7.124358E-04
-42.1264 7.139996E-04
-42.1064 7.155695E-04
-42.0864 7.171448E-04
-42.0664 7.187250E-04
-42.0464 7.203113E-04
-42.0264 7.219031E-04
-42.0064 7.234999E-04
-41.9863 7.251029E-04
-41.9663 7.267108E-04
-41.9463 7.283250E-04
-41.9263 7.299449E-04
-41.9063 7.315699E-04
-41.8863 7.332012E-04
-41.8663 7.348377E-04
-41.8463 7.364805E-04
-41.8263 7.381285E-04
-41.8063 7.397830E-04
-41.7862 7.414428E-04
-41.7662 7.431089E-04
-41.7462 7.447804E-04
-41.7262 7.464580E-04
-41.7062 7.481419E-04
-41.6862 7.498314E-04
-41.6662 7.515274E-04
-41.6462 7.532289E-04
-41.6262 7.549371E-04
-41.6062 7.566507E-04
-41.5861 7.583706E-04
-41.5661 7.600972E-04
-41.5461 7.618294E-04
-41.5261 7.635679E-04
-41.5061 7.653133E-04
-41.4861 7.670643E-04
-41.4661 7.688216E-04
-41.4461 7.705854E-04
-41.4261 7.723560E-04
-41.4061 7.741325E-04
-41.3860 7.759155E-04
-41.3660 7.777051E-04
-41.3460 7.795015E-04
-41.3260 7.813039E-04
-41.3060 7.831130E-04
-41.2860 7.849287E-04
-41.2660 7.867510E-04
-41.2460 7.885806E-04
-41.2260 7.904163E-04
-41.2060 7.922588E-04
-41.1859 7.941080E-04
-41.1659 7.959640E-04
-41.1459 7.978269E-04
-41.1259 7.996966E-04
-41.1059 8.015733E-04
-41.0859 8.034569E-04
-41.0659 8.053475E-04
-41.0459 8.072450E-04
-41.0259 8.091497E-04
-41.0059 8.110614E-04
-40.9858 8.129802E-04
-40.9658 8.149062E-04
-40.9458 8.168394E-04
-40.9258 8.187798E-04
-40.9058 8.207275E-04
-40.8858 8.226825E-04
-40.8658 8.246449E-04
-40.8458 8.266146E-04
-40.8258 8.285916E-04
-40.8058 8.305762E-04
-40.7857 8.325676E-04
-40.7657 8.345672E-04
-40.7457 8.365742E-04
-40.7257 8.385890E-04
-40.7057 8.406114E-04
-40.6857 8.426409E-04
-40.6657 8.446786E-04
-40.6457 8.467242E-04
-40.6257 8.487776E-04
-40.6057 8.508381E-04
-40.5856 8.529071E-04
-40.5656 8.549842E-04
-40.5456 8.570686E-04
-40.5256 8.591613E-04
-40.5056 8.612623E-04
-40.4856 8.633709E-04
-40.4656 8.654880E-04
-40.4456 8.676134E-04
-40.4256 8.697463E-04
-40.4056 8.718882E-04
-40.3855 8.740378E-04
-40.3655 8.761961E-04
-40.3455 8.783630E-04
-40.3255 8.805376E-04
-40.3055 8.827215E-04
-40.2855 8.849131E-04
-40.2655 8.871140E-04
-40.2455 8.893227E-04
-40.2255 8.915403E-04
-40.2055 8.937670E-04
-40.1854 8.960019E-04
-40.1654 8.982463E-04
-40.1454 9.004988E-04
-40.1254 9.027608E-04
-40.1054 9.050312E-04
-40.0854 9.073105E-04
-40.0654 9.095996E-04
-40.0454 9.118970E-04
-40.0254 9.142034E-04
-40.0054 9.165194E-04
-39.9853 9.188448E-04
-39.9653 9.211790E-04
-39.9453 9.235226E-04
-39.9253 9.258756E-04
-39.9053 9.282384E-04
-39.8853 9.306103E-04
-39.8653 9.329916E-04
-39.8453 9.353825E-04
-39.8253 9.377829E-04
-39.8053 9.401939E-04
-39.7852 9.426138E-04
-39.7652 9.450435E-04
-39.7452 9.474831E-04
-39.7252 9.499325E-04
-39.7052 9.523919E-04
-39.6852 9.548613E-04
-39.6652 9.573407E-04
-39.6452 9.598302E-04
-39.6252 9.623299E-04
-39.6052 9.648399E-04
-39.5851 9.673601E-04
-39.5651 9.698906E-04
-39.5451 9.724316E-04
-39.5251 9.749830E-04
-39.5051 9.775449E-04
-39.4851 9.801174E-04
-39.4651 9.826997E-04
-39.4451 9.852935E-04
-39.4251 9.878979E-04
-39.4051 9.905133E-04
-39.3850 9.931396E-04
-39.3650 9.957758E-04
-39.3450 9.984239E-04
-39.3250 1.001083E-03
-39.3050 1.003753E-03
-39.2850 1.006434E-03
-39.2650 1.009127E-03
-39.2450 1.011831E-03
-39.2250 1.014545E-03
-39.2050 1.017272E-03
-39.1849 1.020010E-03
-39.1649 1.022759E-03
-39.1449 1.025521E-03
-39.1249 1.028294E-03
-39.1049 1.031078E-03
-39.0849 1.033874E-03
-39.0649 1.036682E-03
-39.0449 1.039503E-03
-39.0249 1.042334E-03
-39.0049 1.045179E-03
-38.9848 1.048035E-03
-38.9648 1.050904E-03
-38.9448 1.053785E-03
-38.9248 1.056678E-03
-38.9048 1.059584E-03
-38.8848 1.062502E-03
-38.8648 1.065433E-03
-38.8448 1.068376E-03
-38.8248 1.071332E-03
-38.8048 1.074301E-03
-38.7847 1.077283E-03
-38.7647 1.080277E-03
-38.7447 1.083285E-03
-38.7247 1.086306E-03
-38.7047 1.089340E-03
-38.6847 1.092387E-03
-38.6647 1.095448E-03
-38.6447 1.098522E-03
-38.6247 1.101609E-03
-38.6047 1.104711E-03
-38.5846 1.107826E-03
-38.5646 1.110954E-03
-38.5446 1.114096E-03
-38.5246 1.117252E-03
-38.5046 1.120423E-03
-38.4846 1.123607E-03
-38.4646 1.126805E-03
-38.4446 1.130018E-03
-38.4246 1.133245E-03
-38.4046 1.136486E-03
-38.3845 1.139742E-03
-38.3645 1.143012E-03
-38.3445 1.146298E-03
-38.3245 1.149597E-03
-38.3045 1.152911E-03
-38.2845 1.156241E-03
-38.2645 1.159586E-03
-38.2445 1.162946E-03
-38.2245 1.166320E-03
-38.2045 1.169710E-03
-38.1844 1.173116E-03
-38.1644 1.176537E-03
-38.1444 1.179973E-03
-38.1244 1.183426E-03
-38.1044 1.186894E-03
-38.0844 1.190378E-03
-38.0644 1.193878E-03
-38.0444 1.197394E-03
-38.0244 1.200926E-03
-38.0044 1.204475E-03
-37.9843 1.208039E-03
-37.9643 1.211621E-03
-37.9443 1.215218E-03
-37.9243 1.218833E-03
-37.9043 1.222464E-03
-37.8843 1.226113E-03
-37.8643 1.229777E-03
-37.8443 1.233460E-03
-37.8243 1.237159E-03
-37.8043 1.240875E-03
-37.7842 1.244610E-03
-37.7642 1.248361E-03
-37.7442 1.252131E-03
-37.7242 1.255918E-03
-37.7042 1.259723E-03
-37.6842 1.263545E-03
-37.6642 1.267386E-03
-37.6442 1.271246E-03
-37.6242 1.275123E-03
-37.6042 1.279019E-03
-37.5841 1.282933E-03
-37.5641 1.286866E-03
-37.5441 1.290818E-03
-37.5241 1.294789E-03
-37.5041 1.298780E-03
-37.4841 1.302789E-03
-37.4641 1.306817E-03
-37.4441 1.310865E-03
-37.4241 1.314932E-03
-37.4041 1.319019E-03
-37.3840 1.323126E-03
-37.3640 1.327253E-03
-37.3440 1.331398E-03
-37.3240 1.335565E-03
-37.3040 1.339753E-03
-37.2840 1.343961E-03
-37.2640 1.348189E-03
-37.2440 1.352438E-03
-37.2240 1.356708E-03
-37.2040 1.360998E-03
-37.1839 1.365310E-03
-37.1639 1.369644E-03
-37.1439 1.373998E-03
-37.1239 1.378374E-03
-37.1039 1.382772E-03
-37.0839 1.387192E-03
-37.0639 1.391633E-03
-37.0439 1.396097E-03
-37.0239 1.400583E-03
-37.0039 1.405092E-03
-36.9838 1.409623E-03
-36.9638 1.414177E-03
-36.9438 1.418754E-03
-36.9238 1.423353E-03
-36.9038 1.427976E-03
-36.8838 1.432622E-03
-36.8638 1.437292E-03
-36.8438 1.441986E-03
-36.8238 1.446703E-03
-36.8038 1.451445E-03
-36.7837 1.456210E-03
-36.7637 1.460999E-03
-36.7437 1.465814E-03
-36.7237 1.470653E-03
-36.7037 1.475516E-03
-36.6837 1.480405E-03
-36.6637 1.485320E-03
-36.6437 1.490259E-03
-36.6237 1.495224E-03
-36.6037 1.500214E-03
-36.5836 1.505230E-03
-36.5636 1.510273E-03
-36.5436 1.515342E-03
-36.5236 1.520437E-03
-36.5036 1.525559E-03
-36.4836 1.530708E-03
-36.4636 1.535883E-03
-36.4436 1.541086E-03
-36.4236 1.546316E-03
-36.4036 1.551574E-03
-36.3835 1.556860E-03
-36.3635 1.562173E-03
-36.3435 1.567515E-03
-36.3235 1.572884E-03
-36.3035 1.578282E-03
-36.2835 1.583710E-03
-36.2635 1.589166E-03
-36.2435 1.594652E-03
-36.2235 1.600167E-03
-36.2035 1.605711E-03
-36.1834 1.611285E-03
-36.1634 1.616890E-03
-36.1434 1.622525E-03
-36.1234 1.628189E-03
-36.1034 1.633885E-03
-36.0834 1.639612E-03
-36.0634 1.645369E-03
-36.0434 1.651159E-03
-36.0234 1.656979E-03
-36.0034 1.662832E-03
-35.9833 1.668717E-03
-35.9633 1.674634E-03
-35.9433 1.680584E-03
-35.9233 1.686565E-03
-35.9033 1.692581E-03
-35.8833 1.698629E-03
-35.8633 1.704712E-03
-35.8433 1.710827E-03
-35.8233 1.716977E-03
-35.8033 1.723162E-03
-35.7832 1.729380E-03
-35.7632 1.735634E-03
-35.7432 1.741922E-03
-35.7232 1.748246E-03
-35.7032 1.754606E-03
-35.6832 1.761001E-03
-35.6632 1.767432E-03
-35.6432 1.773899E-03
-35.6232 1.780405E-03
-35.6032 1.786946E-03
-35.5831 1.793524E-03
-35.5631 1.800140E-03
-35.5431 1.806794E-03
-35.5231 1.813486E-03
-35.5031 1.820217E-03
-35.4831 1.826986E-03
-35.4631 1.833794E-03
-35.4431 1.840641E-03
-35.4231 1.847528E-03
-35.4031 1.854455E-03
-35.3830 1.861422E-03
-35.3630 1.868429E-03
-35.3430 1.875478E-03
-35.3230 1.882567E-03
-35.3030 1.889699E-03
-35.2830 1.896871E-03
-35.2630 1.904087E-03
-35.2430 1.911344E-03
-35.2230 1.918644E-03
-35.2030 1.925988E-03
-35.1829 1.933375E-03
-35.1629 1.940806E-03
-35.1429 1.948281E-03
-35.1229 1.955800E-03
-35.1029 1.963364E-03
-35.0829 1.970974E-03
-35.0629 1.978629E-03
-35.0429 1.986331E-03
-35.0229 1.994079E-03
-35.0029 2.001873E-03
-34.9828 2.009714E-03
-34.9628 2.017603E-03
-34.9428 2.025540E-03
-34.9228 2.033525E-03
-34.9028 2.041558E-03
-34.8828 2.049641E-03
-34.8628 2.057774E-03
-34.8428 2.065956E-03
-34.8228 2.074188E-03
-34.8028 2.082471E-03
-34.7827 2.090806E-03
-34.7627 2.099191E-03
-34.7427 2.107629E-03
-34.7227 2.116120E-03
-34.7027 2.124662E-03
-34.6827 2.133259E-03
-34.6627 2.141909E-03
-34.6427 2.150612E-03
-34.6227 2.159371E-03
-34.6027 2.168186E-03
-34.5826 2.177055E-03
-34.5626 2.185981E-03
-34.5426 2.194962E-03
-34.5226 2.204001E-03
-34.5026 2.213098E-03
-34.4826 2.222252E-03
-34.4626 2.231465E-03
-34.4426 2.240737E-03
-34.4226 2.250068E-03
-34.4026 2.259460E-03
-34.3825 2.268911E-03
-34.3625 2.278424E-03
-34.3425 2.287999E-03
-34.3225 2.297635E-03
-34.3025 2.307334E-03
-34.2825 2.317096E-03
-34.2625 2.326922E-03
-34.2425 2.336813E-03
-34.2225 2.346767E-03
-34.2025 2.356788E-03
-34.1824 2.366875E-03
-34.1624 2.377027E-03
-34.1424 2.387248E-03
-34.1224 2.397537E-03
-34.1024 2.407892E-03
-34.0824 2.418318E-03
-34.0624 2.428814E-03
-34.0424 2.439378E-03
-34.0224 2.450014E-03
-34.0024 2.460722E-03
-33.9823 2.471501E-03
-33.9623 2.482354E-03
-33.9423 2.493280E-03
-33.9223 2.504280E-03
-33.9023 2.515356E-03
-33.8823 2.526505E-03
-33.8623 2.537732E-03
-33.8423 2.549035E-03
-33.8223 2.560416E-03
-33.8023 2.571876E-03
-33.7822 2.583414E-03
-33.7622 2.595032E-03
-33.7422 2.606729E-03
-33.7222 2.618509E-03
-33.7022 2.630371E-03
-33.6822 2.642316E-03
-33.6622 2.654344E-03
-33.6422 2.666456E-03
-33.6222 2.678655E-03
-33.6022 2.690938E-03
-33.5821 2.703308E-03
-33.5621 2.715765E-03
-33.5421 2.728311E-03
-33.5221 2.740946E-03
-33.5021 2.753672E-03
-33.4821 2.766488E-03
-33.4621 2.779396E-03
-33.4421 2.792397E-03
-33.4221 2.805491E-03
-33.4021 2.818681E-03
-33.3820 2.831965E-03
-33.3620 2.845346E-03
-33.3420 2.858823E-03
-33.3220 2.872400E-03
-33.3020 2.886076E-03
-33.2820 2.899850E-03
-33.2620 2.913727E-03
-33.2420 2.927705E-03
-33.2220 2.941788E-03
-33.2020 2.955974E-03
-33.1819 2.970265E-03
-33.1619 2.984663E-03
-33.1419 2.999167E-03
-33.1219 3.013781E-03
-33.1019 3.028503E-03
-33.0819 3.043336E-03
-33.0619 3.058281E-03
-33.0419 3.073339E-03
-33.0219 3.088511E-03
-33.0019 3.103797E-03
-32.9818 3.119201E-03
-32.9618 3.134721E-03
-32.9418 3.150360E-03
-32.9218 3.166120E-03
-32.9018 3.182000E-03
-32.8818 3.198003E-03
-32.8618 3.214130E-03
-32.8418 3.230381E-03
-32.8218 3.246758E-03
-32.8018 3.263264E-03
-32.7817 3.279898E-03
-32.7617 3.296662E-03
-32.7417 3.313558E-03
-32.7217 3.330587E-03
-32.7017 3.347750E-03
-32.6817 3.365050E-03
-32.6617 3.382486E-03
-32.6417 3.400061E-03
-32.6217 3.417777E-03
-32.6017 3.435633E-03
-32.5816 3.453634E-03
-32.5616 3.471778E-03
-32.5416 3.490070E-03
-32.5216 3.508510E-03
-32.5016 3.527099E-03
-32.4816 3.545839E-03
-32.4616 3.564731E-03
-32.4416 3.583778E-03
-32.4216 3.602983E-03
-32.4016 3.622343E-03
-32.3815 3.641864E-03
-32.3615 3.661547E-03
-32.3415 3.681393E-03
-32.3215 3.701404E-03
-32.3015 3.721581E-03
-32.2815 3.741928E-03
-32.2615 3.762444E-03
-32.2415 3.783134E-03
-32.2215 3.803998E-03
-32.2015 3.825038E-03
-32.1814 3.846258E-03
-32.1614 3.867657E-03
-32.1414 3.889239E-03
-32.1214 3.911006E-03
-32.1014 3.932959E-03
-32.0814 3.955101E-03
-32.0614 3.977434E-03
-32.0414 3.999962E-03
-32.0214 4.022684E-03
-32.0014 4.045605E-03
-31.9813 4.068725E-03
-31.9613 4.092049E-03
-31.9413 4.115576E-03
-31.9213 4.139311E-03
-31.9013 4.163256E-03
-31.8813 4.187414E-03
-31.8613 4.211785E-03
-31.8413 4.236375E-03
-31.8213 4.261184E-03
-31.8013 4.286217E-03
-31.7812 4.311473E-03
-31.7612 4.336959E-03
-31.7412 4.362674E-03
-31.7212 4.388625E-03
-31.7012 4.414812E-03
-31.6812 4.441237E-03
-31.6612 4.467904E-03
-31.6412 4.494816E-03
-31.6212 4.521977E-03
-31.6012 4.549391E-03
-31.5811 4.577057E-03
-31.5611 4.604981E-03
-31.5411 4.633167E-03
-31.5211 4.661617E-03
-31.5011 4.690332E-03
-31.4811 4.719321E-03
-31.4611 4.748582E-03
-31.4411 4.778122E-03
-31.4211 4.807942E-03
-31.4011 4.838049E-03
-31.3810 4.868443E-03
-31.3610 4.899129E-03
-31.3410 4.930113E-03
-31.3210 4.961395E-03
-31.3010 4.992981E-03
-31.2810 5.024875E-03
-31.2610 5.057081E-03
-31.2410 5.089602E-03
-31.2210 5.122446E-03
-31.2010 5.155610E-03
-31.1809 5.189105E-03
-31.1609 5.222931E-03
-31.1409 5.257095E-03
-31.1209 5.291602E-03
-31.1009 5.326455E-03
-31.0809 5.361659E-03
-31.0609 5.397218E-03
-31.0409 5.433140E-03
-31.0209 5.469426E-03
-31.0009 5.506080E-03
-30.9808 5.543115E-03
-30.9608 5.580529E-03
-30.9408 5.618327E-03
-30.9208 5.656517E-03
-30.9008 5.695104E-03
-30.8808 5.734097E-03
-30.8608 5.773492E-03
-30.8408 5.813306E-03
-30.8208 5.853538E-03
-30.8008 5.894194E-03
-30.7807 5.935285E-03
-30.7607 5.976808E-03
-30.7407 6.018780E-03
-30.7207 6.061201E-03
-30.7007 6.104080E-03
-30.6807 6.147422E-03
-30.6607 6.191237E-03
-30.6407 6.235526E-03
-30.6207 6.280300E-03
-30.6007 6.325562E-03
-30.5806 6.371327E-03
-30.5606 6.417596E-03
-30.5406 6.464378E-03
-30.5206 6.511683E-03
-30.5006 6.559517E-03
-30.4806 6.607886E-03
-30.4606 6.656802E-03
-30.4406 6.706268E-03
-30.4206 6.756297E-03
-30.4006 6.806896E-03
-30.3805 6.858074E-03
-30.3605 6.909840E-03
-30.3405 6.962204E-03
-30.3205 7.015174E-03
-30.3005 7.068756E-03
-30.2805 7.122966E-03
-30.2605 7.177811E-03
-30.2405 7.233301E-03
-30.2205 7.289446E-03
-30.2005 7.346256E-03
-30.1804 7.403743E-03
-30.1604 7.461915E-03
-30.1404 7.520786E-03
-30.1204 7.580369E-03
-30.1004 7.640667E-03
-30.0804 7.701701E-03
-30.0604 7.763480E-03
-30.0404 7.826014E-03
-30.0204 7.889317E-03
-30.0004 7.953404E-03
-29.9803 8.018285E-03
-29.9603 8.083972E-03
-29.9403 8.150480E-03
-29.9203 8.217826E-03
-29.9003 8.286021E-03
-29.8803 8.355082E-03
-29.8603 8.425020E-03
-29.8403 8.495849E-03
-29.8203 8.567591E-03
-29.8003 8.640254E-03
-29.7802 8.713862E-03
-29.7602 8.788423E-03
-29.7402 8.863962E-03
-29.7202 8.940488E-03
-29.7002 9.018024E-03
-29.6802 9.096586E-03
-29.6602 9.176193E-03
-29.6402 9.256865E-03
-29.6202 9.338621E-03
-29.6002 9.421476E-03
-29.5801 9.505454E-03
-29.5601 9.590570E-03
-29.5401 9.676853E-03
-29.5201 9.764325E-03
-29.5001 9.852995E-03
-29.4801 9.942901E-03
-29.4601 1.003406E-02
-29.4401 1.012649E-02
-29.4201 1.022022E-02
-29.4001 1.031527E-02
-29.3800 1.041168E-02
-29.3600 1.050946E-02
-29.3400 1.060864E-02
-29.3200 1.070925E-02
-29.3000 1.081132E-02
-29.2800 1.091486E-02
-29.2600 1.101993E-02
-29.2400 1.112654E-02
-29.2200 1.123472E-02
-29.2000 1.134451E-02
-29.1799 1.145594E-02
-29.1599 1.156903E-02
-29.1399 1.168383E-02
-29.1199 1.180037E-02
-29.0999 1.191868E-02
-29.0799 1.203880E-02
-29.0599 1.216078E-02
-29.0399 1.228463E-02
-29.0199 1.241042E-02
-28.9999 1.253817E-02
-28.9798 1.266792E-02
-28.9598 1.279973E-02
-28.9398 1.293363E-02
-28.9198 1.306967E-02
-28.8998 1.320790E-02
-28.8798 1.334835E-02
-28.8598 1.349109E-02
-28.8398 1.363616E-02
-28.8198 1.378360E-02
-28.7998 1.393349E-02
-28.7797 1.408586E-02
-28.7597 1.424078E-02
-28.7397 1.439830E-02
-28.7197 1.455847E-02
-28.6997 1.472137E-02
-28.6797 1.488706E-02
-28.6597 1.505559E-02
-28.6397 1.522704E-02
-28.6197 1.540147E-02
-28.5997 1.557895E-02
-28.5796 1.575956E-02
-28.5596 1.594336E-02
-28.5396 1.613044E-02
-28.5196 1.632087E-02
-28.4996 1.651474E-02
-28.4796 1.671213E-02
-28.4596 1.691313E-02
-28.4396 1.711781E-02
-28.4196 1.732629E-02
-28.3996 1.753864E-02
-28.3795 1.775498E-02
-28.3595 1.797539E-02
-28.3395 1.819999E-02
-28.3195 1.842887E-02
-28.2995 1.866217E-02
-28.2795 1.889997E-02
-28.2595 1.914240E-02
-28.2395 1.938961E-02
-28.2195 1.964168E-02
-28.1995 1.989877E-02
-28.1794 2.016101E-02
-28.1594 2.042854E-02
-28.1394 2.070150E-02
-28.1194 2.098004E-02
-28.0994 2.126432E-02
-28.0794 2.155449E-02
-28.0594 2.185073E-02
-28.0394 2.215320E-02
-28.0194 2.246209E-02
-27.9994 2.277756E-02
-27.9793 2.309982E-02
-27.9593 2.342907E-02
-27.9393 2.376551E-02
-27.9193 2.410935E-02
-27.8993 2.446081E-02
-27.8793 2.482013E-02
-27.8593 2.518754E-02
-27.8393 2.556329E-02
-27.8193 2.594764E-02
-27.7993 2.634084E-02
-27.7792 2.674318E-02
-27.7592 2.715497E-02
-27.7392 2.757648E-02
-27.7192 2.800802E-02
-27.6992 2.844994E-02
-27.6792 2.890257E-02
-27.6592 2.936625E-02
-27.6392 2.984137E-02
-27.6192 3.032829E-02
-27.5992 3.082740E-02
-27.5791 3.133917E-02
-27.5591 3.186399E-02
-27.5391 3.240232E-02
-27.5191 3.295464E-02
-27.4991 3.352146E-02
-27.4791 3.410328E-02
-27.4591 3.470064E-02
-27.4391 3.531411E-02
-27.4191 3.594429E-02
-27.3991 3.659182E-02
-27.3790 3.725729E-02
-27.3590 3.794144E-02
-27.3390 3.864497E-02
-27.3190 3.936862E-02
-27.2990 4.011317E-02
-27.2790 4.087948E-02
-27.2590 4.166838E-02
-27.2390 4.248083E-02
-27.2190 4.331776E-02
-27.1990 4.418017E-02
-27.1789 4.506913E-02
-27.1589 4.598578E-02
-27.1389 4.693134E-02
-27.1189 4.790698E-02
-27.0989 4.891401E-02
-27.0789 4.995391E-02
-27.0589 5.102813E-02
-27.0389 5.213817E-02
-27.0189 5.328570E-02
-26.9989 5.447248E-02
-26.9788 5.570037E-02
-26.9588 5.697128E-02
-26.9388 5.828733E-02
-26.9188 5.965074E-02
-26.8988 6.106387E-02
-26.8788 6.252921E-02
-26.8588 6.404947E-02
-26.8388 6.562739E-02
-26.8188 6.726609E-02
-26.7988 6.896886E-02
-26.7787 7.073906E-02
-26.7587 7.258047E-02
-26.7387 7.449706E-02
-26.7187 7.649313E-02
-26.6987 7.857318E-02
-26.6787 8.074222E-02
-26.6587 8.300557E-02
-26.6387 8.536891E-02
-26.6187 8.783849E-02
-26.5987 9.042098E-02
-26.5786 9.312350E-02
-26.5586 9.595388E-02
-26.5386 9.892089E-02
-26.5186 1.020335E-01
-26.4986 1.053021E-01
-26.4786 1.087374E-01
-26.4586 1.123515E-01
-26.4386 1.161577E-01
-26.4186 1.201705E-01
-26.3986 1.244056E-01
-26.3785 1.288808E-01
-26.3585 1.336154E-01
-26.3385 1.386308E-01
-26.3185 1.439508E-01
-26.2985 1.496024E-01
-26.2785 1.556148E-01
-26.2585 1.620216E-01
-26.2385 1.688599E-01
-26.2185 1.761721E-01
-26.1985 1.840062E-01
-26.1784 1.924162E-01
-26.1584 2.014642E-01
-26.1384 2.112217E-01
-26.1184 2.217703E-01
-26.0984 2.332055E-01
-26.0784 2.456382E-01
-26.0584 2.591988E-01
-26.0384 2.740413E-01
-26.0184 2.903496E-01
-25.9984 3.083435E-01
-25.9783 3.282907E-01
-25.9583 3.505186E-01
-25.9383 3.754342E-01
-25.9183 4.035485E-01
-25.8983 4.355122E-01
-25.8783 4.721697E-01
-25.8583 5.146381E-01
-25.8383 5.644245E-01
-25.8183 6.236127E-01
-25.7983 6.951600E-01
-25.7782 7.833855E-01
-25.7582 8.947607E-01
-25.7382 1.039163E+00
-25.7182 1.231538E+00
-25.6982 1.492373E+00
-25.6782 1.839410E+00
-25.6582 2.251938E+00
-25.6382 2.629763E+00
-25.6182 2.909918E+00
-25.5982 3.218283E+00
-25.5781 3.678152E+00
-25.5581 4.236091E+00
-25.5381 4.791421E+00
-25.5181 5.362752E+00
-25.4981 5.920025E+00
-25.4781 6.367133E+00
-25.4581 6.840856E+00
-25.4381 7.510102E+00
-25.4181 8.352023E+00
-25.3981 9.425139E+00
-25.3780 1.058827E+01
-25.3580 1.115510E+01
-25.3380 1.066066E+01
-25.3180 9.744942E+00
-25.2980 9.248009E+00
-25.2780 9.429828E+00
-25.2580 1.010829E+01
-25.2380 1.065921E+01
-25.2180 1.048652E+01
-25.1980 9.746009E+00
-25.1779 8.908593E+00
-25.1579 8.146997E+00
-25.1379 7.486119E+00
-25.1179 7.088968E+00
-25.0979 7.037650E+00
-25.0779 7.332678E+00
-25.0579 7.973884E+00
-25.0379 8.794715E+00
-25.0179 9.443083E+00
-24.9979 9.708316E+00
-24.9778 9.834063E+00
-24.9578 1.016881E+01
-24.9378 1.075218E+01
-24.9178 1.126438E+01
-24.8978 1.150684E+01
-24.8778 1.144486E+01
-24.8578 1.088481E+01
-24.8378 9.997793E+00
-24.8178 9.245697E+00
-24.7978 8.779111E+00
-24.7777 8.550778E+00
-24.7577 8.610102E+00
-24.7377 8.947519E+00
-24.7177 9.353716E+00
-24.6977 9.479586E+00
-24.6777 9.140543E+00
-24.6577 8.387307E+00
-24.6377 7.164010E+00
-24.6177 5.656979E+00
-24.5977 4.309667E+00
-24.5776 3.303244E+00
-24.5576 2.592733E+00
-24.5376 2.089926E+00
-24.5176 1.725777E+00
-24.4976 1.454588E+00
-24.4776 1.247140E+00
-24.4576 1.084594E+00
-24.4376 9.545354E-01
-24.4176 8.485703E-01
-24.3976 7.608702E-01
-24.3775 6.872943E-01
-24.3575 6.248305E-01
-24.3375 5.712469E-01
-24.3175 5.248567E-01
-24.2975 4.843652E-01
-24.2775 4.487644E-01
-24.2575 4.172588E-01
-24.2375 3.892130E-01
-24.2175 3.641139E-01
-24.1975 3.415422E-01
-24.1774 3.211543E-01
-24.1574 3.026631E-01
-24.1374 2.858298E-01
-24.1174 2.704529E-01
-24.0974 2.563615E-01
-24.0774 2.434099E-01
-24.0574 2.314732E-01
-24.0374 2.204434E-01
-24.0174 2.102271E-01
-23.9974 2.007429E-01
-23.9773 1.919198E-01
-23.9573 1.836953E-01
-23.9373 1.760144E-01
-23.9173 1.688282E-01
-23.8973 1.620939E-01
-23.8773 1.557729E-01
-23.8573 1.498308E-01
-23.8373 1.442369E-01
-23.8173 1.389637E-01
-23.7973 1.339862E-01
-23.7772 1.292820E-01
-23.7572 1.248309E-01
-23.7372 1.206144E-01
-23.7172 1.166159E-01
-23.6972 1.128202E-01
-23.6772 1.092133E-01
-23.6572 1.057826E-01
-23.6372 1.025165E-01
-23.6172 9.940443E-02
-23.5972 9.643644E-02
-23.5771 9.360358E-02
-23.5571 9.089761E-02
-23.5371 8.831086E-02
-23.5171 8.583622E-02
-23.4971 8.346720E-02
-23.4771 8.119773E-02
-23.4571 7.902215E-02
-23.4371 7.693524E-02
-23.4171 7.493216E-02
-23.3971 7.300837E-02
-23.3770 7.115966E-02
-23.3570 6.938209E-02
-23.3370 6.767198E-02
-23.3170 6.602591E-02
-23.2970 6.444061E-02
-23.2770 6.291311E-02
-23.2570 6.144054E-02
-23.2370 6.002030E-02
-23.2170 5.864988E-02
-23.1970 5.732692E-02
-23.1769 5.604923E-02
-23.1569 5.481472E-02
-23.1369 5.362144E-02
-23.1169 5.246755E-02
-23.0969 5.135130E-02
-23.0769 5.027105E-02
-23.0569 4.922524E-02
-23.0369 4.821239E-02
-23.0169 4.723113E-02
-22.9969 4.628012E-02
-22.9768 4.535813E-02
-22.9568 4.446396E-02
-22.9368 4.359649E-02
-22.9168 4.275466E-02
-22.8968 4.193745E-02
-22.8768 4.114389E-02
-22.8568 4.037307E-02
-22.8368 3.962412E-02
-22.8168 3.889621E-02
-22.7968 3.818855E-02
-22.7767 3.750039E-02
-22.7567 3.683100E-02
-22.7367 3.617971E-02
-22.7167 3.554586E-02
-22.6967 3.492882E-02
-22.6767 3.432800E-02
-22.6567 3.374283E-02
-22.6367 3.317276E-02
-22.6167 3.261728E-02
-22.5967 3.207588E-02
-22.5766 3.154809E-02
-22.5566 3.103346E-02
-22.5366 3.053154E-02
-22.5166 3.004191E-02
-22.4966 2.956418E-02
-22.4766 2.909796E-02
-22.4566 2.864288E-02
-22.4366 2.819857E-02
-22.4166 2.776471E-02
-22.3966 2.734096E-02
-22.3765 2.692701E-02
-22.3565 2.652255E-02
-22.3365 2.612731E-02
-22.3165 2.574099E-02
-22.2965 2.536333E-02
-22.2765 2.499406E-02
-22.2565 2.463295E-02
-22.2365 2.427975E-02
-22.2165 2.393423E-02
-22.1965 2.359617E-02
-22.1764 2.326535E-02
-22.1564 2.294156E-02
-22.1364 2.262461E-02
-22.1164 2.231431E-02
-22.0964 2.201046E-02
-22.0764 2.171290E-02
-22.0564 2.142144E-02
-22.0364 2.113591E-02
-22.0164 2.085617E-02
-21.9964 2.058205E-02
-21.9763 2.031341E-02
-21.9563 2.005009E-02
-21.9363 1.979196E-02
-21.9163 1.953888E-02
-21.8963 1.929072E-02
-21.8763 1.904735E-02
-21.8563 1.880865E-02
-21.8363 1.857449E-02
-21.8163 1.834478E-02
-21.7963 1.811938E-02
-21.7762 1.789820E-02
-21.7562 1.768113E-02
-21.7362 1.746807E-02
-21.7162 1.725892E-02
-21.6962 1.705358E-02
-21.6762 1.685197E-02
-21.6562 1.665398E-02
-21.6362 1.645955E-02
-21.6162 1.626857E-02
-21.5962 1.608098E-02
-21.5761 1.589668E-02
-21.5561 1.571561E-02
-21.5361 1.553768E-02
-21.5161 1.536284E-02
-21.4961 1.519099E-02
-21.4761 1.502208E-02
-21.4561 1.485604E-02
-21.4361 1.469281E-02
-21.4161 1.453232E-02
-21.3961 1.437452E-02
-21.3760 1.421933E-02
-21.3560 1.406671E-02
-21.3360 1.391660E-02
-21.3160 1.376894E-02
-21.2960 1.362369E-02
-21.2760 1.348078E-02
-21.2560 1.334017E-02
-21.2360 1.320181E-02
-21.2160 1.306565E-02
-21.1960 1.293165E-02
-21.1759 1.279976E-02
-21.1559 1.266993E-02
-21.1359 1.254213E-02
-21.1159 1.241631E-02
-21.0959 1.229244E-02
-21.0759 1.217047E-02
-21.0559 1.205036E-02
-21.0359 1.193208E-02
-21.0159 1.181558E-02
-20.9959 1.170085E-02
-20.9758 1.158783E-02
-20.9558 1.147649E-02
-20.9358 1.136681E-02
-20.9158 1.125875E-02
-20.8958 1.115228E-02
-20.8758 1.104737E-02
-20.8558 1.094399E-02
-20.8358 1.084210E-02
-20.8158 1.074169E-02
-20.7958 1.064271E-02
-20.7757 1.054516E-02
-20.7557 1.044899E-02
-20.7357 1.035419E-02
-20.7157 1.026073E-02
-20.6957 1.016858E-02
-20.6757 1.007772E-02
-20.6557 9.988123E-03
-20.6357 9.899775E-03
-20.6157 9.812645E-03
-20.5957 9.726715E-03
-20.5756 9.641964E-03
-20.5556 9.558371E-03
-20.5356 9.475911E-03
-20.5156 9.394572E-03
-20.4956 9.314328E-03
-20.4756 9.235161E-03
-20.4556 9.157057E-03
-20.4356 9.079995E-03
-20.4156 9.003956E-03
-20.3956 8.928926E-03
-20.3755 8.854884E-03
-20.3555 8.781817E-03
-20.3355 8.709707E-03
-20.3155 8.638540E-03
-20.2955 8.568296E-03
-20.2755 8.498967E-03
-20.2555 8.430533E-03
-20.2355 8.362980E-03
-20.2155 8.296297E-03
-20.1955 8.230470E-03
-20.1754 8.165483E-03
-20.1554 8.101325E-03
-20.1354 8.037980E-03
-20.1154 7.975444E-03
-20.0954 7.913695E-03
-20.0754 7.852725E-03
-20.0554 7.792529E-03
-20.0354 7.733087E-03
-20.0154 7.674388E-03
-19.9954 7.616429E-03
-19.9753 7.559195E-03
-19.9553 7.502675E-03
-19.9353 7.446861E-03
-19.9153 7.391744E-03
-19.8953 7.337314E-03
-19.8753 7.283565E-03
-19.8553 7.230485E-03
-19.8353 7.178066E-03
-19.8153 7.126306E-03
-19.7953 7.075190E-03
-19.7752 7.024714E-03
-19.7552 6.974872E-03
-19.7352 6.925658E-03
-19.7152 6.877065E-03
-19.6952 6.829090E-03
-19.6752 6.781724E-03
-19.6552 6.734963E-03
-19.6352 6.688804E-03
-19.6152 6.643244E-03
-19.5952 6.598281E-03
-19.5751 6.553912E-03
-19.5551 6.510133E-03
-19.5351 6.466947E-03
-19.5151 6.424348E-03
-19.4951 6.382343E-03
-19.4751 6.340933E-03
-19.4551 6.300114E-03
-19.4351 6.259896E-03
-19.4151 6.220287E-03
-19.3951 6.181289E-03
-19.3750 6.142917E-03
-19.3550 6.105173E-03
-19.3350 6.068079E-03
-19.3150 6.031647E-03
-19.2950 5.995897E-03
-19.2750 5.960856E-03
-19.2550 5.926545E-03
-19.2350 5.893004E-03
-19.2150 5.860265E-03
-19.1950 5.828380E-03
-19.1749 5.797400E-03
-19.1549 5.767394E-03
-19.1349 5.738430E-03
-19.1149 5.710615E-03
-19.0949 5.684058E-03
-19.0749 5.658889E-03
-19.0549 5.635285E-03
-19.0349 5.613445E-03
-19.0149 5.593617E-03
-18.9949 5.576110E-03
-18.9748 5.561328E-03
-18.9548 5.549755E-03
-18.9348 5.542031E-03
-18.9148 5.538966E-03
-18.8948 5.541656E-03
-18.8748 5.551508E-03
-18.8548 5.570471E-03
-18.8348 5.601195E-03
-18.8148 5.647430E-03
-18.7948 5.714513E-03
-18.7747 5.810282E-03
-18.7547 5.946562E-03
-18.7347 6.141518E-03
-18.7147 6.423721E-03
-18.6947 6.838276E-03
-18.6747 7.453602E-03
-18.6547 8.355896E-03
-18.6347 9.583471E-03
-18.6147 1.094633E-02
-18.5947 1.201855E-02
-18.5746 1.255779E-02
-18.5546 1.228886E-02
-18.5346 1.104070E-02
-18.5146 9.445370E-03
-18.4946 8.111228E-03
-18.4746 7.157726E-03
-18.4546 6.500233E-03
-18.4346 6.041227E-03
-18.4146 5.711606E-03
-18.3946 5.467127E-03
-18.3745 5.280038E-03
-18.3545 5.132669E-03
-18.3345 5.013484E-03
-18.3145 4.914849E-03
-18.2945 4.831474E-03
-18.2745 4.759696E-03
-18.2545 4.696887E-03
-18.2345 4.641132E-03
-18.2145 4.591031E-03
-18.1945 4.545469E-03
-18.1744 4.503680E-03
-18.1544 4.464990E-03
-18.1344 4.428932E-03
-18.1144 4.395100E-03
-18.0944 4.363189E-03
-18.0744 4.332907E-03
-18.0544 4.304099E-03
-18.0344 4.276574E-03
-18.0144 4.250196E-03
-17.9944 4.224859E-03
-17.9743 4.200459E-03
-17.9543 4.176895E-03
-17.9343 4.154140E-03
-17.9143 4.132105E-03
-17.8943 4.110751E-03
-17.8743 4.090065E-03
-17.8543 4.069957E-03
-17.8343 4.050478E-03
-17.8143 4.031539E-03
-17.7943 4.013184E-03
-17.7742 3.995289E-03
-17.7542 3.977927E-03
-17.7342 3.961087E-03
-17.7142 3.944761E-03
-17.6942 3.929032E-03
-17.6742 3.913696E-03
-17.6542 3.898933E-03
-17.6342 3.884618E-03
-17.6142 3.871001E-03
-17.5942 3.857754E-03
-17.5741 3.845057E-03
-17.5541 3.833027E-03
-17.5341 3.821508E-03
-17.5141 3.810889E-03
-17.4941 3.800747E-03
-17.4741 3.791304E-03
-17.4541 3.782513E-03
-17.4341 3.774702E-03
-17.4141 3.767573E-03
-17.3941 3.761413E-03
-17.3740 3.756337E-03
-17.3540 3.752315E-03
-17.3340 3.749992E-03
-17.3140 3.748132E-03
-17.2940 3.748848E-03
-17.2740 3.750777E-03
-17.2540 3.754855E-03
-17.2340 3.761227E-03
-17.2140 3.770091E-03
-17.1940 3.781537E-03
-17.1739 3.799973E-03
-17.1539 3.819912E-03
-17.1339 3.849642E-03
-17.1139 3.889085E-03
-17.0939 3.940426E-03
-17.0739 4.004881E-03
-17.0539 4.077936E-03
-17.0339 4.171673E-03
-17.0139 4.277267E-03
-16.9939 4.425992E-03
-16.9738 4.629524E-03
-16.9538 4.852542E-03
-16.9338 5.020210E-03
-16.9138 5.066265E-03
-16.8938 4.996257E-03
-16.8738 4.934407E-03
-16.8538 5.149195E-03
-16.8338 5.218658E-03
-16.8138 5.554051E-03
-16.7938 6.076865E-03
-16.7737 6.180105E-03
-16.7537 6.155157E-03
-16.7337 7.276554E-03
-16.7137 1.041306E-02
-16.6937 1.256849E-02
-16.6737 1.440078E-02
-16.6537 1.590348E-02
-16.6337 1.708196E-02
-16.6137 1.777916E-02
-16.5937 1.800286E-02
-16.5736 1.828727E-02
-16.5536 1.823897E-02
-16.5336 1.807764E-02
-16.5136 1.759552E-02
-16.4936 1.696235E-02
-16.4736 1.621505E-02
-16.4536 1.542547E-02
-16.4336 1.464948E-02
-16.4136 1.391912E-02
-16.3936 1.324012E-02
-16.3735 1.262698E-02
-16.3535 1.207996E-02
-16.3335 1.159223E-02
-16.3135 1.115248E-02
-16.2935 1.076095E-02
-16.2735 1.040683E-02
-16.2535 1.009892E-02
-16.2335 9.817660E-03
-16.2135 9.566138E-03
-16.1935 9.340487E-03
-16.1734 9.134426E-03
-16.1534 8.948958E-03
-16.1334 8.781694E-03
-16.1134 8.630444E-03
-16.0934 8.491449E-03
-16.0734 8.366354E-03
-16.0534 8.252073E-03
-16.0334 8.146958E-03
-16.0134 8.052950E-03
-15.9934 7.966487E-03
-15.9733 7.887234E-03
-15.9533 7.816302E-03
-15.9333 7.752127E-03
-15.9133 7.694226E-03
-15.8933 7.641483E-03
-15.8733 7.593583E-03
-15.8533 7.551572E-03
-15.8333 7.514420E-03
-15.8133 7.481288E-03
-15.7933 7.452608E-03
-15.7732 7.428107E-03
-15.7532 7.407228E-03
-15.7332 7.390258E-03
-15.7132 7.377372E-03
-15.6932 7.367473E-03
-15.6732 7.361456E-03
-15.6532 7.358714E-03
-15.6332 7.359436E-03
-15.6132 7.363575E-03
-15.5932 7.371519E-03
-15.5731 7.382330E-03
-15.5531 7.396867E-03
-15.5331 7.414411E-03
-15.5131 7.435532E-03
-15.4931 7.459667E-03
-15.4731 7.487539E-03
-15.4531 7.518728E-03
-15.4331 7.554059E-03
-15.4131 7.593709E-03
-15.3931 7.637699E-03
-15.3730 7.687193E-03
-15.3530 7.741567E-03
-15.3330 7.801219E-03
-15.3130 7.866006E-03
-15.2930 7.935712E-03
-15.2730 8.009515E-03
-15.2530 8.086625E-03
-15.2330 8.164936E-03
-15.2130 8.242639E-03
-15.1930 8.317546E-03
-15.1729 8.387832E-03
-15.1529 8.451629E-03
-15.1329 8.508157E-03
-15.1129 8.557442E-03
-15.0929 8.600728E-03
-15.0729 8.639539E-03
-15.0529 8.675678E-03
-15.0329 8.710927E-03
-15.0129 8.746752E-03
-14.9929 8.784503E-03
-14.9728 8.824768E-03
-14.9528 8.868249E-03
-14.9328 8.915271E-03
-14.9128 8.966051E-03
-14.8928 9.020524E-03
-14.8728 9.078615E-03
-14.8528 9.140080E-03
-14.8328 9.205096E-03
-14.8128 9.273465E-03
-14.7928 9.344672E-03
-14.7727 9.418988E-03
-14.7527 9.496239E-03
-14.7327 9.575993E-03
-14.7127 9.658478E-03
-14.6927 9.743233E-03
-14.6727 9.830458E-03
-14.6527 9.919771E-03
-14.6327 1.001127E-02
-14.6127 1.010478E-02
-14.5927 1.020031E-02
-14.5726 1.029750E-02
-14.5526 1.039665E-02
-14.5326 1.049733E-02
-14.5126 1.059964E-02
-14.4926 1.070348E-02
-14.4726 1.080877E-02
-14.4526 1.091535E-02
-14.4326 1.102312E-02
-14.4126 1.113219E-02
-14.3926 1.124230E-02
-14.3725 1.135336E-02
-14.3525 1.146550E-02
-14.3325 1.157850E-02
-14.3125 1.169216E-02
-14.2925 1.180663E-02
-14.2725 1.192166E-02
-14.2525 1.203725E-02
-14.2325 1.215333E-02
-14.2125 1.226974E-02
-14.1925 1.238649E-02
-14.1724 1.250348E-02
-14.1524 1.262058E-02
-14.1324 1.273786E-02
-14.1124 1.285511E-02
-14.0924 1.297226E-02
-14.0724 1.308926E-02
-14.0524 1.320602E-02
-14.0324 1.332246E-02
-14.0124 1.343847E-02
-13.9924 1.355408E-02
-13.9723 1.366913E-02
-13.9523 1.378360E-02
-13.9323 1.389728E-02
-13.9123 1.401031E-02
-13.8923 1.412244E-02
-13.8723 1.423366E-02
-13.8523 1.434381E-02
-13.8323 1.445302E-02
-13.8123 1.456105E-02
-13.7923 1.466784E-02
-13.7722 1.477330E-02
-13.7522 1.487754E-02
-13.7322 1.498030E-02
-13.7122 1.508160E-02
-13.6922 1.518135E-02
-13.6722 1.527953E-02
-13.6522 1.537597E-02
-13.6322 1.547083E-02
-13.6122 1.556381E-02
-13.5922 1.565499E-02
-13.5721 1.574436E-02
-13.5521 1.583173E-02
-13.5321 1.591731E-02
-13.5121 1.600086E-02
-13.4921 1.608246E-02
-13.4721 1.616204E-02
-13.4521 1.623968E-02
-13.4321 1.631524E-02
-13.4121 1.638886E-02
-13.3921 1.646039E-02
-13.3720 1.653001E-02
-13.3520 1.659770E-02
-13.3320 1.666337E-02
-13.3120 1.672717E-02
-13.2920 1.678914E-02
-13.2720 1.684930E-02
-13.2520 1.690770E-02
-13.2320 1.696436E-02
-13.2120 1.701943E-02
-13.1920 1.707293E-02
-13.1719 1.712497E-02
-13.1519 1.717557E-02
-13.1319 1.722485E-02
-13.1119 1.727292E-02
-13.0919 1.731984E-02
-13.0719 1.736568E-02
-13.0519 1.741059E-02
-13.0319 1.745464E-02
-13.0119 1.749790E-02
-12.9919 1.754053E-02
-12.9718 1.758260E-02
-12.9518 1.762421E-02
-12.9318 1.766547E-02
-12.9118 1.770642E-02
-12.8918 1.774724E-02
-12.8718 1.778795E-02
-12.8518 1.782867E-02
-12.8318 1.786945E-02
-12.8118 1.791045E-02
-12.7918 1.795154E-02
-12.7717 1.799298E-02
-12.7517 1.803478E-02
-12.7317 1.807697E-02
-12.7117 1.811954E-02
-12.6917 1.816263E-02
-12.6717 1.820622E-02
-12.6517 1.825032E-02
-12.6317 1.829498E-02
-12.6117 1.834025E-02
-12.5917 1.838612E-02
-12.5716 1.843260E-02
-12.5516 1.847973E-02
-12.5316 1.852745E-02
-12.5116 1.857589E-02
-12.4916 1.862497E-02
-12.4716 1.867472E-02
-12.4516 1.872522E-02
-12.4316 1.877637E-02
-12.4116 1.882828E-02
-12.3916 1.888090E-02
-12.3715 1.893426E-02
-12.3515 1.898841E-02
-12.3315 1.904331E-02
-12.3115 1.909903E-02
-12.2915 1.915556E-02
-12.2715 1.921293E-02
-12.2515 1.927119E-02
-12.2315 1.933031E-02
-12.2115 1.939037E-02
-12.1915 1.945131E-02
-12.1714 1.951324E-02
-12.1514 1.957616E-02
-12.1314 1.964005E-02
-12.1114 1.970496E-02
-12.0914 1.977095E-02
-12.0714 1.983797E-02
-12.0514 1.990610E-02
-12.0314 1.997530E-02
-12.0114 2.004568E-02
-11.9914 2.011719E-02
-11.9713 2.018981E-02
-11.9513 2.026364E-02
-11.9313 2.033865E-02
-11.9113 2.041480E-02
-11.8913 2.049222E-02
-11.8713 2.057081E-02
-11.8513 2.065060E-02
-11.8313 2.073161E-02
-11.8113 2.081386E-02
-11.7913 2.089728E-02
-11.7712 2.098189E-02
-11.7512 2.106770E-02
-11.7312 2.115471E-02
-11.7112 2.124289E-02
-11.6912 2.133221E-02
-11.6712 2.142266E-02
-11.6512 2.151420E-02
-11.6312 2.160684E-02
-11.6112 2.170056E-02
-11.5912 2.102086E-02
-11.5711 2.189102E-02
-11.5511 2.198772E-02
-11.5311 2.208529E-02
-11.5111 2.218375E-02
-11.4911 2.228309E-02
-11.4711 2.238316E-02
-11.4511 2.248403E-02
-11.4311 2.258553E-02
-11.4111 2.268768E-02
-11.3911 2.279038E-02
-11.3710 2.289362E-02
-11.3510 2.299732E-02
-11.3310 2.217985E-02
-11.3110 2.320576E-02
-11.2910 2.331044E-02
-11.2710 2.166493E-02
-11.2510 2.352028E-02
-11.2310 2.362531E-02
-11.2110 2.373036E-02
-11.1910 2.383534E-02
-11.1709 2.394016E-02
-11.1509 2.404476E-02
-11.1309 2.414912E-02
-11.1109 2.425313E-02
-11.0909 2.435674E-02
-11.0709 2.445992E-02
-11.0509 2.456255E-02
-11.0309 2.466466E-02
-11.0109 2.255464E-02
-10.9909 2.486699E-02
-10.9708 2.496711E-02
-10.9508 2.401164E-02
-10.9308 2.516515E-02
-10.9108 2.526296E-02
-10.8908 2.535999E-02
-10.8708 2.545617E-02
-10.8508 2.555147E-02
-10.8308 2.564594E-02
-10.8108 2.573951E-02
-10.7908 2.583224E-02
-10.7707 2.592411E-02
-10.7507 2.601513E-02
-10.7307 2.610530E-02
-10.7107 2.619469E-02
-10.6907 2.391566E-02
-10.6707 2.637113E-02
-10.6507 2.519247E-02
-10.6307 2.654472E-02
-10.6107 2.663052E-02
-10.5907 2.671577E-02
-10.5706 2.680044E-02
-10.5506 2.688461E-02
-10.5306 2.696836E-02
-10.5106 2.705171E-02
-10.4906 2.713475E-02
-10.4706 2.721752E-02
-10.4506 2.730006E-02
-10.4306 2.738242E-02
-10.4106 2.746471E-02
-10.3906 2.754698E-02
-10.3705 2.545575E-02
-10.3505 2.771163E-02
-10.3305 2.657633E-02
-10.3105 2.787686E-02
-10.2905 2.795982E-02
-10.2705 2.804309E-02
-10.2505 2.812676E-02
-10.2305 2.821082E-02
-10.2105 2.829537E-02
-10.1905 2.838046E-02
-10.1704 2.846609E-02
-10.1504 2.855235E-02
-10.1304 2.863928E-02
-10.1104 2.872692E-02
-10.0904 2.881531E-02
-10.0704 2.890448E-02
-10.0504 2.727000E-02
-10.0304 2.908533E-02
-10.0104 2.817186E-02
-9.9904 2.926980E-02
-9.9703 2.936345E-02
-9.9503 2.945809E-02
-9.9303 2.955380E-02
-9.9103 2.965052E-02
-9.8903 2.974832E-02
-9.8703 2.984721E-02
-9.8503 2.994727E-02
-9.8303 3.004840E-02
-9.8103 3.015078E-02
-9.7903 3.025433E-02
-9.7702 3.035908E-02
-9.7502 3.046505E-02
-9.7302 2.942108E-02
-9.7102 3.068079E-02
-9.6902 3.007343E-02
-9.6702 3.090168E-02
-9.6502 3.101409E-02
-9.6302 3.112781E-02
-9.6102 3.124289E-02
-9.5902 3.135936E-02
-9.5701 3.147717E-02
-9.5501 3.159645E-02
-9.5301 3.171709E-02
-9.5101 3.183916E-02
-9.4901 3.196265E-02
-9.4701 3.208764E-02
-9.4501 3.221409E-02
-9.4301 3.234203E-02
-9.4101 3.195756E-02
-9.3901 3.260243E-02
-9.3700 3.234433E-02
-9.3500 3.286896E-02
-9.3300 3.300459E-02
-9.3100 3.314173E-02
-9.2900 3.328052E-02
-9.2700 3.342092E-02
-9.2500 3.356290E-02
-9.2300 3.370656E-02
-9.2100 3.385185E-02
-9.1900 3.399882E-02
-9.1699 3.414749E-02
-9.1499 3.429779E-02
-9.1299 3.444983E-02
-9.1099 3.460359E-02
-9.0899 3.485327E-02
-9.0699 3.491629E-02
-9.0499 3.502894E-02
-9.0299 3.523594E-02
-9.0099 3.539839E-02
-8.9899 3.556261E-02
-8.9698 3.572863E-02
-8.9498 3.589635E-02
-8.9298 3.606587E-02
-8.9098 3.623713E-02
-8.8898 3.641014E-02
-8.8698 3.658489E-02
-8.8498 3.676142E-02
-8.8298 3.693960E-02
-8.8098 3.711952E-02
-8.7898 3.730110E-02
-8.7697 3.790742E-02
-8.7497 3.766923E-02
-8.7297 3.807674E-02
-8.7097 3.804377E-02
-8.6897 3.823337E-02
-8.6697 3.842441E-02
-8.6497 3.861696E-02
-8.6297 3.881087E-02
-8.6097 3.900614E-02
-8.5897 3.920266E-02
-8.5696 3.940045E-02
-8.5496 3.959937E-02
-8.5296 3.979939E-02
-8.5096 4.000042E-02
-8.4896 4.020239E-02
-8.4696 4.040526E-02
-8.4496 4.077715E-02
-8.4296 4.081315E-02
-8.4096 4.124169E-02
-8.3896 4.122348E-02
-8.3695 4.142929E-02
-8.3495 4.163541E-02
-8.3295 4.184174E-02
-8.3095 4.204817E-02
-8.2895 4.225457E-02
-8.2695 4.246090E-02
-8.2495 4.266699E-02
-8.2295 4.287274E-02
-8.2095 4.307805E-02
-8.1895 4.328285E-02
-8.1694 4.348693E-02
-8.1494 4.369029E-02
-8.1294 4.322505E-02
-8.1094 4.409430E-02
-8.0894 4.415148E-02
-8.0694 4.449395E-02
-8.0494 4.469194E-02
-8.0294 4.488853E-02
-8.0094 4.508368E-02
-7.9894 4.527729E-02
-7.9693 4.546929E-02
-7.9493 4.565957E-02
-7.9293 4.584809E-02
-7.9093 4.603478E-02
-7.8893 4.621958E-02
-7.8693 4.640243E-02
-7.8493 4.658330E-02
-7.8293 4.676214E-02
-7.8093 4.529155E-02
-7.7893 4.711354E-02
-7.7692 4.658848E-02
-7.7492 4.745647E-02
-7.7292 4.762472E-02
-7.7092 4.779084E-02
-7.6892 4.795480E-02
-7.6692 4.811659E-02
-7.6492 4.827631E-02
-7.6292 4.843389E-02
-7.6092 4.858937E-02
-7.5892 4.874282E-02
-7.5691 4.889427E-02
-7.5491 4.904369E-02
-7.5291 4.919119E-02
-7.5091 4.933678E-02
-7.4891 4.714761E-02
-7.4691 4.962250E-02
-7.4491 4.863259E-02
-7.4291 4.990120E-02
-7.4091 5.003806E-02
-7.3891 5.017334E-02
-7.3690 5.030710E-02
-7.3490 5.043940E-02
-7.3290 5.057032E-02
-7.3090 5.069986E-02
-7.2890 5.082812E-02
-7.2690 5.095518E-02
-7.2490 5.108105E-02
-7.2290 5.120580E-02
-7.2090 5.132951E-02
-7.1890 5.145216E-02
-7.1689 4.888269E-02
-7.1489 5.169468E-02
-7.1289 5.046826E-02
-7.1089 5.193372E-02
-7.0889 5.205204E-02
-7.0689 5.216961E-02
-7.0489 5.228645E-02
-7.0289 5.240264E-02
-7.0089 5.251816E-02
-6.9889 5.263304E-02
-6.9688 5.274733E-02
-6.9488 5.286105E-02
-6.9288 5.297418E-02
-6.9088 5.308679E-02
-6.8888 5.319884E-02
-6.8688 5.331035E-02
-6.8488 5.050704E-02
-6.8288 5.353189E-02
-6.8088 5.217646E-02
-6.7888 5.375138E-02
-6.7687 5.386039E-02
-6.7487 5.396888E-02
-6.7287 5.407688E-02
-6.7087 5.418436E-02
-6.6887 5.429131E-02
-6.6687 5.439778E-02
-6.6487 5.450374E-02
-6.6287 5.460913E-02
-6.6087 5.471405E-02
-6.5887 5.481840E-02
-6.5686 5.492224E-02
-6.5486 5.502554E-02
-6.5286 5.212584E-02
-6.5086 5.523056E-02
-6.4886 5.377003E-02
-6.4686 5.543346E-02
-6.4486 5.553414E-02
-6.4286 5.563432E-02
-6.4086 5.573393E-02
-6.3886 5.583313E-02
-6.3685 5.593185E-02
-6.3485 5.603014E-02
-6.3285 5.612800E-02
-6.3085 5.622550E-02
-6.2885 5.632262E-02
-6.2685 5.641946E-02
-6.2485 5.651601E-02
-6.2285 5.661228E-02
-6.2085 5.407082E-02
-6.1885 5.680446E-02
-6.1684 5.538716E-02
-6.1484 5.699638E-02
-6.1284 5.709242E-02
-6.1084 5.718861E-02
-6.0884 5.728495E-02
-6.0684 5.738165E-02
-6.0484 5.747875E-02
-6.0284 5.757631E-02
-6.0084 5.767445E-02
-5.9884 5.777326E-02
-5.9683 5.787288E-02
-5.9483 5.797332E-02
-5.9283 5.807486E-02
-5.9083 5.817745E-02
-5.8883 5.679662E-02
-5.8683 5.838649E-02
-5.8483 5.740717E-02
-5.8283 5.860152E-02
-5.8083 5.871155E-02
-5.7883 5.882346E-02
-5.7682 5.893743E-02
-5.7482 5.905351E-02
-5.7282 5.917184E-02
-5.7082 5.929265E-02
-5.6882 5.941599E-02
-5.6682 5.954204E-02
-5.6482 5.967086E-02
-5.6282 5.980270E-02
-5.6082 5.993758E-02
-5.5882 6.007569E-02
-5.5681 6.049696E-02
-5.5481 6.036204E-02
-5.5281 6.030027E-02
-5.5081 6.066274E-02
-5.4881 6.081875E-02
-5.4681 6.097866E-02
-5.4481 6.114256E-02
-5.4281 6.131063E-02
-5.4081 6.148277E-02
-5.3881 6.165924E-02
-5.3680 6.183994E-02
-5.3480 6.202504E-02
-5.3280 6.221460E-02
-5.3080 6.240857E-02
-5.2880 6.260700E-02
-5.2680 6.280993E-02
-5.2480 5.248132E-02
-5.2280 6.322920E-02
-5.2080 6.419420E-02
-5.1880 6.366619E-02
-5.1679 6.389123E-02
-5.1479 6.412045E-02
-5.1279 6.435393E-02
-5.1079 6.459150E-02
-5.0879 6.483296E-02
-5.0679 6.507823E-02
-5.0479 6.532727E-02
-5.0279 6.557969E-02
-5.0079 6.583545E-02
-4.9879 6.609441E-02
-4.9678 6.635618E-02
-4.9478 6.662065E-02
-4.9278 5.512215E-02
-4.9078 6.715662E-02
-4.8878 5.545506E-02
