# # Once                                                         FEFF 10.0.0 
# # POT  SCF  60  4.0000   0, NO core-hole, AFOLP (folp(0)= 1.150)
# # Abs   Z=29 Rmt= 1.362 Rnm= 1.399 L3 shell
# #   RGRID 0.0100
# # Pot 1 Z=29 Rmt= 1.362 Rnm= 1.399
# # Gam_ch=5.960E-01 H-L exch Vi= 1.113E+00 Vr= 2.541E+00
# # Mu=-7.598E+00eV kf=2.014E+00 Vint=-1.629E+01eV Rs_int= 1.801
# FMS rfms= 8.0000
# # PATH  Rmax=-1.000,  Keep_limit= 0.00, Heap_limit 0.00  Pwcrit= 2.50%
#  S02=1.000  Temp=   0.00  Debye_temp=   0.00  Global_sig2= 0.00000
#  Energy zero shift, vr, vi    0.00000E+00   0.00000E+00
#  Curved wave amplitude ratio filter   4.000%
#     file         sig2 tot  cw amp ratio   deg  nlegs   reff  inp sig2
#     0/   0 paths used
#  xsedge+ 50, used to normalize mu           1.0000E+00
#  -----------------------------------------------------------------------
#  omega    e    k    mu    mu0     chi     @#
       884.1005792663      -59.5638580000       -3.6017350505    1.0355284317E-04    8.0166413565E-05    2.3386429602E-05
       894.1005792663      -49.5638580000       -3.2168016509    1.5198154921E-04    1.1548409132E-04    3.6497457887E-05
       904.1005792663      -39.5638580000       -2.7790520593    2.5027498478E-04    1.8557542368E-04    6.4699561101E-05
       914.1005792663      -29.5638580000       -2.2579739942    5.1131442290E-04    3.6701471543E-04    1.4429970746E-04
       915.6005792663      -28.0638580000       -2.1690422758    5.8749952997E-04    4.1930630685E-04    1.6819322312E-04
       917.1005792663      -26.5638580000       -2.0763048438    6.8369279682E-04    4.8519171273E-04    1.9850108409E-04
       918.6005792663      -25.0638580000       -1.9792269235    8.0791343652E-04    5.7019136638E-04    2.3772207014E-04
       920.1005792663      -23.5638580000       -1.8771352742    9.7177938936E-04    6.8209338352E-04    2.8968600584E-04
       921.6005792663      -22.0638580000       -1.7691620787    1.1949743597E-03    8.3447581652E-04    3.6049854323E-04
       923.1005792663      -20.5638580000       -1.6541560035    1.5110262665E-03    1.0506790732E-03    4.6034719328E-04
       924.1005292663      -19.5639080000       -1.5728244710    1.8016294165E-03    1.2502359788E-03    5.5139343765E-04
       924.5714162663      -19.0930210000       -1.5330309408    1.9699391523E-03    1.3662257976E-03    6.0371335471E-04
       924.6005792663      -19.0638580000       -1.5305324218    1.9811635800E-03    1.3739726060E-03    6.0719097407E-04
       925.0423032663      -18.6221340000       -1.4921765695    2.1641678621E-03    1.5004896502E-03    6.6367821195E-04
       925.5131902663      -18.1512470000       -1.4501717014    2.3899974530E-03    1.6571829104E-03    7.3281454257E-04
       925.9840772663      -17.6803600000       -1.4069133681    2.6547575822E-03    1.8417215166E-03    8.1303606558E-04
       926.4549642663      -17.2094730000       -1.3622819317    2.9680276379E-03    2.0612675958E-03    9.0676004214E-04
       926.9258512663      -16.7385860000       -1.3161380740    3.3425173136E-03    2.3254489363E-03    1.0170683774E-03
       927.3967382663      -16.2676990000       -1.2683163534    3.7953683037E-03    2.6474328466E-03    1.1479354572E-03
       927.8676252663      -15.7968120000       -1.2186195609    4.3501268307E-03    3.0455945372E-03    1.3045322935E-03
       928.3385122663      -15.3259250000       -1.1668078121    5.0397593266E-03    3.5461149182E-03    1.4936444084E-03
       928.8093992663      -14.8550380000       -1.1125861040    5.9114541359E-03    4.1872344921E-03    1.7242196438E-03
       929.2802862663      -14.3841510000       -1.0555827243    7.0342013547E-03    5.0261395529E-03    2.0080618018E-03
       929.7511732663      -13.9132640000       -0.9953199638    8.5111577925E-03    6.1504885237E-03    2.3606692688E-03
       930.2220602663      -13.4423770000       -0.9311653912    1.0499404712E-02    7.6973283840E-03    2.8020763284E-03
       930.6929472663      -12.9714900000       -0.8622505947    1.3240461712E-02    9.8821313842E-03    3.3583303279E-03
       931.1638342663      -12.5006030000       -0.7873266096    1.7102941166E-02    1.3032024087E-02    4.0709170794E-03
       931.6347212663      -12.0297160000       -0.7044787381    2.2620446667E-02    1.7571132696E-02    5.0493139712E-03
       932.1056082663      -11.5588290000       -0.6104894278    3.0441715470E-02    2.3757635658E-02    6.6840798123E-03
       932.5764952663      -11.0879420000       -0.4991036402    4.0991337634E-02    3.0844206623E-02    1.0147131011E-02
       933.0473822663      -10.6170550000       -0.3542760871    5.3643815334E-02    3.6351671640E-02    1.7292143694E-02
       933.5255792663      -10.1388580000        0.0000000000    6.5508793182E-02    3.7884073379E-02    2.7624719803E-02
       933.9891563163       -9.6752809500        0.3488183811    7.0346380219E-02    3.5718555869E-02    3.4627824350E-02
       934.4600433163       -9.2043939500        0.4952445330    6.5306138149E-02    3.1852950972E-02    3.3453187177E-02
       934.9309303163       -8.7335069500        0.6073385369    5.4203036495E-02    2.7730129357E-02    2.6472907138E-02
       935.4018173163       -8.2626199500        0.7017499528    4.3006064616E-02    2.4022756193E-02    1.8983308423E-02
       935.8727043163       -7.7917329500        0.7848859114    3.4164489612E-02    2.0924040562E-02    1.3240449050E-02
       936.3435913163       -7.3208459500        0.8600225840    2.7882436162E-02    1.8564762227E-02    9.3176739349E-03
       936.8144783163       -6.8499589500        0.9291026259    2.3357087983E-02    1.6710473732E-02    6.6466142506E-03
       937.2853653163       -6.3790719500        0.9933904774    1.9935821159E-02    1.5176825420E-02    4.7589957393E-03
       937.7562523163       -5.9081849500        1.0537635368    1.7299510651E-02    1.3914165359E-02    3.3853452924E-03
       938.2271393163       -5.4372979500        1.1108601756    1.5252002014E-02    1.2872518895E-02    2.3794831184E-03
       938.6980263163       -4.9664109500        1.1651622952    1.3682561451E-02    1.2010554391E-02    1.6720070600E-03
       939.1689133163       -4.4955239500        1.2170440112    1.2520788330E-02    1.1292326059E-02    1.2284622707E-03
       939.6398003163       -4.0246369500        1.2668027402    1.1709692689E-02    1.0690127678E-02    1.0195650118E-03
       940.1106873163       -3.5537499500        1.3146794390    1.1181343326E-02    1.0182876316E-02    9.9846701007E-04
       940.5815743163       -3.0828629500        1.3608728736    1.0837952314E-02    9.7534333456E-03    1.0845189687E-03
       941.0524613163       -2.6119759500        1.4055489779    1.0559979448E-02    9.3866650133E-03    1.1733144344E-03
       941.5233483163       -2.1410889500        1.4488481218    1.0260451353E-02    9.0741435196E-03    1.1863078338E-03
       941.9942353163       -1.6702019500        1.4908902100    9.9189789805E-03    8.8039958865E-03    1.1149830941E-03
       942.4651223163       -1.1993149500        1.5317788210    9.5801960842E-03    8.5721417887E-03    1.0080542955E-03
       942.9360093123       -0.7284279540        1.5716040556    9.2966460028E-03    8.3710431983E-03    9.2560280449E-04
       943.4068963123       -0.2575409540        1.6104448054    9.0998788726E-03    8.1972916810E-03    9.0258719164E-04
       943.8777833123        0.2133460460        1.6483705355    8.9783995349E-03    8.0454773064E-03    9.3292222851E-04
       944.1004793123        0.4360420460        1.6660060255    8.9354695007E-03    7.9805187084E-03    9.5495079227E-04
       945.6004793163        1.9360420500        1.7802467396    8.5050637736E-03    7.6278381005E-03    8.7722567316E-04
       947.1004793163        3.4360420500        1.8875860361    7.8078157922E-03    7.4084970420E-03    3.9931875020E-04
       948.6004793163        4.9360420500        1.9891414312    7.2007256526E-03    7.2734724727E-03   -7.2746820100E-05
       950.1004793163        6.4360420500        2.0857577452    6.7701253445E-03    7.1959233094E-03   -4.2579796484E-04
       951.6004793163        7.9360420500        2.1780928326    6.5498839511E-03    7.1603383651E-03   -6.1045441401E-04
       953.1004793163        9.4360420500        2.2666694844    6.5076298324E-03    7.1599944520E-03   -6.5236461967E-04
       954.1005792663       10.4361420000        2.3238513714    6.6030038859E-03    7.1854772660E-03   -5.8247338010E-04
       954.6004792663       10.9360420000        2.3519125654    6.7013883356E-03    7.2069974285E-03   -5.0560909293E-04
       974.1005792663       30.4361420000        3.2633803792    7.3934532748E-03    6.8631742614E-03    5.3027901336E-04
       994.1005792663       50.4361420000        3.9873571920    6.3667074604E-03    6.6006309379E-03   -2.3392347749E-04
      1014.1005792663       70.4361420000        4.5987370443    6.0796149047E-03    6.1951224574E-03   -1.1550755273E-04
      1034.1005792663       90.4361420000        5.1378741552    6.2186460014E-03    5.8585624645E-03    3.6008353692E-04
      1054.1005792663      110.4361420000        5.6255767844    5.4203629611E-03    5.5788382206E-03   -1.5847525946E-04
