-42.5387 5.437264E-04
-42.5187 5.447404E-04
-42.4987 5.457575E-04
-42.4787 5.467775E-04
-42.4587 5.478012E-04
-42.4386 5.488274E-04
-42.4186 5.498567E-04
-42.3986 5.508890E-04
-42.3786 5.519244E-04
-42.3586 5.529630E-04
-42.3386 5.540047E-04
-42.3186 5.550495E-04
-42.2986 5.560974E-04
-42.2786 5.571485E-04
-42.2586 5.582028E-04
-42.2385 5.592602E-04
-42.2185 5.603204E-04
-42.1985 5.613843E-04
-42.1785 5.624513E-04
-42.1585 5.635217E-04
-42.1385 5.645953E-04
-42.1185 5.656717E-04
-42.0985 5.667517E-04
-42.0785 5.678351E-04
-42.0585 5.689219E-04
-42.0384 5.700113E-04
-42.0184 5.711046E-04
-41.9984 5.722014E-04
-41.9784 5.733009E-04
-41.9584 5.744043E-04
-41.9384 5.755111E-04
-41.9184 5.766208E-04
-41.8984 5.777345E-04
-41.8784 5.788510E-04
-41.8584 5.799716E-04
-41.8383 5.810950E-04
-41.8183 5.822225E-04
-41.7983 5.833529E-04
-41.7783 5.844869E-04
-41.7583 5.856248E-04
-41.7383 5.867657E-04
-41.7183 5.879108E-04
-41.6983 5.890587E-04
-41.6783 5.902104E-04
-41.6583 5.913661E-04
-41.6382 5.925249E-04
-41.6182 5.936874E-04
-41.5982 5.948535E-04
-41.5782 5.960232E-04
-41.5582 5.971972E-04
-41.5382 5.983743E-04
-41.5182 5.995551E-04
-41.4982 6.007395E-04
-41.4782 6.019277E-04
-41.4582 6.031197E-04
-41.4381 6.043154E-04
-41.4181 6.055149E-04
-41.3981 6.067183E-04
-41.3781 6.079254E-04
-41.3581 6.091363E-04
-41.3381 6.103511E-04
-41.3181 6.115697E-04
-41.2981 6.127923E-04
-41.2781 6.140181E-04
-41.2581 6.152484E-04
-41.2380 6.164826E-04
-41.2180 6.177208E-04
-41.1980 6.189626E-04
-41.1780 6.202085E-04
-41.1580 6.214587E-04
-41.1380 6.227128E-04
-41.1180 6.239704E-04
-41.0980 6.252326E-04
-41.0780 6.264983E-04
-41.0580 6.277686E-04
-41.0379 6.290426E-04
-41.0179 6.303212E-04
-40.9979 6.316033E-04
-40.9779 6.328901E-04
-40.9579 6.341806E-04
-40.9379 6.354758E-04
-40.9179 6.367747E-04
-40.8979 6.380778E-04
-40.8779 6.393856E-04
-40.8579 6.406972E-04
-40.8378 6.420131E-04
-40.8178 6.433333E-04
-40.7978 6.446583E-04
-40.7778 6.459872E-04
-40.7578 6.473204E-04
-40.7378 6.486580E-04
-40.7178 6.499999E-04
-40.6978 6.513463E-04
-40.6778 6.526972E-04
-40.6578 6.540525E-04
-40.6377 6.554122E-04
-40.6177 6.567765E-04
-40.5977 6.581453E-04
-40.5777 6.595186E-04
-40.5577 6.608965E-04
-40.5377 6.622790E-04
-40.5177 6.636660E-04
-40.4977 6.650571E-04
-40.4777 6.664534E-04
-40.4577 6.678544E-04
-40.4376 6.692595E-04
-40.4176 6.706698E-04
-40.3976 6.720849E-04
-40.3776 6.735041E-04
-40.3576 6.749287E-04
-40.3376 6.763575E-04
-40.3176 6.777918E-04
-40.2976 6.792301E-04
-40.2776 6.806740E-04
-40.2576 6.821222E-04
-40.2375 6.835759E-04
-40.2175 6.850338E-04
-40.1975 6.864968E-04
-40.1775 6.879646E-04
-40.1575 6.894381E-04
-40.1375 6.909161E-04
-40.1175 6.923990E-04
-40.0975 6.938869E-04
-40.0775 6.953800E-04
-40.0575 6.968782E-04
-40.0374 6.983815E-04
-40.0174 6.998900E-04
-39.9974 7.014035E-04
-39.9774 7.029223E-04
-39.9574 7.044464E-04
-39.9374 7.059757E-04
-39.9174 7.075102E-04
-39.8974 7.090501E-04
-39.8774 7.105953E-04
-39.8574 7.121452E-04
-39.8373 7.137010E-04
-39.8173 7.152624E-04
-39.7973 7.168284E-04
-39.7773 7.184007E-04
-39.7573 7.199777E-04
-39.7373 7.215608E-04
-39.7173 7.231489E-04
-39.6973 7.247431E-04
-39.6773 7.263422E-04
-39.6573 7.279476E-04
-39.6372 7.295581E-04
-39.6172 7.311741E-04
-39.5972 7.327964E-04
-39.5772 7.344239E-04
-39.5572 7.360571E-04
-39.5372 7.376961E-04
-39.5172 7.393407E-04
-39.4972 7.409914E-04
-39.4772 7.426477E-04
-39.4572 7.443101E-04
-39.4371 7.459782E-04
-39.4171 7.476524E-04
-39.3971 7.493324E-04
-39.3771 7.510186E-04
-39.3571 7.527106E-04
-39.3371 7.544081E-04
-39.3171 7.561124E-04
-39.2971 7.578226E-04
-39.2771 7.595388E-04
-39.2571 7.612610E-04
-39.2370 7.629898E-04
-39.2170 7.647242E-04
-39.1970 7.664655E-04
-39.1770 7.682124E-04
-39.1570 7.699656E-04
-39.1370 7.717259E-04
-39.1170 7.734918E-04
-39.0970 7.752643E-04
-39.0770 7.770435E-04
-39.0570 7.788290E-04
-39.0369 7.806208E-04
-39.0169 7.824191E-04
-38.9969 7.842239E-04
-38.9769 7.860354E-04
-38.9569 7.878535E-04
-38.9369 7.896783E-04
-38.9169 7.915098E-04
-38.8969 7.933473E-04
-38.8769 7.951922E-04
-38.8569 7.970441E-04
-38.8368 7.989027E-04
-38.8168 8.007674E-04
-38.7968 8.026398E-04
-38.7768 8.045184E-04
-38.7568 8.064047E-04
-38.7368 8.082973E-04
-38.7168 8.101977E-04
-38.6968 8.121043E-04
-38.6768 8.140181E-04
-38.6568 8.159397E-04
-38.6367 8.178679E-04
-38.6167 8.198033E-04
-38.5967 8.217459E-04
-38.5767 8.236958E-04
-38.5567 8.256530E-04
-38.5367 8.276177E-04
-38.5167 8.295896E-04
-38.4967 8.315690E-04
-38.4767 8.335553E-04
-38.4567 8.355497E-04
-38.4366 8.375517E-04
-38.4166 8.395612E-04
-38.3966 8.415778E-04
-38.3766 8.436027E-04
-38.3566 8.456347E-04
-38.3366 8.476747E-04
-38.3166 8.497223E-04
-38.2966 8.517776E-04
-38.2766 8.538407E-04
-38.2566 8.559125E-04
-38.2365 8.579915E-04
-38.2165 8.600783E-04
-38.1965 8.621735E-04
-38.1765 8.642765E-04
-38.1565 8.663877E-04
-38.1365 8.685071E-04
-38.1165 8.706345E-04
-38.0965 8.727697E-04
-38.0765 8.749138E-04
-38.0565 8.770660E-04
-38.0364 8.792263E-04
-38.0164 8.813956E-04
-37.9964 8.835725E-04
-37.9764 8.857585E-04
-37.9564 8.879527E-04
-37.9364 8.901553E-04
-37.9164 8.923666E-04
-37.8964 8.945871E-04
-37.8764 8.968159E-04
-37.8564 8.990534E-04
-37.8363 9.012997E-04
-37.8163 9.035547E-04
-37.7963 9.058182E-04
-37.7763 9.080912E-04
-37.7563 9.103733E-04
-37.7363 9.126642E-04
-37.7163 9.149638E-04
-37.6963 9.172732E-04
-37.6763 9.195911E-04
-37.6563 9.219189E-04
-37.6362 9.242555E-04
-37.6162 9.266013E-04
-37.5962 9.289565E-04
-37.5762 9.313211E-04
-37.5562 9.336953E-04
-37.5362 9.360792E-04
-37.5162 9.384725E-04
-37.4962 9.408755E-04
-37.4762 9.432883E-04
-37.4562 9.457106E-04
-37.4361 9.481424E-04
-37.4161 9.505847E-04
-37.3961 9.530360E-04
-37.3761 9.554982E-04
-37.3561 9.579696E-04
-37.3361 9.604512E-04
-37.3161 9.629435E-04
-37.2961 9.654453E-04
-37.2761 9.679575E-04
-37.2561 9.704800E-04
-37.2360 9.730129E-04
-37.2160 9.755557E-04
-37.1960 9.781094E-04
-37.1760 9.806739E-04
-37.1560 9.832480E-04
-37.1360 9.858337E-04
-37.1160 9.884293E-04
-37.0960 9.910363E-04
-37.0760 9.936538E-04
-37.0560 9.962819E-04
-37.0359 9.989211E-04
-37.0159 1.001571E-03
-36.9959 1.004232E-03
-36.9759 1.006905E-03
-36.9559 1.009588E-03
-36.9359 1.012283E-03
-36.9159 1.014989E-03
-36.8959 1.017707E-03
-36.8759 1.020435E-03
-36.8559 1.023175E-03
-36.8358 1.025927E-03
-36.8158 1.028690E-03
-36.7958 1.031466E-03
-36.7758 1.034253E-03
-36.7558 1.037051E-03
-36.7358 1.039862E-03
-36.7158 1.042684E-03
-36.6958 1.045518E-03
-36.6758 1.048364E-03
-36.6558 1.051223E-03
-36.6357 1.054094E-03
-36.6157 1.056977E-03
-36.5957 1.059873E-03
-36.5757 1.062781E-03
-36.5557 1.065701E-03
-36.5357 1.068634E-03
-36.5157 1.071580E-03
-36.4957 1.074538E-03
-36.4757 1.077509E-03
-36.4557 1.080494E-03
-36.4356 1.083490E-03
-36.4156 1.086501E-03
-36.3956 1.089524E-03
-36.3756 1.092560E-03
-36.3556 1.095610E-03
-36.3356 1.098673E-03
-36.3156 1.101749E-03
-36.2956 1.104839E-03
-36.2756 1.107942E-03
-36.2556 1.111059E-03
-36.2355 1.114190E-03
-36.2155 1.117335E-03
-36.1955 1.120493E-03
-36.1755 1.123665E-03
-36.1555 1.126851E-03
-36.1355 1.130052E-03
-36.1155 1.133267E-03
-36.0955 1.136496E-03
-36.0755 1.139740E-03
-36.0555 1.142998E-03
-36.0354 1.146270E-03
-36.0154 1.149558E-03
-35.9954 1.152860E-03
-35.9754 1.156177E-03
-35.9554 1.159509E-03
-35.9354 1.162855E-03
-35.9154 1.166218E-03
-35.8954 1.169594E-03
-35.8754 1.172987E-03
-35.8554 1.176395E-03
-35.8353 1.179818E-03
-35.8153 1.183257E-03
-35.7953 1.186712E-03
-35.7753 1.190182E-03
-35.7553 1.193668E-03
-35.7353 1.197170E-03
-35.7153 1.200689E-03
-35.6953 1.204223E-03
-35.6753 1.207773E-03
-35.6553 1.211340E-03
-35.6352 1.214924E-03
-35.6152 1.218524E-03
-35.5952 1.222141E-03
-35.5752 1.225774E-03
-35.5552 1.229425E-03
-35.5352 1.233092E-03
-35.5152 1.236777E-03
-35.4952 1.240478E-03
-35.4752 1.244197E-03
-35.4552 1.247933E-03
-35.4351 1.251687E-03
-35.4151 1.255459E-03
-35.3951 1.259248E-03
-35.3751 1.263056E-03
-35.3551 1.266881E-03
-35.3351 1.270724E-03
-35.3151 1.274585E-03
-35.2951 1.278465E-03
-35.2751 1.282363E-03
-35.2551 1.286280E-03
-35.2350 1.290216E-03
-35.2150 1.294170E-03
-35.1950 1.298142E-03
-35.1750 1.302135E-03
-35.1550 1.306147E-03
-35.1350 1.310177E-03
-35.1150 1.314227E-03
-35.0950 1.318296E-03
-35.0750 1.322386E-03
-35.0550 1.326495E-03
-35.0349 1.330624E-03
-35.0149 1.334772E-03
-34.9949 1.338942E-03
-34.9749 1.343131E-03
-34.9549 1.347341E-03
-34.9349 1.351571E-03
-34.9149 1.355823E-03
-34.8949 1.360095E-03
-34.8749 1.364388E-03
-34.8549 1.368702E-03
-34.8348 1.373038E-03
-34.8148 1.377394E-03
-34.7948 1.381773E-03
-34.7748 1.386173E-03
-34.7548 1.390595E-03
-34.7348 1.395039E-03
-34.7148 1.399505E-03
-34.6948 1.403993E-03
-34.6748 1.408504E-03
-34.6548 1.413038E-03
-34.6347 1.417594E-03
-34.6147 1.422173E-03
-34.5947 1.426775E-03
-34.5747 1.431400E-03
-34.5547 1.436049E-03
-34.5347 1.440721E-03
-34.5147 1.445416E-03
-34.4947 1.450136E-03
-34.4747 1.454880E-03
-34.4547 1.459648E-03
-34.4346 1.464440E-03
-34.4146 1.469256E-03
-34.3946 1.474098E-03
-34.3746 1.478964E-03
-34.3546 1.483855E-03
-34.3346 1.488772E-03
-34.3146 1.493713E-03
-34.2946 1.498680E-03
-34.2746 1.503673E-03
-34.2546 1.508692E-03
-34.2345 1.513736E-03
-34.2145 1.518808E-03
-34.1945 1.523905E-03
-34.1745 1.529030E-03
-34.1545 1.534181E-03
-34.1345 1.539359E-03
-34.1145 1.544564E-03
-34.0945 1.549797E-03
-34.0745 1.555057E-03
-34.0545 1.560344E-03
-34.0344 1.565660E-03
-34.0144 1.571004E-03
-33.9944 1.576377E-03
-33.9744 1.581779E-03
-33.9544 1.587208E-03
-33.9344 1.592667E-03
-33.9144 1.598155E-03
-33.8944 1.603672E-03
-33.8744 1.609219E-03
-33.8544 1.614796E-03
-33.8343 1.620402E-03
-33.8143 1.626039E-03
-33.7943 1.631707E-03
-33.7743 1.637406E-03
-33.7543 1.643135E-03
-33.7343 1.648896E-03
-33.7143 1.654687E-03
-33.6943 1.660510E-03
-33.6743 1.666365E-03
-33.6543 1.672252E-03
-33.6342 1.678172E-03
-33.6142 1.684124E-03
-33.5942 1.690109E-03
-33.5742 1.696127E-03
-33.5542 1.702179E-03
-33.5342 1.708263E-03
-33.5142 1.714382E-03
-33.4942 1.720534E-03
-33.4742 1.726721E-03
-33.4542 1.732943E-03
-33.4341 1.739199E-03
-33.4141 1.745490E-03
-33.3941 1.751816E-03
-33.3741 1.758178E-03
-33.3541 1.764577E-03
-33.3341 1.771011E-03
-33.3141 1.777481E-03
-33.2941 1.783988E-03
-33.2741 1.790532E-03
-33.2541 1.797114E-03
-33.2340 1.803733E-03
-33.2140 1.810390E-03
-33.1940 1.817084E-03
-33.1740 1.823818E-03
-33.1540 1.830590E-03
-33.1340 1.837401E-03
-33.1140 1.844251E-03
-33.0940 1.851142E-03
-33.0740 1.858071E-03
-33.0540 1.865042E-03
-33.0339 1.872052E-03
-33.0139 1.879103E-03
-32.9939 1.886196E-03
-32.9739 1.893331E-03
-32.9539 1.900507E-03
-32.9339 1.907724E-03
-32.9139 1.914985E-03
-32.8939 1.922289E-03
-32.8739 1.929635E-03
-32.8539 1.937025E-03
-32.8338 1.944460E-03
-32.8138 1.951937E-03
-32.7938 1.959461E-03
-32.7738 1.967029E-03
-32.7538 1.974642E-03
-32.7338 1.982300E-03
-32.7138 1.990005E-03
-32.6938 1.997756E-03
-32.6738 2.005554E-03
-32.6538 2.013399E-03
-32.6337 2.021291E-03
-32.6137 2.029232E-03
-32.5937 2.037221E-03
-32.5737 2.045258E-03
-32.5537 2.053344E-03
-32.5337 2.061480E-03
-32.5137 2.069666E-03
-32.4937 2.077902E-03
-32.4737 2.086190E-03
-32.4537 2.094528E-03
-32.4336 2.102918E-03
-32.4136 2.111359E-03
-32.3936 2.119853E-03
-32.3736 2.128401E-03
-32.3536 2.137001E-03
-32.3336 2.145656E-03
-32.3136 2.154364E-03
-32.2936 2.163126E-03
-32.2736 2.171944E-03
-32.2536 2.180818E-03
-32.2335 2.189749E-03
-32.2135 2.198734E-03
-32.1935 2.207778E-03
-32.1735 2.216879E-03
-32.1535 2.226038E-03
-32.1335 2.235256E-03
-32.1135 2.244533E-03
-32.0935 2.253869E-03
-32.0735 2.263265E-03
-32.0535 2.272720E-03
-32.0334 2.282239E-03
-32.0134 2.291818E-03
-31.9934 2.301460E-03
-31.9734 2.311163E-03
-31.9534 2.320931E-03
-31.9334 2.330762E-03
-31.9134 2.340658E-03
-31.8934 2.350618E-03
-31.8734 2.360644E-03
-31.8534 2.370737E-03
-31.8333 2.380895E-03
-31.8133 2.391121E-03
-31.7933 2.401415E-03
-31.7733 2.411777E-03
-31.7533 2.422208E-03
-31.7333 2.432709E-03
-31.7133 2.443282E-03
-31.6933 2.453924E-03
-31.6733 2.464637E-03
-31.6533 2.475423E-03
-31.6332 2.486282E-03
-31.6132 2.497215E-03
-31.5932 2.508222E-03
-31.5732 2.519304E-03
-31.5532 2.530460E-03
-31.5332 2.541694E-03
-31.5132 2.553004E-03
-31.4932 2.564393E-03
-31.4732 2.575860E-03
-31.4532 2.587405E-03
-31.4331 2.599030E-03
-31.4131 2.610736E-03
-31.3931 2.622524E-03
-31.3731 2.634393E-03
-31.3531 2.646345E-03
-31.3331 2.658382E-03
-31.3131 2.670503E-03
-31.2931 2.682708E-03
-31.2731 2.695000E-03
-31.2531 2.707378E-03
-31.2330 2.719846E-03
-31.2130 2.732400E-03
-31.1930 2.745045E-03
-31.1730 2.757779E-03
-31.1530 2.770604E-03
-31.1330 2.783522E-03
-31.1130 2.796532E-03
-31.0930 2.809638E-03
-31.0730 2.822836E-03
-31.0530 2.836130E-03
-31.0329 2.849521E-03
-31.0129 2.863009E-03
-30.9929 2.876596E-03
-30.9729 2.890282E-03
-30.9529 2.904068E-03
-30.9329 2.917955E-03
-30.9129 2.931945E-03
-30.8929 2.946039E-03
-30.8729 2.960236E-03
-30.8529 2.974539E-03
-30.8328 2.988949E-03
-30.8128 3.003467E-03
-30.7928 3.018091E-03
-30.7728 3.032827E-03
-30.7528 3.047674E-03
-30.7328 3.062632E-03
-30.7128 3.077704E-03
-30.6928 3.092888E-03
-30.6728 3.108191E-03
-30.6528 3.123608E-03
-30.6327 3.139142E-03
-30.6127 3.154795E-03
-30.5927 3.170570E-03
-30.5727 3.186465E-03
-30.5527 3.202483E-03
-30.5327 3.218626E-03
-30.5127 3.234894E-03
-30.4927 3.251288E-03
-30.4727 3.267810E-03
-30.4527 3.284460E-03
-30.4326 3.301241E-03
-30.4126 3.318156E-03
-30.3926 3.335202E-03
-30.3726 3.352383E-03
-30.3526 3.369700E-03
-30.3326 3.387156E-03
-30.3126 3.404751E-03
-30.2926 3.422484E-03
-30.2726 3.440363E-03
-30.2526 3.458382E-03
-30.2325 3.476549E-03
-30.2125 3.494862E-03
-30.1925 3.513322E-03
-30.1725 3.531934E-03
-30.1525 3.550694E-03
-30.1325 3.569612E-03
-30.1125 3.588682E-03
-30.0925 3.607907E-03
-30.0725 3.627294E-03
-30.0525 3.646839E-03
-30.0324 3.666547E-03
-30.0124 3.686417E-03
-29.9924 3.706454E-03
-29.9724 3.726658E-03
-29.9524 3.747032E-03
-29.9324 3.767576E-03
-29.9124 3.788294E-03
-29.8924 3.809187E-03
-29.8724 3.830256E-03
-29.8524 3.851503E-03
-29.8323 3.872934E-03
-29.8123 3.894548E-03
-29.7923 3.916346E-03
-29.7723 3.938330E-03
-29.7523 3.960506E-03
-29.7323 3.982872E-03
-29.7123 4.005434E-03
-29.6923 4.028192E-03
-29.6723 4.051145E-03
-29.6523 4.074302E-03
-29.6322 4.097662E-03
-29.6122 4.121227E-03
-29.5922 4.145002E-03
-29.5722 4.168987E-03
-29.5522 4.193184E-03
-29.5322 4.217594E-03
-29.5122 4.242226E-03
-29.4922 4.267079E-03
-29.4722 4.292153E-03
-29.4522 4.317455E-03
-29.4321 4.342983E-03
-29.4121 4.368746E-03
-29.3921 4.394743E-03
-29.3721 4.420975E-03
-29.3521 4.447452E-03
-29.3321 4.474167E-03
-29.3121 4.501130E-03
-29.2921 4.528343E-03
-29.2721 4.555810E-03
-29.2521 4.583529E-03
-29.2320 4.611511E-03
-29.2120 4.639750E-03
-29.1920 4.668257E-03
-29.1720 4.697035E-03
-29.1520 4.726082E-03
-29.1320 4.755404E-03
-29.1120 4.785006E-03
-29.0920 4.814891E-03
-29.0720 4.845062E-03
-29.0520 4.875522E-03
-29.0319 4.906276E-03
-29.0119 4.937327E-03
-28.9919 4.968683E-03
-28.9719 5.000340E-03
-28.9519 5.032309E-03
-28.9319 5.064589E-03
-28.9119 5.097186E-03
-28.8919 5.130108E-03
-28.8719 5.163354E-03
-28.8519 5.196929E-03
-28.8318 5.230842E-03
-28.8118 5.265090E-03
-28.7918 5.299683E-03
-28.7718 5.334628E-03
-28.7518 5.369923E-03
-28.7318 5.405575E-03
-28.7118 5.441591E-03
-28.6918 5.477973E-03
-28.6718 5.514728E-03
-28.6518 5.551864E-03
-28.6317 5.589383E-03
-28.6117 5.627288E-03
-28.5917 5.665586E-03
-28.5717 5.704284E-03
-28.5517 5.743389E-03
-28.5317 5.782905E-03
-28.5117 5.822833E-03
-28.4917 5.863186E-03
-28.4717 5.903968E-03
-28.4517 5.945186E-03
-28.4316 5.986839E-03
-28.4116 6.028943E-03
-28.3916 6.071503E-03
-28.3716 6.114519E-03
-28.3516 6.158003E-03
-28.3316 6.201960E-03
-28.3116 6.246397E-03
-28.2916 6.291324E-03
-28.2716 6.336742E-03
-28.2516 6.382665E-03
-28.2315 6.429098E-03
-28.2115 6.476046E-03
-28.1915 6.523522E-03
-28.1715 6.571528E-03
-28.1515 6.620077E-03
-28.1315 6.669172E-03
-28.1115 6.718827E-03
-28.0915 6.769046E-03
-28.0715 6.819843E-03
-28.0515 6.871219E-03
-28.0314 6.923190E-03
-28.0114 6.975764E-03
-27.9914 7.028948E-03
-27.9714 7.082753E-03
-27.9514 7.137187E-03
-27.9314 7.192261E-03
-27.9114 7.247988E-03
-27.8914 7.304373E-03
-27.8714 7.361431E-03
-27.8514 7.419171E-03
-27.8313 7.477604E-03
-27.8113 7.536742E-03
-27.7913 7.596595E-03
-27.7713 7.657174E-03
-27.7513 7.718494E-03
-27.7313 7.780564E-03
-27.7113 7.843399E-03
-27.6913 7.907011E-03
-27.6713 7.971412E-03
-27.6513 8.036616E-03
-27.6312 8.102637E-03
-27.6112 8.169487E-03
-27.5912 8.237181E-03
-27.5712 8.305731E-03
-27.5512 8.375156E-03
-27.5312 8.445468E-03
-27.5112 8.516685E-03
-27.4912 8.588822E-03
-27.4712 8.661891E-03
-27.4512 8.735910E-03
-27.4311 8.810900E-03
-27.4111 8.886876E-03
-27.3911 8.963852E-03
-27.3711 9.041848E-03
-27.3511 9.120883E-03
-27.3311 9.200975E-03
-27.3111 9.282141E-03
-27.2911 9.364407E-03
-27.2711 9.447785E-03
-27.2511 9.532300E-03
-27.2310 9.617972E-03
-27.2110 9.704823E-03
-27.1910 9.792871E-03
-27.1710 9.882143E-03
-27.1510 9.972661E-03
-27.1310 1.006445E-02
-27.1110 1.015753E-02
-27.0910 1.025192E-02
-27.0710 1.034766E-02
-27.0510 1.044477E-02
-27.0309 1.054327E-02
-27.0109 1.064319E-02
-26.9909 1.074457E-02
-26.9709 1.084742E-02
-26.9509 1.095177E-02
-26.9309 1.105767E-02
-26.9109 1.116512E-02
-26.8909 1.127418E-02
-26.8709 1.138487E-02
-26.8509 1.149723E-02
-26.8308 1.161128E-02
-26.8108 1.172706E-02
-26.7908 1.184460E-02
-26.7708 1.196396E-02
-26.7508 1.208515E-02
-26.7308 1.220822E-02
-26.7108 1.233321E-02
-26.6908 1.246016E-02
-26.6708 1.258911E-02
-26.6508 1.272010E-02
-26.6307 1.285319E-02
-26.6107 1.298840E-02
-26.5907 1.312579E-02
-26.5707 1.326541E-02
-26.5507 1.340730E-02
-26.5307 1.355151E-02
-26.5107 1.369811E-02
-26.4907 1.384712E-02
-26.4707 1.399863E-02
-26.4507 1.415267E-02
-26.4306 1.430931E-02
-26.4106 1.446861E-02
-26.3906 1.463062E-02
-26.3706 1.479541E-02
-26.3506 1.496305E-02
-26.3306 1.513359E-02
-26.3106 1.530712E-02
-26.2906 1.548370E-02
-26.2706 1.566340E-02
-26.2506 1.584630E-02
-26.2305 1.603246E-02
-26.2105 1.622199E-02
-26.1905 1.641495E-02
-26.1705 1.661143E-02
-26.1505 1.681151E-02
-26.1305 1.701529E-02
-26.1105 1.722286E-02
-26.0905 1.743433E-02
-26.0705 1.764976E-02
-26.0505 1.786929E-02
-26.0304 1.809300E-02
-26.0104 1.832102E-02
-25.9904 1.855344E-02
-25.9704 1.879039E-02
-25.9504 1.903200E-02
-25.9304 1.927836E-02
-25.9104 1.952963E-02
-25.8904 1.978592E-02
-25.8704 2.004739E-02
-25.8504 2.031415E-02
-25.8303 2.058638E-02
-25.8103 2.086421E-02
-25.7903 2.114781E-02
-25.7703 2.143733E-02
-25.7503 2.173295E-02
-25.7303 2.203483E-02
-25.7103 2.234317E-02
-25.6903 2.265815E-02
-25.6703 2.297996E-02
-25.6503 2.330880E-02
-25.6302 2.364487E-02
-25.6102 2.398842E-02
-25.5902 2.433964E-02
-25.5702 2.469880E-02
-25.5502 2.506611E-02
-25.5302 2.544185E-02
-25.5102 2.582626E-02
-25.4902 2.621962E-02
-25.4702 2.662223E-02
-25.4502 2.703437E-02
-25.4301 2.745635E-02
-25.4101 2.788849E-02
-25.3901 2.833114E-02
-25.3701 2.878464E-02
-25.3501 2.924935E-02
-25.3301 2.972564E-02
-25.3101 3.021393E-02
-25.2901 3.071461E-02
-25.2701 3.122812E-02
-25.2501 3.175491E-02
-25.2300 3.229545E-02
-25.2100 3.285024E-02
-25.1900 3.341977E-02
-25.1700 3.400462E-02
-25.1500 3.460530E-02
-25.1300 3.522245E-02
-25.1100 3.585667E-02
-25.0900 3.650858E-02
-25.0700 3.717891E-02
-25.0500 3.786835E-02
-25.0299 3.857763E-02
-25.0099 3.930757E-02
-24.9899 4.005899E-02
-24.9699 4.083277E-02
-24.9499 4.162979E-02
-24.9299 4.245105E-02
-24.9099 4.329754E-02
-24.8899 4.417034E-02
-24.8699 4.507060E-02
-24.8499 4.599948E-02
-24.8298 4.695828E-02
-24.8098 4.794828E-02
-24.7898 4.897092E-02
-24.7698 5.002772E-02
-24.7498 5.112022E-02
-24.7298 5.225009E-02
-24.7098 5.341911E-02
-24.6898 5.462919E-02
-24.6698 5.588232E-02
-24.6498 5.718066E-02
-24.6297 5.852641E-02
-24.6097 5.992205E-02
-24.5897 6.137016E-02
-24.5697 6.287346E-02
-24.5497 6.443489E-02
-24.5297 6.605765E-02
-24.5097 6.774506E-02
-24.4897 6.950074E-02
-24.4697 7.132856E-02
-24.4497 7.323272E-02
-24.4296 7.521770E-02
-24.4096 7.728832E-02
-24.3896 7.944981E-02
-24.3696 8.170777E-02
-24.3496 8.406832E-02
-24.3296 8.653807E-02
-24.3096 8.912409E-02
-24.2896 9.183427E-02
-24.2696 9.467703E-02
-24.2496 9.766167E-02
-24.2295 1.007983E-01
-24.2095 1.040978E-01
-24.1895 1.075725E-01
-24.1695 1.112358E-01
-24.1495 1.151022E-01
-24.1295 1.191881E-01
-24.1095 1.235113E-01
-24.0895 1.280921E-01
-24.0695 1.329524E-01
-24.0495 1.381174E-01
-24.0294 1.436148E-01
-24.0094 1.494758E-01
-23.9894 1.557359E-01
-23.9694 1.624351E-01
-23.9494 1.696189E-01
-23.9294 1.773393E-01
-23.9094 1.856558E-01
-23.8894 1.946378E-01
-23.8694 2.043648E-01
-23.8494 2.149303E-01
-23.8293 2.264439E-01
-23.8093 2.390355E-01
-23.7893 2.528598E-01
-23.7693 2.681030E-01
-23.7493 2.849915E-01
-23.7293 3.038030E-01
-23.7093 3.248826E-01
-23.6893 3.486651E-01
-23.6693 3.757054E-01
-23.6493 4.067243E-01
-23.6292 4.426760E-01
-23.6092 4.848481E-01
-23.5892 5.350232E-01
-23.5692 5.957308E-01
-23.5492 6.706583E-01
-23.5292 7.653319E-01
-23.5092 8.882202E-01
-23.4892 1.052359E+00
-23.4692 1.276807E+00
-23.4492 1.583453E+00
-23.4291 1.973895E+00
-23.4091 2.377579E+00
-23.3891 2.684239E+00
-23.3691 2.920252E+00
-23.3491 3.156306E+00
-23.3291 3.356356E+00
-23.3091 3.585202E+00
-23.2891 4.006120E+00
-23.2691 4.640270E+00
-23.2491 5.310306E+00
-23.2290 5.805556E+00
-23.2090 6.090252E+00
-23.1890 6.206448E+00
-23.1690 6.374748E+00
-23.1490 6.951273E+00
-23.1290 8.052981E+00
-23.1090 9.346792E+00
-23.0890 1.001042E+01
-23.0690 9.458648E+00
-23.0490 8.278632E+00
-23.0289 7.355062E+00
-23.0089 6.969559E+00
-22.9889 7.083036E+00
-22.9689 7.653853E+00
-22.9489 8.513527E+00
-22.9289 9.194669E+00
-22.9089 9.187900E+00
-22.8889 8.518647E+00
-22.8689 7.719721E+00
-22.8489 7.123147E+00
-22.8288 6.641536E+00
-22.8088 6.177744E+00
-22.7888 5.867602E+00
-22.7688 5.781359E+00
-22.7488 5.943328E+00
-22.7288 6.425304E+00
-22.7088 7.203791E+00
-22.6888 8.061240E+00
-22.6688 8.597760E+00
-22.6488 8.712262E+00
-22.6287 8.758446E+00
-22.6087 8.992758E+00
-22.5887 9.426733E+00
-22.5687 9.794600E+00
-22.5487 9.893561E+00
-22.5287 9.889633E+00
-22.5087 9.769826E+00
-22.4887 9.260508E+00
-22.4687 8.516718E+00
-22.4487 7.893511E+00
-22.4286 7.488793E+00
-22.4086 7.194453E+00
-22.3886 7.023597E+00
-22.3686 7.105155E+00
-22.3486 7.463655E+00
-22.3286 7.992832E+00
-22.3086 8.439156E+00
-22.2886 8.525489E+00
-22.2686 8.220344E+00
-22.2486 7.632117E+00
-22.2285 6.624941E+00
-22.2085 5.279126E+00
-22.1885 4.022979E+00
-22.1685 3.070916E+00
-22.1485 2.398117E+00
-22.1285 1.924021E+00
-22.1085 1.582614E+00
-22.0885 1.329839E+00
-22.0685 1.137499E+00
-22.0485 9.875026E-01
-22.0284 8.679770E-01
-22.0084 7.709380E-01
-21.9884 6.908701E-01
-21.9684 6.238693E-01
-21.9484 5.671118E-01
-21.9284 5.185120E-01
-21.9084 4.765013E-01
-21.8884 4.398796E-01
-21.8684 4.077149E-01
-21.8484 3.792746E-01
-21.8283 3.539744E-01
-21.8083 3.313441E-01
-21.7883 3.110003E-01
-21.7683 2.926299E-01
-21.7483 2.759714E-01
-21.7283 2.608079E-01
-21.7083 2.469562E-01
-21.6883 2.342617E-01
-21.6683 2.225922E-01
-21.6483 2.118353E-01
-21.6282 2.018934E-01
-21.6082 1.926821E-01
-21.5882 1.841283E-01
-21.5682 1.761679E-01
-21.5482 1.687447E-01
-21.5282 1.618095E-01
-21.5082 1.553183E-01
-21.4882 1.492324E-01
-21.4682 1.435174E-01
-21.4482 1.381424E-01
-21.4281 1.330799E-01
-21.4081 1.283052E-01
-21.3881 1.237960E-01
-21.3681 1.195322E-01
-21.3481 1.154957E-01
-21.3281 1.116699E-01
-21.3081 1.080399E-01
-21.2881 1.045923E-01
-21.2681 1.013144E-01
-21.2481 9.819489E-02
-21.2280 9.522341E-02
-21.2080 9.239047E-02
-21.1880 8.968727E-02
-21.1680 8.710579E-02
-21.1480 8.463856E-02
-21.1280 8.227878E-02
-21.1080 8.002008E-02
-21.0880 7.785661E-02
-21.0680 7.578293E-02
-21.0480 7.379401E-02
-21.0279 7.188515E-02
-21.0079 7.005200E-02
-20.9879 6.829051E-02
-20.9679 6.659688E-02
-20.9479 6.496758E-02
-20.9279 6.339933E-02
-20.9079 6.188902E-02
-20.8879 6.043377E-02
-20.8679 5.903088E-02
-20.8479 5.767778E-02
-20.8278 5.637213E-02
-20.8078 5.511166E-02
-20.7878 5.389428E-02
-20.7678 5.271799E-02
-20.7478 5.158093E-02
-20.7278 5.048133E-02
-20.7078 4.941754E-02
-20.6878 4.838799E-02
-20.6678 4.739120E-02
-20.6478 4.642575E-02
-20.6277 4.549033E-02
-20.6077 4.458368E-02
-20.5877 4.370462E-02
-20.5677 4.285202E-02
-20.5477 4.202480E-02
-20.5277 4.122194E-02
-20.5077 4.044250E-02
-20.4877 3.968554E-02
-20.4677 3.895021E-02
-20.4477 3.823567E-02
-20.4276 3.754113E-02
-20.4076 3.686586E-02
-20.3876 3.620911E-02
-20.3676 3.557023E-02
-20.3476 3.494855E-02
-20.3276 3.434345E-02
-20.3076 3.375435E-02
-20.2876 3.318068E-02
-20.2676 3.262189E-02
-20.2476 3.207748E-02
-20.2275 3.154694E-02
-20.2075 3.102981E-02
-20.1875 3.052562E-02
-20.1675 3.003396E-02
-20.1475 2.955441E-02
-20.1275 2.908656E-02
-20.1075 2.863003E-02
-20.0875 2.818447E-02
-20.0675 2.774952E-02
-20.0475 2.732484E-02
-20.0274 2.691010E-02
-20.0074 2.650501E-02
-19.9874 2.610926E-02
-19.9674 2.572258E-02
-19.9474 2.534467E-02
-19.9274 2.497528E-02
-19.9074 2.461416E-02
-19.8874 2.426105E-02
-19.8674 2.391573E-02
-19.8474 2.357796E-02
-19.8273 2.324753E-02
-19.8073 2.292423E-02
-19.7873 2.260786E-02
-19.7673 2.229822E-02
-19.7473 2.199512E-02
-19.7273 2.169838E-02
-19.7073 2.140784E-02
-19.6873 2.112331E-02
-19.6673 2.084464E-02
-19.6473 2.057167E-02
-19.6272 2.030425E-02
-19.6072 2.004224E-02
-19.5872 1.978548E-02
-19.5672 1.953387E-02
-19.5472 1.928724E-02
-19.5272 1.904549E-02
-19.5072 1.880849E-02
-19.4872 1.857611E-02
-19.4672 1.834827E-02
-19.4472 1.812483E-02
-19.4271 1.790569E-02
-19.4071 1.769077E-02
-19.3871 1.747995E-02
-19.3671 1.727314E-02
-19.3471 1.707026E-02
-19.3271 1.687122E-02
-19.3071 1.667593E-02
-19.2871 1.648431E-02
-19.2671 1.629630E-02
-19.2471 1.611182E-02
-19.2270 1.593079E-02
-19.2070 1.575316E-02
-19.1870 1.557886E-02
-19.1670 1.540785E-02
-19.1470 1.524005E-02
-19.1270 1.507542E-02
-19.1070 1.491393E-02
-19.0870 1.475554E-02
-19.0670 1.460018E-02
-19.0470 1.444787E-02
-19.0269 1.429856E-02
-19.0069 1.415223E-02
-18.9869 1.400889E-02
-18.9669 1.386854E-02
-18.9469 1.373117E-02
-18.9269 1.359682E-02
-18.9069 1.346553E-02
-18.8869 1.333735E-02
-18.8669 1.321235E-02
-18.8469 1.309063E-02
-18.8268 1.297232E-02
-18.8068 1.285756E-02
-18.7868 1.274658E-02
-18.7668 1.263962E-02
-18.7468 1.253703E-02
-18.7268 1.243919E-02
-18.7068 1.234665E-02
-18.6868 1.226009E-02
-18.6668 1.218035E-02
-18.6468 1.210860E-02
-18.6267 1.204631E-02
-18.6067 1.199544E-02
-18.5867 1.195870E-02
-18.5667 1.193973E-02
-18.5467 1.194370E-02
-18.5267 1.197787E-02
-18.5067 1.205302E-02
-18.4867 1.218503E-02
-18.4667 1.239836E-02
-18.4467 1.273133E-02
-18.4266 1.324437E-02
-18.4066 1.403101E-02
-18.3866 1.521956E-02
-18.3666 1.691032E-02
-18.3466 1.894010E-02
-18.3266 2.068897E-02
-18.3066 2.166985E-02
-18.2866 2.164315E-02
-18.2666 2.014670E-02
-18.2466 1.773173E-02
-18.2265 1.548812E-02
-18.2065 1.381633E-02
-18.1865 1.264509E-02
-18.1665 1.182030E-02
-18.1465 1.122231E-02
-18.1265 1.077308E-02
-18.1065 1.042350E-02
-18.0865 1.014251E-02
-18.0665 9.909949E-03
-18.0465 9.712511E-03
-18.0264 9.541302E-03
-18.0064 9.389975E-03
-17.9864 9.253997E-03
-17.9664 9.130312E-03
-17.9464 9.016300E-03
-17.9264 8.910352E-03
-17.9064 8.811017E-03
-17.8864 8.717337E-03
-17.8664 8.628275E-03
-17.8464 8.543353E-03
-17.8263 8.462070E-03
-17.8063 8.383877E-03
-17.7863 8.308555E-03
-17.7663 8.235682E-03
-17.7463 8.165118E-03
-17.7263 8.096715E-03
-17.7063 8.030098E-03
-17.6863 7.965415E-03
-17.6663 7.902301E-03
-17.6463 7.840767E-03
-17.6262 7.780901E-03
-17.6062 7.722169E-03
-17.5862 7.665103E-03
-17.5662 7.609171E-03
-17.5462 7.554570E-03
-17.5262 7.501072E-03
-17.5062 7.448992E-03
-17.4862 7.398135E-03
-17.4662 7.348279E-03
-17.4462 7.299885E-03
-17.4261 7.252681E-03
-17.4061 7.206473E-03
-17.3861 7.160713E-03
-17.3661 7.117286E-03
-17.3461 7.074723E-03
-17.3261 7.032544E-03
-17.3061 6.993347E-03
-17.2861 6.953112E-03
-17.2661 6.917523E-03
-17.2461 6.881426E-03
-17.2260 6.846118E-03
-17.2060 6.814442E-03
-17.1860 6.780606E-03
-17.1660 6.753642E-03
-17.1460 6.726373E-03
-17.1260 6.704744E-03
-17.1060 6.672039E-03
-17.0860 6.648618E-03
-17.0660 6.635913E-03
-17.0460 6.632627E-03
-17.0259 6.627660E-03
-17.0059 6.580828E-03
-16.9859 6.624942E-03
-16.9659 6.678003E-03
-16.9459 6.604372E-03
-16.9259 6.655263E-03
-16.9059 6.774569E-03
-16.8859 6.779184E-03
-16.8659 6.955839E-03
-16.8459 7.256992E-03
-16.8258 7.799832E-03
-16.8058 8.173604E-03
-16.7858 7.904989E-03
-16.7658 8.233630E-03
-16.7458 8.791241E-03
-16.7258 9.384418E-03
-16.7058 9.744140E-03
-16.6858 9.895799E-03
-16.6658 9.969756E-03
-16.6458 1.030659E-02
-16.6257 1.074054E-02
-16.6057 1.127238E-02
-16.5857 1.186337E-02
-16.5657 1.246167E-02
-16.5457 1.305692E-02
-16.5257 1.363042E-02
-16.5057 1.414513E-02
-16.4857 1.461531E-02
-16.4657 1.501666E-02
-16.4457 1.534657E-02
-16.4256 1.562049E-02
-16.4056 1.582077E-02
-16.3856 1.596016E-02
-16.3656 1.604652E-02
-16.3456 1.607739E-02
-16.3256 1.606112E-02
-16.3056 1.600486E-02
-16.2856 1.591070E-02
-16.2656 1.578515E-02
-16.2456 1.563582E-02
-16.2255 1.546453E-02
-16.2055 1.527865E-02
-16.1855 1.508264E-02
-16.1655 1.487795E-02
-16.1455 1.466771E-02
-16.1255 1.445670E-02
-16.1055 1.424596E-02
-16.0855 1.403689E-02
-16.0655 1.383209E-02
-16.0455 1.363175E-02
-16.0254 1.343669E-02
-16.0054 1.324831E-02
-15.9854 1.306635E-02
-15.9654 1.289102E-02
-15.9454 1.272318E-02
-15.9254 1.256346E-02
-15.9054 1.241000E-02
-15.8854 1.226343E-02
-15.8654 1.212412E-02
-15.8454 1.199144E-02
-15.8253 1.186527E-02
-15.8053 1.174580E-02
-15.7853 1.163295E-02
-15.7653 1.152559E-02
-15.7453 1.142434E-02
-15.7253 1.132871E-02
-15.7053 1.123891E-02
-15.6853 1.115463E-02
-15.6653 1.107517E-02
-15.6453 1.100074E-02
-15.6252 1.093164E-02
-15.6052 1.086702E-02
-15.5852 1.080695E-02
-15.5652 1.075129E-02
-15.5452 1.070017E-02
-15.5252 1.065325E-02
-15.5052 1.061108E-02
-15.4852 1.057241E-02
-15.4652 1.053816E-02
-15.4452 1.050787E-02
-15.4251 1.048148E-02
-15.4051 1.045896E-02
-15.3851 1.044022E-02
-15.3651 1.042535E-02
-15.3451 1.041445E-02
-15.3251 1.040703E-02
-15.3051 1.040355E-02
-15.2851 1.040376E-02
-15.2651 1.040746E-02
-15.2451 1.041529E-02
-15.2250 1.042653E-02
-15.2050 1.044140E-02
-15.1850 1.045979E-02
-15.1650 1.048169E-02
-15.1450 1.050667E-02
-15.1250 1.053447E-02
-15.1050 1.056462E-02
-15.0850 1.059655E-02
-15.0650 1.063027E-02
-15.0450 1.066474E-02
-15.0249 1.069979E-02
-15.0049 1.073464E-02
-14.9849 1.076938E-02
-14.9649 1.080334E-02
-14.9449 1.083650E-02
-14.9249 1.086893E-02
-14.9049 1.090070E-02
-14.8849 1.093217E-02
-14.8649 1.096334E-02
-14.8449 1.099484E-02
-14.8248 1.102689E-02
-14.8048 1.105958E-02
-14.7848 1.109347E-02
-14.7648 1.112882E-02
-14.7448 1.116569E-02
-14.7248 1.120438E-02
-14.7048 1.124500E-02
-14.6848 1.128762E-02
-14.6648 1.133234E-02
-14.6448 1.137927E-02
-14.6247 1.142825E-02
-14.6047 1.147938E-02
-14.5847 1.153278E-02
-14.5647 1.158832E-02
-14.5447 1.164599E-02
-14.5247 1.170580E-02
-14.5047 1.176754E-02
-14.4847 1.183128E-02
-14.4647 1.189702E-02
-14.4447 1.196478E-02
-14.4246 1.203417E-02
-14.4046 1.210544E-02
-14.3846 1.217845E-02
-14.3646 1.225316E-02
-14.3446 1.232950E-02
-14.3246 1.240739E-02
-14.3046 1.248672E-02
-14.2846 1.256757E-02
-14.2646 1.264987E-02
-14.2446 1.273326E-02
-14.2245 1.281803E-02
-14.2045 1.290400E-02
-14.1845 1.299115E-02
-14.1645 1.307926E-02
-14.1445 1.316847E-02
-14.1245 1.325858E-02
-14.1045 1.334952E-02
-14.0845 1.344124E-02
-14.0645 1.353378E-02
-14.0445 1.362696E-02
-14.0244 1.372076E-02
-14.0044 1.381507E-02
-13.9844 1.390980E-02
-13.9644 1.400498E-02
-13.9444 1.410044E-02
-13.9244 1.419630E-02
-13.9044 1.429227E-02
-13.8844 1.438833E-02
-13.8644 1.448452E-02
-13.8444 1.458067E-02
-13.8243 1.467675E-02
-13.8043 1.477267E-02
-13.7843 1.486839E-02
-13.7643 1.496380E-02
-13.7443 1.505889E-02
-13.7243 1.515358E-02
-13.7043 1.524779E-02
-13.6843 1.534150E-02
-13.6643 1.543461E-02
-13.6443 1.552709E-02
-13.6242 1.561881E-02
-13.6042 1.570973E-02
-13.5842 1.579999E-02
-13.5642 1.588929E-02
-13.5442 1.597759E-02
-13.5242 1.606501E-02
-13.5042 1.615140E-02
-13.4842 1.623672E-02
-13.4642 1.632090E-02
-13.4442 1.640401E-02
-13.4241 1.648590E-02
-13.4041 1.656659E-02
-13.3841 1.664602E-02
-13.3641 1.672428E-02
-13.3441 1.680123E-02
-13.3241 1.687684E-02
-13.3041 1.695113E-02
-13.2841 1.702423E-02
-13.2641 1.709588E-02
-13.2441 1.716626E-02
-13.2240 1.723531E-02
-13.2040 1.730303E-02
-13.1840 1.736945E-02
-13.1640 1.743463E-02
-13.1440 1.749850E-02
-13.1240 1.756114E-02
-13.1040 1.762259E-02
-13.0840 1.768278E-02
-13.0640 1.774187E-02
-13.0440 1.779984E-02
-13.0239 1.785667E-02
-13.0039 1.791252E-02
-12.9839 1.796737E-02
-12.9639 1.802124E-02
-12.9439 1.807417E-02
-12.9239 1.812629E-02
-12.9039 1.817760E-02
-12.8839 1.822813E-02
-12.8639 1.827798E-02
-12.8439 1.832720E-02
-12.8238 1.837579E-02
-12.8038 1.842387E-02
-12.7838 1.847146E-02
-12.7638 1.851864E-02
-12.7438 1.856542E-02
-12.7238 1.861189E-02
-12.7038 1.865806E-02
-12.6838 1.870406E-02
-12.6638 1.874987E-02
-12.6438 1.879559E-02
-12.6237 1.884119E-02
-12.6037 1.888684E-02
-12.5837 1.893246E-02
-12.5637 1.897813E-02
-12.5437 1.902391E-02
-12.5237 1.906990E-02
-12.5037 1.911604E-02
-12.4837 1.916240E-02
-12.4637 1.920898E-02
-12.4437 1.925591E-02
-12.4236 1.930315E-02
-12.4036 1.935075E-02
-12.3836 1.939877E-02
-12.3636 1.944716E-02
-12.3436 1.949605E-02
-12.3236 1.954535E-02
-12.3036 1.959522E-02
-12.2836 1.964558E-02
-12.2636 1.969651E-02
-12.2436 1.974803E-02
-12.2235 1.980012E-02
-12.2035 1.985290E-02
-12.1835 1.990632E-02
-12.1635 1.996035E-02
-12.1435 2.001515E-02
-12.1235 2.007066E-02
-12.1035 2.012690E-02
-12.0835 2.018390E-02
-12.0635 2.024172E-02
-12.0435 2.030033E-02
-12.0234 2.035973E-02
-12.0034 2.042003E-02
-11.9834 2.048115E-02
-11.9634 2.054319E-02
-11.9434 2.060610E-02
-11.9234 2.066994E-02
-11.9034 2.073466E-02
-11.8834 2.080038E-02
-11.8634 2.086698E-02
-11.8434 2.093459E-02
-11.8233 2.100317E-02
-11.8033 2.107271E-02
-11.7833 2.114326E-02
-11.7633 2.121478E-02
-11.7433 2.128732E-02
-11.7233 2.136085E-02
-11.7033 2.143537E-02
-11.6833 2.151091E-02
-11.6633 2.158740E-02
-11.6433 2.166491E-02
-11.6232 2.174339E-02
-11.6032 2.182287E-02
-11.5832 2.190326E-02
-11.5632 2.198464E-02
-11.5432 2.206694E-02
-11.5232 2.215014E-02
-11.5032 2.223429E-02
-11.4832 2.231927E-02
-11.4632 2.240510E-02
-11.4432 2.249177E-02
-11.4231 2.257924E-02
-11.4031 2.266747E-02
-11.3831 2.275643E-02
-11.3631 2.284610E-02
-11.3431 2.293647E-02
-11.3231 2.302742E-02
-11.3031 2.311901E-02
-11.2831 2.321115E-02
-11.2631 2.330375E-02
-11.2431 2.339683E-02
-11.2230 2.349037E-02
-11.2030 2.358426E-02
-11.1830 2.367846E-02
-11.1630 2.377296E-02
-11.1430 2.386767E-02
-11.1230 2.396255E-02
-11.1030 2.405761E-02
-11.0830 2.415271E-02
-11.0630 2.424784E-02
-11.0430 2.434296E-02
-11.0229 2.443802E-02
-11.0029 2.453295E-02
-10.9829 2.462772E-02
-10.9629 2.472227E-02
-10.9429 2.481655E-02
-10.9229 2.491053E-02
-10.9029 2.500417E-02
-10.8829 2.509741E-02
-10.8629 2.519027E-02
-10.8429 2.528261E-02
-10.8228 2.537447E-02
-10.8028 2.546582E-02
-10.7828 2.555662E-02
-10.7628 2.564679E-02
-10.7428 2.573638E-02
-10.7228 2.582533E-02
-10.7028 2.591364E-02
-10.6828 2.600131E-02
-10.6628 2.608830E-02
-10.6428 2.617459E-02
-10.6227 2.626022E-02
-10.6027 2.634516E-02
-10.5827 2.642942E-02
-10.5627 2.651299E-02
-10.5427 2.659590E-02
-10.5227 2.667814E-02
-10.5027 2.675974E-02
-10.4827 2.684072E-02
-10.4627 2.692109E-02
-10.4427 2.700088E-02
-10.4226 2.708009E-02
-10.4026 2.715875E-02
-10.3826 2.723693E-02
-10.3626 2.731461E-02
-10.3426 2.739182E-02
-10.3226 2.746865E-02
-10.3026 2.754509E-02
-10.2826 2.762118E-02
-10.2626 2.769697E-02
-10.2426 2.777246E-02
-10.2225 2.784775E-02
-10.2025 2.792283E-02
-10.1825 2.799778E-02
-10.1625 2.807256E-02
-10.1425 2.814733E-02
-10.1225 2.822204E-02
-10.1025 2.829674E-02
-10.0825 2.837149E-02
-10.0625 2.844633E-02
-10.0425 2.852129E-02
-10.0224 2.859644E-02
-10.0024 2.867178E-02
-9.9824 2.874734E-02
-9.9624 2.882318E-02
-9.9424 2.889935E-02
-9.9224 2.897586E-02
-9.9024 2.905275E-02
-9.8824 2.913006E-02
-9.8624 2.920782E-02
-9.8424 2.928607E-02
-9.8223 2.936484E-02
-9.8023 2.944415E-02
-9.7823 2.952404E-02
-9.7623 2.960455E-02
-9.7423 2.968567E-02
-9.7223 2.976750E-02
-9.7023 2.984998E-02
-9.6823 2.993322E-02
-9.6623 3.001718E-02
-9.6423 3.010197E-02
-9.6222 3.018751E-02
-9.6022 3.027388E-02
-9.5822 3.036114E-02
-9.5622 3.044926E-02
-9.5422 3.053828E-02
-9.5222 3.062820E-02
-9.5022 3.071911E-02
-9.4822 3.081098E-02
-9.4622 3.090385E-02
-9.4422 3.099775E-02
-9.4221 3.109269E-02
-9.4021 3.118871E-02
-9.3821 3.128584E-02
-9.3621 3.138404E-02
-9.3421 3.148345E-02
-9.3221 3.158398E-02
-9.3021 3.168575E-02
-9.2821 3.178871E-02
-9.2621 3.189295E-02
-9.2421 3.154666E-02
-9.2220 3.210525E-02
-9.2020 3.221336E-02
-9.1820 3.232286E-02
-9.1620 3.243374E-02
-9.1420 3.254603E-02
-9.1220 3.265980E-02
-9.1020 3.277501E-02
-9.0820 3.289173E-02
-9.0620 3.300998E-02
-9.0420 3.312986E-02
-9.0219 3.325130E-02
-9.0019 3.337438E-02
-8.9819 3.329064E-02
-8.9619 3.362564E-02
-8.9419 3.375380E-02
-8.9219 3.398952E-02
-8.9019 3.401562E-02
-8.8819 3.414923E-02
-8.8619 3.428474E-02
-8.8419 3.442220E-02
-8.8218 3.456160E-02
-8.8018 3.470292E-02
-8.7818 3.484634E-02
-8.7618 3.499178E-02
-8.7418 3.513933E-02
-8.7218 3.528895E-02
-8.7018 3.544079E-02
-8.6818 3.559477E-02
-8.6618 3.666881E-02
-8.6418 3.590939E-02
-8.6217 3.607011E-02
-8.6017 3.654861E-02
-8.5817 3.639846E-02
-8.5617 3.656612E-02
-8.5417 3.673612E-02
-8.5217 3.690850E-02
-8.5017 3.708325E-02
-8.4817 3.726045E-02
-8.4617 3.744000E-02
-8.4417 3.762200E-02
-8.4216 3.780640E-02
-8.4016 3.799315E-02
-8.3816 3.818234E-02
-8.3616 3.837394E-02
-8.3416 4.009699E-02
-8.3216 3.876420E-02
-8.3016 3.971426E-02
-8.2816 3.916379E-02
-8.2616 3.936699E-02
-8.2416 3.957240E-02
-8.2215 3.977997E-02
-8.2015 3.998975E-02
-8.1815 4.020152E-02
-8.1615 4.041536E-02
-8.1415 4.063109E-02
-8.1215 4.084876E-02
-8.1015 4.106817E-02
-8.0815 4.128928E-02
-8.0615 4.151203E-02
-8.0415 4.173627E-02
-8.0214 4.334920E-02
-8.0014 4.218891E-02
-7.9814 4.328445E-02
-7.9614 4.264638E-02
-7.9414 4.287657E-02
-7.9214 4.310759E-02
-7.9014 4.333936E-02
-7.8814 4.357164E-02
-7.8614 4.380436E-02
-7.8414 4.403734E-02
-7.8213 4.427045E-02
-7.8013 4.450355E-02
-7.7813 4.473652E-02
-7.7613 4.496911E-02
-7.7413 4.520130E-02
-7.7213 4.543282E-02
-7.7013 4.604773E-02
-7.6813 4.589347E-02
-7.6613 4.658895E-02
-7.6413 4.634982E-02
-7.6212 4.657606E-02
-7.6012 4.680076E-02
-7.5812 4.702385E-02
-7.5612 4.724516E-02
-7.5412 4.746459E-02
-7.5212 4.768203E-02
-7.5012 4.789731E-02
-7.4812 4.811040E-02
-7.4612 4.832115E-02
-7.4412 4.852950E-02
-7.4211 4.873529E-02
-7.4011 4.893852E-02
-7.3811 4.819299E-02
-7.3611 4.933698E-02
-7.3411 4.926999E-02
-7.3211 4.972444E-02
-7.3011 4.991391E-02
-7.2811 5.010052E-02
-7.2611 5.028427E-02
-7.2411 5.046514E-02
-7.2210 5.064311E-02
-7.2010 5.081821E-02
-7.1810 5.099043E-02
-7.1610 5.115986E-02
-7.1410 5.132646E-02
-7.1210 5.149028E-02
-7.1010 5.165134E-02
-7.0810 5.180976E-02
-7.0610 4.999476E-02
-7.0410 5.211872E-02
-7.0209 5.138027E-02
-7.0009 5.241763E-02
-6.9809 5.256348E-02
-6.9609 5.270704E-02
-6.9409 5.284833E-02
-6.9209 5.298745E-02
-6.9009 5.312449E-02
-6.8809 5.325952E-02
-6.8609 5.339258E-02
-6.8409 5.352375E-02
-6.8208 5.365313E-02
-6.8008 5.378078E-02
-6.7808 5.390674E-02
-6.7608 5.403109E-02
-6.7408 5.156795E-02
-6.7208 5.427525E-02
-6.7008 5.314739E-02
-6.6808 5.451378E-02
-6.6608 5.463100E-02
-6.6408 5.474699E-02
-6.6207 5.486176E-02
-6.6007 5.497535E-02
-6.5807 5.508776E-02
-6.5607 5.519907E-02
-6.5407 5.530931E-02
-6.5207 5.541855E-02
-6.5007 5.552669E-02
-6.4807 5.563380E-02
-6.4607 5.573996E-02
-6.4407 5.584515E-02
-6.4206 5.292995E-02
-6.4006 5.605259E-02
-6.3806 5.467523E-02
-6.3606 5.625617E-02
-6.3406 5.635651E-02
-6.3206 5.645593E-02
-6.3006 5.655439E-02
-6.2806 5.665191E-02
-6.2606 5.674842E-02
-6.2406 5.684400E-02
-6.2205 5.693861E-02
-6.2005 5.703224E-02
-6.1805 5.712490E-02
-6.1605 5.721657E-02
-6.1405 5.730728E-02
-6.1205 5.739701E-02
-6.1005 5.422416E-02
-6.0805 5.757350E-02
-6.0605 5.598571E-02
-6.0405 5.774613E-02
-6.0204 5.783102E-02
-6.0004 5.791499E-02
-5.9804 5.799801E-02
-5.9604 5.808018E-02
-5.9404 5.816150E-02
-5.9204 5.824194E-02
-5.9004 5.832159E-02
-5.8804 5.840054E-02
-5.8604 5.847875E-02
-5.8404 5.855628E-02
-5.8203 5.863324E-02
-5.8003 5.870965E-02
-5.7803 5.586557E-02
-5.7603 5.886109E-02
-5.7403 5.726368E-02
-5.7203 5.901126E-02
-5.7003 5.908605E-02
-5.6803 5.916080E-02
-5.6603 5.923556E-02
-5.6403 5.931048E-02
-5.6202 5.938564E-02
-5.6002 5.946116E-02
-5.5802 5.953718E-02
-5.5602 5.961379E-02
-5.5402 5.969112E-02
-5.5202 5.976939E-02
-5.5002 5.984858E-02
-5.4802 5.992898E-02
-5.4602 5.840785E-02
-5.4402 6.009375E-02
-5.4201 5.897838E-02
-5.4001 6.026491E-02
-5.3801 6.035324E-02
-5.3601 6.044369E-02
-5.3401 6.053634E-02
-5.3201 6.063133E-02
-5.3001 6.072892E-02
-5.2801 6.082913E-02
-5.2601 6.093232E-02
-5.2401 6.103849E-02
-5.2200 6.114784E-02
-5.2000 6.126054E-02
-5.1800 6.137675E-02
-5.1600 6.149663E-02
-5.1400 6.213575E-02
-5.1200 6.174800E-02
-5.1000 6.170226E-02
-5.0800 6.201578E-02
-5.0600 6.215614E-02
-5.0400 6.230105E-02
-5.0199 6.245059E-02
-4.9999 6.260480E-02
-4.9799 6.276391E-02
-4.9599 6.292796E-02
-4.9399 6.309705E-02
-4.9199 6.327126E-02
-4.8999 6.345068E-02
-4.8799 6.363531E-02
-4.8599 6.382516E-02
-4.8399 6.402046E-02
-4.8198 6.656536E-02
-4.7998 6.442696E-02
-4.7798 6.565447E-02
-4.7598 6.485485E-02
-4.7398 6.507675E-02
-4.7198 6.530389E-02
-4.6998 6.553620E-02
-4.6798 6.577359E-02
-4.6598 6.601598E-02
-4.6398 6.626318E-02
-4.6197 6.651519E-02
-4.5997 6.677170E-02
-4.5797 6.703266E-02
-4.5597 6.729780E-02
-4.5397 6.756696E-02
-4.5197 6.783989E-02
-4.4997 7.049457E-02
-4.4797 6.839615E-02
-4.4597 7.020312E-02
-4.4397 6.896429E-02
-4.4196 6.925218E-02
-4.3996 6.954213E-02
-4.3796 6.983376E-02
-4.3596 7.012682E-02
-4.3396 7.042084E-02
-4.3196 7.071560E-02
-4.2996 7.101069E-02
-4.2796 7.130562E-02
-4.2596 7.160012E-02
-4.2396 7.189376E-02
-4.2195 7.218613E-02
-4.1995 7.247688E-02
-4.1795 7.316067E-02
-4.1595 7.305203E-02
-4.1395 7.406312E-02
-4.1195 7.361621E-02
-4.0995 7.389328E-02
-4.0795 7.416664E-02
-4.0595 7.443586E-02
-4.0395 7.470074E-02
-4.0194 7.496094E-02
-3.9994 7.521624E-02
-3.9794 7.546638E-02
-3.9594 7.571126E-02
-3.9394 7.595065E-02
-3.9194 7.618435E-02
-3.8994 7.641229E-02
-3.8794 7.663434E-02
-3.8594 7.502465E-02
-3.8394 7.706061E-02
-3.8193 7.659237E-02
-3.7993 7.746295E-02
-3.7793 7.765515E-02
-3.7593 7.784157E-02
-3.7393 7.802211E-02
-3.7193 7.819704E-02
-3.6993 7.836646E-02
-3.6793 7.853048E-02
-3.6593 7.868933E-02
-3.6393 7.884320E-02
-3.6192 7.899233E-02
-3.5992 7.913685E-02
-3.5792 7.927708E-02
-3.5592 7.941322E-02
-3.5392 7.691875E-02
-3.5192 7.967439E-02
-3.4992 7.839765E-02
-3.4792 7.992247E-02
-3.4592 8.004231E-02
-3.4392 8.015967E-02
-3.4191 8.027482E-02
-3.3991 8.038809E-02
-3.3791 8.049968E-02
-3.3591 8.060996E-02
-3.3391 8.071906E-02
-3.3191 8.082728E-02
-3.2991 8.093484E-02
-3.2791 8.104200E-02
-3.2591 8.114892E-02
-3.2391 8.125582E-02
-3.2190 7.911478E-02
-3.1990 8.147046E-02
-3.1790 8.030986E-02
-3.1590 8.168724E-02
-3.1390 8.179683E-02
-3.1190 8.190736E-02
-3.0990 8.201901E-02
-3.0790 8.213181E-02
-3.0590 8.224593E-02
-3.0390 8.236140E-02
-3.0189 8.247822E-02
-2.9989 8.259661E-02
-2.9789 8.271643E-02
-2.9589 8.283784E-02
-2.9389 8.296071E-02
-2.9189 8.308518E-02
-2.8989 7.110466E-02
-2.8789 8.333858E-02
-2.8589 8.251936E-02
-2.8389 8.359787E-02
-2.8188 8.372958E-02
-2.7988 8.386259E-02
-2.7788 8.399684E-02
-2.7588 8.413220E-02
-2.7388 8.426867E-02
-2.7188 8.440600E-02
-2.6988 8.454420E-02
-2.6788 8.468309E-02
-2.6588 8.482259E-02
-2.6388 8.496256E-02
-2.6187 8.510285E-02
-2.5987 8.524333E-02
-2.5787 7.381446E-02
-2.5587 8.552435E-02
-2.5387 7.415452E-02
