-29.7044 6.040575E-04
-29.6844 6.052305E-04
-29.6644 6.064072E-04
-29.6444 6.075876E-04
-29.6244 6.087713E-04
-29.6043 6.099591E-04
-29.5843 6.111503E-04
-29.5643 6.123455E-04
-29.5443 6.135442E-04
-29.5243 6.147467E-04
-29.5043 6.159531E-04
-29.4843 6.171630E-04
-29.4643 6.183770E-04
-29.4443 6.195947E-04
-29.4243 6.208164E-04
-29.4042 6.220417E-04
-29.3842 6.232711E-04
-29.3642 6.245043E-04
-29.3442 6.257414E-04
-29.3242 6.269824E-04
-29.3042 6.282271E-04
-29.2842 6.294760E-04
-29.2642 6.307291E-04
-29.2442 6.319858E-04
-29.2242 6.332468E-04
-29.2041 6.345115E-04
-29.1841 6.357804E-04
-29.1641 6.370535E-04
-29.1441 6.383304E-04
-29.1241 6.396116E-04
-29.1041 6.408968E-04
-29.0841 6.421860E-04
-29.0641 6.434799E-04
-29.0441 6.447775E-04
-29.0241 6.460794E-04
-29.0040 6.473854E-04
-28.9840 6.486958E-04
-28.9640 6.500101E-04
-28.9440 6.513288E-04
-28.9240 6.526520E-04
-28.9040 6.539793E-04
-28.8840 6.553110E-04
-28.8640 6.566469E-04
-28.8440 6.579873E-04
-28.8240 6.593320E-04
-28.8039 6.606812E-04
-28.7839 6.620348E-04
-28.7639 6.633927E-04
-28.7439 6.647548E-04
-28.7239 6.661217E-04
-28.7039 6.674934E-04
-28.6839 6.688692E-04
-28.6639 6.702495E-04
-28.6439 6.716344E-04
-28.6239 6.730239E-04
-28.6038 6.744184E-04
-28.5838 6.758169E-04
-28.5638 6.772202E-04
-28.5438 6.786283E-04
-28.5238 6.800410E-04
-28.5038 6.814583E-04
-28.4838 6.828804E-04
-28.4638 6.843074E-04
-28.4438 6.857389E-04
-28.4238 6.871754E-04
-28.4037 6.886165E-04
-28.3837 6.900622E-04
-28.3637 6.915130E-04
-28.3437 6.929690E-04
-28.3237 6.944297E-04
-28.3037 6.958953E-04
-28.2837 6.973657E-04
-28.2637 6.988412E-04
-28.2437 7.003214E-04
-28.2237 7.018068E-04
-28.2036 7.032977E-04
-28.1836 7.047927E-04
-28.1636 7.062933E-04
-28.1436 7.077991E-04
-28.1236 7.093099E-04
-28.1036 7.108258E-04
-28.0836 7.123470E-04
-28.0636 7.138733E-04
-28.0436 7.154052E-04
-28.0236 7.169416E-04
-28.0035 7.184837E-04
-27.9835 7.200310E-04
-27.9635 7.215838E-04
-27.9435 7.231417E-04
-27.9235 7.247051E-04
-27.9035 7.262738E-04
-27.8835 7.278480E-04
-27.8635 7.294277E-04
-27.8435 7.310127E-04
-27.8235 7.326034E-04
-27.8034 7.341996E-04
-27.7834 7.358012E-04
-27.7634 7.374079E-04
-27.7434 7.390209E-04
-27.7234 7.406393E-04
-27.7034 7.422638E-04
-27.6834 7.438936E-04
-27.6634 7.455291E-04
-27.6434 7.471703E-04
-27.6234 7.488174E-04
-27.6033 7.504701E-04
-27.5833 7.521283E-04
-27.5633 7.537927E-04
-27.5433 7.554634E-04
-27.5233 7.571398E-04
-27.5033 7.588219E-04
-27.4833 7.605096E-04
-27.4633 7.622040E-04
-27.4433 7.639037E-04
-27.4233 7.656104E-04
-27.4032 7.673226E-04
-27.3832 7.690410E-04
-27.3632 7.707654E-04
-27.3432 7.724955E-04
-27.3232 7.742324E-04
-27.3032 7.759755E-04
-27.2832 7.777248E-04
-27.2632 7.794802E-04
-27.2432 7.812422E-04
-27.2232 7.830104E-04
-27.2031 7.847855E-04
-27.1831 7.865666E-04
-27.1631 7.883536E-04
-27.1431 7.901474E-04
-27.1231 7.919479E-04
-27.1031 7.937549E-04
-27.0831 7.955684E-04
-27.0631 7.973886E-04
-27.0431 7.992154E-04
-27.0231 8.010489E-04
-27.0030 8.028890E-04
-26.9830 8.047360E-04
-26.9630 8.065896E-04
-26.9430 8.084501E-04
-26.9230 8.103173E-04
-26.9030 8.121916E-04
-26.8830 8.140726E-04
-26.8630 8.159606E-04
-26.8430 8.178556E-04
-26.8230 8.197576E-04
-26.8029 8.216667E-04
-26.7829 8.235828E-04
-26.7629 8.255060E-04
-26.7429 8.274363E-04
-26.7229 8.293739E-04
-26.7029 8.313187E-04
-26.6829 8.332708E-04
-26.6629 8.352301E-04
-26.6429 8.371968E-04
-26.6229 8.391709E-04
-26.6028 8.411517E-04
-26.5828 8.431407E-04
-26.5628 8.451377E-04
-26.5428 8.471416E-04
-26.5228 8.491531E-04
-26.5028 8.511722E-04
-26.4828 8.531984E-04
-26.4628 8.552328E-04
-26.4428 8.572756E-04
-26.4228 8.593255E-04
-26.4027 8.613832E-04
-26.3827 8.634488E-04
-26.3627 8.655216E-04
-26.3427 8.676028E-04
-26.3227 8.696928E-04
-26.3027 8.717901E-04
-26.2827 8.738948E-04
-26.2627 8.760082E-04
-26.2427 8.781305E-04
-26.2227 8.802597E-04
-26.2026 8.823982E-04
-26.1826 8.845438E-04
-26.1626 8.866984E-04
-26.1426 8.888612E-04
-26.1226 8.910325E-04
-26.1026 8.932123E-04
-26.0826 8.954004E-04
-26.0626 8.975972E-04
-26.0426 8.998025E-04
-26.0226 9.020163E-04
-26.0025 9.042397E-04
-25.9825 9.064705E-04
-25.9625 9.087111E-04
-25.9425 9.109592E-04
-25.9225 9.132170E-04
-25.9025 9.154843E-04
-25.8825 9.177598E-04
-25.8625 9.200444E-04
-25.8425 9.223372E-04
-25.8225 9.246399E-04
-25.8024 9.269518E-04
-25.7824 9.292725E-04
-25.7624 9.316028E-04
-25.7424 9.339425E-04
-25.7224 9.362912E-04
-25.7024 9.386495E-04
-25.6824 9.410181E-04
-25.6624 9.433945E-04
-25.6424 9.457813E-04
-25.6224 9.481773E-04
-25.6023 9.505832E-04
-25.5823 9.529989E-04
-25.5623 9.554246E-04
-25.5423 9.578598E-04
-25.5223 9.603048E-04
-25.5023 9.627601E-04
-25.4823 9.652250E-04
-25.4623 9.677001E-04
-25.4423 9.701854E-04
-25.4223 9.726804E-04
-25.4022 9.751859E-04
-25.3822 9.777017E-04
-25.3622 9.802275E-04
-25.3422 9.827638E-04
-25.3222 9.853107E-04
-25.3022 9.878683E-04
-25.2822 9.904359E-04
-25.2622 9.930145E-04
-25.2422 9.956038E-04
-25.2222 9.982033E-04
-25.2021 1.000814E-03
-25.1821 1.003435E-03
-25.1621 1.006068E-03
-25.1421 1.008711E-03
-25.1221 1.011366E-03
-25.1021 1.014031E-03
-25.0821 1.016708E-03
-25.0621 1.019396E-03
-25.0421 1.022094E-03
-25.0221 1.024805E-03
-25.0020 1.027527E-03
-24.9820 1.030261E-03
-24.9620 1.033006E-03
-24.9420 1.035761E-03
-24.9220 1.038530E-03
-24.9020 1.041310E-03
-24.8820 1.044102E-03
-24.8620 1.046906E-03
-24.8420 1.049721E-03
-24.8220 1.052548E-03
-24.8019 1.055387E-03
-24.7819 1.058240E-03
-24.7619 1.061105E-03
-24.7419 1.063981E-03
-24.7219 1.066869E-03
-24.7019 1.069771E-03
-24.6819 1.072685E-03
-24.6619 1.075611E-03
-24.6419 1.078550E-03
-24.6219 1.081502E-03
-24.6018 1.084467E-03
-24.5818 1.087444E-03
-24.5618 1.090433E-03
-24.5418 1.093438E-03
-24.5218 1.096453E-03
-24.5018 1.099484E-03
-24.4818 1.102526E-03
-24.4618 1.105584E-03
-24.4418 1.108654E-03
-24.4218 1.111738E-03
-24.4017 1.114834E-03
-24.3817 1.117946E-03
-24.3617 1.121070E-03
-24.3417 1.124208E-03
-24.3217 1.127361E-03
-24.3017 1.130526E-03
-24.2817 1.133707E-03
-24.2617 1.136902E-03
-24.2417 1.140111E-03
-24.2217 1.143334E-03
-24.2016 1.146570E-03
-24.1816 1.149824E-03
-24.1616 1.153090E-03
-24.1416 1.156371E-03
-24.1216 1.159668E-03
-24.1016 1.162980E-03
-24.0816 1.166307E-03
-24.0616 1.169648E-03
-24.0416 1.173004E-03
-24.0216 1.176375E-03
-24.0015 1.179763E-03
-23.9815 1.183167E-03
-23.9615 1.186583E-03
-23.9415 1.190019E-03
-23.9215 1.193468E-03
-23.9015 1.196934E-03
-23.8815 1.200416E-03
-23.8615 1.203911E-03
-23.8415 1.207427E-03
-23.8215 1.210955E-03
-23.8014 1.214501E-03
-23.7814 1.218064E-03
-23.7614 1.221643E-03
-23.7414 1.225241E-03
-23.7214 1.228855E-03
-23.7014 1.232483E-03
-23.6814 1.236129E-03
-23.6614 1.239792E-03
-23.6414 1.243473E-03
-23.6214 1.247173E-03
-23.6013 1.250890E-03
-23.5813 1.254622E-03
-23.5613 1.258371E-03
-23.5413 1.262143E-03
-23.5213 1.265929E-03
-23.5013 1.269731E-03
-23.4813 1.273554E-03
-23.4613 1.277397E-03
-23.4413 1.281254E-03
-23.4213 1.285135E-03
-23.4012 1.289030E-03
-23.3812 1.292945E-03
-23.3612 1.296880E-03
-23.3412 1.300829E-03
-23.3212 1.304803E-03
-23.3012 1.308792E-03
-23.2812 1.312806E-03
-23.2612 1.316835E-03
-23.2412 1.320883E-03
-23.2212 1.324953E-03
-23.2011 1.329043E-03
-23.1811 1.333154E-03
-23.1611 1.337280E-03
-23.1411 1.341433E-03
-23.1211 1.345602E-03
-23.1011 1.349792E-03
-23.0811 1.354002E-03
-23.0611 1.358235E-03
-23.0411 1.362488E-03
-23.0211 1.366759E-03
-23.0010 1.371057E-03
-22.9810 1.375371E-03
-22.9610 1.379713E-03
-22.9410 1.384072E-03
-22.9210 1.388453E-03
-22.9010 1.392857E-03
-22.8810 1.397284E-03
-22.8610 1.401728E-03
-22.8410 1.406201E-03
-22.8210 1.410691E-03
-22.8009 1.415210E-03
-22.7809 1.419747E-03
-22.7609 1.424308E-03
-22.7409 1.428893E-03
-22.7209 1.433501E-03
-22.7009 1.438135E-03
-22.6809 1.442786E-03
-22.6609 1.447468E-03
-22.6409 1.452175E-03
-22.6209 1.456900E-03
-22.6008 1.461650E-03
-22.5808 1.466426E-03
-22.5608 1.471226E-03
-22.5408 1.476053E-03
-22.5208 1.480905E-03
-22.5008 1.485784E-03
-22.4808 1.490681E-03
-22.4608 1.495613E-03
-22.4408 1.500562E-03
-22.4208 1.505547E-03
-22.4007 1.510551E-03
-22.3807 1.515582E-03
-22.3607 1.520640E-03
-22.3407 1.525725E-03
-22.3207 1.530831E-03
-22.3007 1.535972E-03
-22.2807 1.541142E-03
-22.2607 1.546331E-03
-22.2407 1.551557E-03
-22.2207 1.556803E-03
-22.2006 1.562079E-03
-22.1806 1.567384E-03
-22.1606 1.572718E-03
-22.1406 1.578081E-03
-22.1206 1.583474E-03
-22.1006 1.588898E-03
-22.0806 1.594351E-03
-22.0606 1.599826E-03
-22.0406 1.605341E-03
-22.0206 1.610877E-03
-22.0005 1.616444E-03
-21.9805 1.622043E-03
-21.9605 1.627683E-03
-21.9405 1.633345E-03
-21.9205 1.639039E-03
-21.9005 1.644755E-03
-21.8805 1.650513E-03
-21.8605 1.656306E-03
-21.8405 1.662119E-03
-21.8205 1.667977E-03
-21.8004 1.673858E-03
-21.7804 1.679784E-03
-21.7604 1.685732E-03
-21.7404 1.691715E-03
-21.7204 1.697732E-03
-21.7004 1.703784E-03
-21.6804 1.709871E-03
-21.6604 1.715994E-03
-21.6404 1.722153E-03
-21.6204 1.728335E-03
-21.6003 1.734564E-03
-21.5803 1.740832E-03
-21.5603 1.747123E-03
-21.5403 1.753451E-03
-21.5203 1.759830E-03
-21.5003 1.766232E-03
-21.4803 1.772673E-03
-21.4603 1.779152E-03
-21.4403 1.785669E-03
-21.4203 1.792226E-03
-21.4002 1.798823E-03
-21.3802 1.805457E-03
-21.3602 1.812117E-03
-21.3402 1.818832E-03
-21.3202 1.825573E-03
-21.3002 1.832369E-03
-21.2802 1.839191E-03
-21.2602 1.846071E-03
-21.2402 1.852976E-03
-21.2202 1.859922E-03
-21.2001 1.866912E-03
-21.1801 1.873944E-03
-21.1601 1.881020E-03
-21.1401 1.888138E-03
-21.1201 1.895302E-03
-21.1001 1.902509E-03
-21.0801 1.909742E-03
-21.0601 1.917038E-03
-21.0401 1.924362E-03
-21.0201 1.931749E-03
-21.0000 1.939164E-03
-20.9800 1.946645E-03
-20.9600 1.954152E-03
-20.9400 1.961707E-03
-20.9200 1.969310E-03
-20.9000 1.976961E-03
-20.8800 1.984660E-03
-20.8600 1.992407E-03
-20.8400 2.000204E-03
-20.8200 2.008050E-03
-20.7999 2.015947E-03
-20.7799 2.023873E-03
-20.7599 2.031871E-03
-20.7399 2.039922E-03
-20.7199 2.048000E-03
-20.6999 2.056155E-03
-20.6799 2.064337E-03
-20.6599 2.072573E-03
-20.6399 2.080889E-03
-20.6199 2.089232E-03
-20.5998 2.097630E-03
-20.5798 2.106083E-03
-20.5598 2.114592E-03
-20.5398 2.123157E-03
-20.5198 2.131778E-03
-20.4998 2.140457E-03
-20.4798 2.149195E-03
-20.4598 2.157959E-03
-20.4398 2.166812E-03
-20.4198 2.175726E-03
-20.3997 2.184666E-03
-20.3797 2.193700E-03
-20.3597 2.202761E-03
-20.3397 2.211884E-03
-20.3197 2.221103E-03
-20.2997 2.230349E-03
-20.2797 2.239659E-03
-20.2597 2.249032E-03
-20.2397 2.258469E-03
-20.2197 2.267971E-03
-20.1996 2.277538E-03
-20.1796 2.287171E-03
-20.1596 2.296871E-03
-20.1396 2.306638E-03
-20.1196 2.316473E-03
-20.0996 2.326379E-03
-20.0796 2.336310E-03
-20.0596 2.346353E-03
-20.0396 2.356425E-03
-20.0196 2.366610E-03
-19.9995 2.376823E-03
-19.9795 2.387154E-03
-19.9595 2.397513E-03
-19.9395 2.407994E-03
-19.9195 2.418499E-03
-19.8995 2.429080E-03
-19.8795 2.439738E-03
-19.8595 2.450472E-03
-19.8395 2.461284E-03
-19.8195 2.472174E-03
-19.7994 2.483142E-03
-19.7794 2.494192E-03
-19.7594 2.505321E-03
-19.7394 2.516533E-03
-19.7194 2.527830E-03
-19.6994 2.539146E-03
-19.6794 2.550608E-03
-19.6594 2.562093E-03
-19.6394 2.573727E-03
-19.6194 2.585450E-03
-19.5993 2.597191E-03
-19.5793 2.609021E-03
-19.5593 2.621010E-03
-19.5393 2.633018E-03
-19.5193 2.645117E-03
-19.4993 2.657385E-03
-19.4793 2.669667E-03
-19.4593 2.682045E-03
-19.4393 2.694517E-03
-19.4193 2.707086E-03
-19.3992 2.719751E-03
-19.3792 2.732514E-03
-19.3592 2.745377E-03
-19.3392 2.758343E-03
-19.3192 2.771315E-03
-19.2992 2.784482E-03
-19.2792 2.797754E-03
-19.2592 2.811133E-03
-19.2392 2.824514E-03
-19.2192 2.838106E-03
-19.1991 2.851701E-03
-19.1791 2.865513E-03
-19.1591 2.879326E-03
-19.1391 2.893364E-03
-19.1191 2.907398E-03
-19.0991 2.921546E-03
-19.0791 2.935934E-03
-19.0591 2.950313E-03
-19.0391 2.964810E-03
-19.0191 2.979428E-03
-18.9990 2.994164E-03
-18.9790 3.009023E-03
-18.9590 3.024007E-03
-18.9390 3.039115E-03
-18.9190 3.054349E-03
-18.8990 3.069714E-03
-18.8790 3.085210E-03
-18.8590 3.100676E-03
-18.8390 3.116436E-03
-18.8190 3.132331E-03
-18.7989 3.148367E-03
-18.7789 3.164363E-03
-18.7589 3.180679E-03
-18.7389 3.196948E-03
-18.7189 3.213554E-03
-18.6989 3.230108E-03
-18.6789 3.246805E-03
-18.6589 3.263859E-03
-18.6389 3.280851E-03
-18.6189 3.297992E-03
-18.5988 3.315518E-03
-18.5788 3.332970E-03
-18.5588 3.350582E-03
-18.5388 3.368350E-03
-18.5188 3.386281E-03
-18.4988 3.404373E-03
-18.4788 3.422634E-03
-18.4588 3.441067E-03
-18.4388 3.459675E-03
-18.4188 3.478153E-03
-18.3987 3.497107E-03
-18.3787 3.516244E-03
-18.3587 3.535572E-03
-18.3387 3.554744E-03
-18.3187 3.574444E-03
-18.2987 3.593978E-03
-18.2787 3.614066E-03
-18.2587 3.633974E-03
-18.2387 3.654474E-03
-18.2187 3.674768E-03
-18.1986 3.695259E-03
-18.1786 3.716394E-03
-18.1586 3.737306E-03
-18.1386 3.758419E-03
-18.1186 3.779737E-03
-18.0986 3.801274E-03
-18.0786 3.823035E-03
-18.0586 3.845026E-03
-18.0386 3.867246E-03
-18.0186 3.889702E-03
-17.9985 3.912410E-03
-17.9785 3.935361E-03
-17.9585 3.958578E-03
-17.9385 3.981369E-03
-17.9185 4.005097E-03
-17.8985 4.029099E-03
-17.8785 4.052628E-03
-17.8585 4.077195E-03
-17.8385 4.101235E-03
-17.8185 4.126408E-03
-17.7984 4.150996E-03
-17.7784 4.175858E-03
-17.7584 4.201001E-03
-17.7384 4.227448E-03
-17.7184 4.253220E-03
-17.6984 4.279296E-03
-17.6784 4.305693E-03
-17.6584 4.332422E-03
-17.6384 4.359503E-03
-17.6184 4.386954E-03
-17.5983 4.414756E-03
-17.5783 4.441537E-03
-17.5583 4.470108E-03
-17.5383 4.499145E-03
-17.5183 4.526924E-03
-17.4983 4.556772E-03
-17.4783 4.585312E-03
-17.4583 4.616126E-03
-17.4383 4.645494E-03
-17.4183 4.675271E-03
-17.3982 4.705471E-03
-17.3782 4.736134E-03
-17.3582 4.769770E-03
-17.3382 4.798906E-03
-17.3182 4.831110E-03
-17.2982 4.863909E-03
-17.2782 4.897435E-03
-17.2582 4.931631E-03
-17.2382 4.962951E-03
-17.2182 4.998585E-03
-17.1981 5.031045E-03
-17.1781 5.068392E-03
-17.1581 5.102249E-03
-17.1381 5.136831E-03
-17.1181 5.171978E-03
-17.0981 5.213804E-03
-17.0781 5.251305E-03
-17.0581 5.283217E-03
-17.0381 5.322650E-03
-17.0181 5.363518E-03
-16.9980 5.405964E-03
-16.9780 5.441590E-03
-16.9580 5.478062E-03
-16.9380 5.526154E-03
-16.9180 5.565553E-03
-16.8980 5.607195E-03
-16.8780 5.650402E-03
-16.8580 5.696168E-03
-16.8380 5.745036E-03
-16.8180 5.780675E-03
-16.7979 5.836978E-03
-16.7779 5.877118E-03
-16.7579 5.919745E-03
-16.7379 5.966288E-03
-16.7179 6.017287E-03
-16.6979 6.076969E-03
-16.6779 6.104122E-03
-16.6579 6.182224E-03
-16.6379 6.222002E-03
-16.6179 6.272256E-03
-16.5978 6.331571E-03
-16.5778 6.413679E-03
-16.5578 6.428122E-03
-16.5378 6.567844E-03
-16.5178 6.635491E-03
-16.4978 6.744404E-03
-16.4778 6.711241E-03
-16.4578 6.982240E-03
-16.4378 7.088607E-03
-16.4178 6.989073E-03
-16.3977 7.264220E-03
-16.3777 7.393352E-03
-16.3577 7.554829E-03
-16.3377 7.980060E-03
-16.3177 5.875251E-03
-16.2977 8.963345E-03
-16.2777 8.980391E-03
-16.2577 9.485393E-03
-16.2377 1.039059E-02
-16.2177 1.114691E-02
-16.1976 1.155038E-02
-16.1776 1.156292E-02
-16.1576 1.126989E-02
-16.1376 1.091317E-02
-16.1176 1.055261E-02
-16.0976 1.027453E-02
-16.0776 1.007973E-02
-16.0576 9.954663E-03
-16.0376 9.884144E-03
-16.0176 9.841220E-03
-15.9975 9.834289E-03
-15.9775 9.844001E-03
-15.9575 9.878093E-03
-15.9375 9.922973E-03
-15.9175 9.985335E-03
-15.8975 1.005499E-02
-15.8775 1.013810E-02
-15.8575 1.022692E-02
-15.8375 1.032647E-02
-15.8175 1.043071E-02
-15.7974 1.054414E-02
-15.7774 1.066190E-02
-15.7574 1.078409E-02
-15.7374 1.091436E-02
-15.7174 1.104896E-02
-15.6974 1.119113E-02
-15.6774 1.133776E-02
-15.6574 1.148911E-02
-15.6374 1.165006E-02
-15.6174 1.181346E-02
-15.5973 1.198399E-02
-15.5773 1.216189E-02
-15.5573 1.234693E-02
-15.5373 1.253546E-02
-15.5173 1.273326E-02
-15.4973 1.293701E-02
-15.4773 1.314841E-02
-15.4573 1.336758E-02
-15.4373 1.359330E-02
-15.4173 1.382862E-02
-15.3972 1.407089E-02
-15.3772 1.432182E-02
-15.3572 1.458152E-02
-15.3372 1.484903E-02
-15.3172 1.512827E-02
-15.2972 1.541460E-02
-15.2772 1.571195E-02
-15.2572 1.601922E-02
-15.2372 1.633689E-02
-15.2172 1.666617E-02
-15.1971 1.700617E-02
-15.1771 1.735736E-02
-15.1571 1.772001E-02
-15.1371 1.809613E-02
-15.1171 1.848413E-02
-15.0971 1.888453E-02
-15.0771 1.929823E-02
-15.0571 1.972561E-02
-15.0371 2.016690E-02
-15.0171 2.062220E-02
-14.9970 2.109201E-02
-14.9770 2.157638E-02
-14.9570 2.207561E-02
-14.9370 2.258980E-02
-14.9170 2.311929E-02
-14.8970 2.366553E-02
-14.8770 2.422731E-02
-14.8570 2.480540E-02
-14.8370 2.540004E-02
-14.8170 2.601053E-02
-14.7969 2.663835E-02
-14.7769 2.728223E-02
-14.7569 2.794346E-02
-14.7369 2.862201E-02
-14.7169 2.931735E-02
-14.6969 3.003013E-02
-14.6769 3.076017E-02
-14.6569 3.150752E-02
-14.6369 3.227157E-02
-14.6169 3.305347E-02
-14.5968 3.385364E-02
-14.5768 3.467042E-02
-14.5568 3.550543E-02
-14.5368 3.635805E-02
-14.5168 3.722788E-02
-14.4968 3.811638E-02
-14.4768 3.902212E-02
-14.4568 3.994673E-02
-14.4368 4.088971E-02
-14.4168 4.185133E-02
-14.3967 4.283221E-02
-14.3767 4.383307E-02
-14.3567 4.485332E-02
-14.3367 4.589381E-02
-14.3167 4.695586E-02
-14.2967 4.803918E-02
-14.2767 4.914555E-02
-14.2567 5.027405E-02
-14.2367 5.142719E-02
-14.2167 5.260529E-02
-14.1966 5.380985E-02
-14.1766 5.504236E-02
-14.1566 5.630289E-02
-14.1366 5.759465E-02
-14.1166 5.891834E-02
-14.0966 6.027565E-02
-14.0766 6.166775E-02
-14.0566 6.309863E-02
-14.0366 6.456964E-02
-14.0166 6.608249E-02
-13.9965 6.764029E-02
-13.9765 6.924633E-02
-13.9565 7.090328E-02
-13.9365 7.261490E-02
-13.9165 7.438351E-02
-13.8965 7.621413E-02
-13.8765 7.810986E-02
-13.8565 8.007652E-02
-13.8365 8.211791E-02
-13.8165 8.423919E-02
-13.7964 8.644671E-02
-13.7764 8.874604E-02
-13.7564 9.114368E-02
-13.7364 9.364774E-02
-13.7164 9.626512E-02
-13.6964 9.900466E-02
-13.6764 1.018767E-01
-13.6564 1.048900E-01
-13.6364 1.080570E-01
-13.6164 1.113900E-01
-13.5963 1.149016E-01
-13.5763 1.186089E-01
-13.5563 1.225273E-01
-13.5363 1.266756E-01
-13.5163 1.310754E-01
-13.4963 1.357501E-01
-13.4763 1.407243E-01
-13.4563 1.460292E-01
-13.4363 1.516976E-01
-13.4163 1.577666E-01
-13.3962 1.642790E-01
-13.3762 1.712833E-01
-13.3562 1.788366E-01
-13.3362 1.870009E-01
-13.3162 1.958513E-01
-13.2962 2.054726E-01
-13.2762 2.159637E-01
-13.2562 2.274391E-01
-13.2362 2.400302E-01
-13.2162 2.538931E-01
-13.1961 2.692083E-01
-13.1761 2.861824E-01
-13.1561 3.050511E-01
-13.1361 3.260862E-01
-13.1161 3.495881E-01
-13.0961 3.758802E-01
-13.0761 4.052933E-01
-13.0561 4.381478E-01
-13.0361 4.747009E-01
-13.0161 5.151137E-01
-12.9960 5.593796E-01
-12.9760 6.073114E-01
-12.9560 6.585551E-01
-12.9360 7.126973E-01
-12.9160 7.693402E-01
-12.8960 8.279133E-01
-12.8760 8.867574E-01
-12.8560 9.411814E-01
-12.8360 9.814467E-01
-12.8160 9.940762E-01
-12.7959 9.697525E-01
-12.7759 9.124979E-01
-12.7559 8.384286E-01
-12.7359 7.648027E-01
-12.7159 7.021819E-01
-12.6959 6.541685E-01
-12.6759 6.204164E-01
-12.6559 5.991381E-01
-12.6359 5.884146E-01
-12.6159 5.866950E-01
-12.5958 5.928970E-01
-12.5758 6.063793E-01
-12.5558 6.268769E-01
-12.5358 6.544239E-01
-12.5158 6.892768E-01
-12.4958 7.318518E-01
-12.4758 7.826810E-01
-12.4558 8.423258E-01
-12.4358 9.113441E-01
-12.4158 9.902509E-01
-12.3957 1.079610E+00
-12.3757 1.180330E+00
-12.3557 1.294313E+00
-12.3357 1.425145E+00
-12.3157 1.577845E+00
-12.2957 1.756024E+00
-12.2757 1.955939E+00
-12.2557 2.160866E+00
-12.2357 2.342850E+00
-12.2157 2.467986E+00
-12.1956 2.495207E+00
-12.1756 2.403532E+00
-12.1556 2.229065E+00
-12.1356 2.029861E+00
-12.1156 1.842921E+00
-12.0956 1.682646E+00
-12.0756 1.552112E+00
-12.0556 1.450444E+00
-12.0356 1.376106E+00
-12.0156 1.328143E+00
-11.9955 1.306476E+00
-11.9755 1.311525E+00
-11.9555 1.343495E+00
-11.9355 1.402902E+00
-11.9155 1.493743E+00
-11.8955 1.625295E+00
-11.8755 1.805095E+00
-11.8555 2.021099E+00
-11.8355 2.217982E+00
-11.8155 2.303269E+00
-11.7954 2.227326E+00
-11.7754 2.047015E+00
-11.7554 1.862353E+00
-11.7354 1.735331E+00
-11.7154 1.682539E+00
-11.6954 1.698301E+00
-11.6754 1.770412E+00
-11.6554 1.885515E+00
-11.6354 2.028977E+00
-11.6154 2.181302E+00
-11.5953 2.313490E+00
-11.5753 2.390413E+00
-11.5553 2.390681E+00
-11.5353 2.327407E+00
-11.5153 2.241035E+00
-11.4953 2.169590E+00
-11.4753 2.129313E+00
-11.4553 2.118082E+00
-11.4353 2.128650E+00
-11.4153 2.153612E+00
-11.3952 2.176745E+00
-11.3752 2.166519E+00
-11.3552 2.098300E+00
-11.3352 1.991615E+00
-11.3152 1.897446E+00
-11.2952 1.852650E+00
-11.2752 1.868969E+00
-11.2552 1.947140E+00
-11.2352 2.085988E+00
-11.2152 2.281371E+00
-11.1951 2.521505E+00
-11.1751 2.782166E+00
-11.1551 3.022987E+00
-11.1351 3.200731E+00
-11.1151 3.307916E+00
-11.0951 3.386999E+00
-11.0751 3.478197E+00
-11.0551 3.568421E+00
-11.0351 3.620166E+00
-11.0151 3.635681E+00
-10.9950 3.652553E+00
-10.9750 3.699157E+00
-10.9550 3.776372E+00
-10.9350 3.869993E+00
-10.9150 3.971766E+00
-10.8950 4.081458E+00
-10.8750 4.188551E+00
-10.8550 4.260966E+00
-10.8350 4.255500E+00
-10.8150 4.140687E+00
-10.7949 3.913035E+00
-10.7749 3.605312E+00
-10.7549 3.275350E+00
-10.7349 2.961489E+00
-10.7149 2.664478E+00
-10.6949 2.393193E+00
-10.6749 2.178121E+00
-10.6549 2.035101E+00
-10.6349 1.960922E+00
-10.6149 1.949687E+00
-10.5948 2.000589E+00
-10.5748 2.118088E+00
-10.5548 2.309922E+00
-10.5348 2.580975E+00
-10.5148 2.918645E+00
-10.4948 3.277209E+00
-10.4748 3.594470E+00
-10.4548 3.836730E+00
-10.4348 3.974831E+00
-10.4148 3.945945E+00
-10.3947 3.744131E+00
-10.3747 3.467709E+00
-10.3547 3.222005E+00
-10.3347 3.051874E+00
-10.3147 2.950190E+00
-10.2947 2.885648E+00
-10.2747 2.836984E+00
-10.2547 2.815988E+00
-10.2347 2.846828E+00
-10.2147 2.929208E+00
-10.1946 3.025131E+00
-10.1746 3.081421E+00
-10.1546 3.083821E+00
-10.1346 3.070063E+00
-10.1146 3.072452E+00
-10.0946 3.080825E+00
-10.0746 3.063973E+00
-10.0546 3.008555E+00
-10.0346 2.926873E+00
-10.0146 2.836877E+00
-9.9945 2.749733E+00
-9.9745 2.672435E+00
-9.9545 2.612760E+00
-9.9345 2.578832E+00
-9.9145 2.575796E+00
-9.8945 2.606266E+00
-9.8745 2.672822E+00
-9.8545 2.778854E+00
-9.8345 2.929699E+00
-9.8145 3.135470E+00
-9.7944 3.411852E+00
-9.7744 3.769737E+00
-9.7544 4.184090E+00
-9.7344 4.556391E+00
-9.7144 4.755873E+00
-9.6944 4.774386E+00
-9.6744 4.734540E+00
-9.6544 4.694730E+00
-9.6344 4.588439E+00
-9.6144 4.401292E+00
-9.5943 4.264491E+00
-9.5743 4.288638E+00
-9.5543 4.400492E+00
-9.5343 4.309401E+00
-9.5143 3.807678E+00
-9.4943 3.096606E+00
-9.4743 2.459880E+00
-9.4543 1.985719E+00
-9.4343 1.650086E+00
-9.4143 1.411073E+00
-9.3942 1.236334E+00
-9.3742 1.104537E+00
-9.3542 1.002080E+00
-9.3342 9.202316E-01
-9.3142 8.532746E-01
-9.2942 7.973490E-01
-9.2742 7.498116E-01
-9.2542 7.087817E-01
-9.2342 6.729020E-01
-9.2142 6.411662E-01
-9.1941 6.128194E-01
-9.1741 5.872805E-01
-9.1541 5.640999E-01
-9.1341 5.429219E-01
-9.1141 5.234595E-01
-9.0941 5.054850E-01
-9.0741 4.888091E-01
-9.0541 4.732763E-01
-9.0341 4.587574E-01
-9.0141 4.451431E-01
-8.9940 4.323421E-01
-8.9740 4.202749E-01
-8.9540 4.088747E-01
-8.9340 3.980836E-01
-8.9140 3.878495E-01
-8.8940 3.781282E-01
-8.8740 3.688812E-01
-8.8540 3.600732E-01
-8.8340 3.516734E-01
-8.8140 3.436542E-01
-8.7939 3.359894E-01
-8.7739 3.286577E-01
-8.7539 3.216380E-01
-8.7339 3.149110E-01
-8.7139 3.084606E-01
-8.6939 3.022696E-01
-8.6739 2.963245E-01
-8.6539 2.906108E-01
-8.6339 2.851169E-01
-8.6139 2.798309E-01
-8.5938 2.747415E-01
-8.5738 2.698392E-01
-8.5538 2.651139E-01
-8.5338 2.605568E-01
-8.5138 2.561603E-01
-8.4938 2.519157E-01
-8.4738 2.478160E-01
-8.4538 2.438544E-01
-8.4338 2.400246E-01
-8.4138 2.363203E-01
-8.3937 2.327359E-01
-8.3737 2.292662E-01
-8.3537 2.259058E-01
-8.3337 2.226501E-01
-8.3137 2.194948E-01
-8.2937 2.164359E-01
-8.2737 2.134690E-01
-8.2537 2.105908E-01
-8.2337 2.077972E-01
-8.2137 2.050857E-01
-8.1936 2.024528E-01
-8.1736 1.998955E-01
-8.1536 1.974115E-01
-8.1336 1.949977E-01
-8.1136 1.926519E-01
-8.0936 1.903718E-01
-8.0736 1.881550E-01
-8.0536 1.859998E-01
-8.0336 1.839037E-01
-8.0136 1.818653E-01
-7.9935 1.798824E-01
-7.9735 1.779537E-01
-7.9535 1.760770E-01
-7.9335 1.742514E-01
-7.9135 1.724747E-01
-7.8935 1.707457E-01
-7.8735 1.690633E-01
-7.8535 1.674257E-01
-7.8335 1.658319E-01
-7.8135 1.642801E-01
-7.7934 1.627696E-01
-7.7734 1.612990E-01
-7.7534 1.598673E-01
-7.7334 1.584729E-01
-7.7134 1.571152E-01
-7.6934 1.557925E-01
-7.6734 1.545043E-01
-7.6534 1.532493E-01
-7.6334 1.520264E-01
-7.6134 1.508347E-01
-7.5933 1.496731E-01
-7.5733 1.485407E-01
-7.5533 1.474364E-01
-7.5333 1.463595E-01
-7.5133 1.453088E-01
-7.4933 1.442835E-01
-7.4733 1.432826E-01
-7.4533 1.423051E-01
-7.4333 1.413504E-01
-7.4133 1.404174E-01
-7.3932 1.395051E-01
-7.3732 1.386127E-01
-7.3532 1.377396E-01
-7.3332 1.368847E-01
-7.3132 1.360472E-01
-7.2932 1.352263E-01
-7.2732 1.344211E-01
-7.2532 1.336308E-01
-7.2332 1.328547E-01
-7.2132 1.320919E-01
-7.1931 1.313415E-01
-7.1731 1.306031E-01
-7.1531 1.298755E-01
-7.1331 1.291582E-01
-7.1131 1.284505E-01
-7.0931 1.277518E-01
-7.0731 1.270610E-01
-7.0531 1.263777E-01
-7.0331 1.257011E-01
-7.0131 1.250308E-01
-6.9930 1.243659E-01
-6.9730 1.237060E-01
-6.9530 1.230504E-01
-6.9330 1.223986E-01
-6.9130 1.217502E-01
-6.8930 1.211044E-01
-6.8730 1.204610E-01
-6.8530 1.198193E-01
-6.8330 1.191791E-01
-6.8130 1.185398E-01
-6.7929 1.179012E-01
-6.7729 1.172629E-01
-6.7529 1.166246E-01
-6.7329 1.159860E-01
-6.7129 1.153468E-01
-6.6929 1.147068E-01
-6.6729 1.140658E-01
-6.6529 1.134238E-01
-6.6329 1.127803E-01
-6.6129 1.121353E-01
-6.5928 1.114889E-01
-6.5728 1.108409E-01
-6.5528 1.101912E-01
-6.5328 1.095399E-01
-6.5128 1.088869E-01
-6.4928 1.082323E-01
-6.4728 1.075761E-01
-6.4528 1.069184E-01
-6.4328 1.062592E-01
-6.4128 1.055987E-01
-6.3927 1.049369E-01
-6.3727 1.042740E-01
-6.3527 1.036104E-01
-6.3327 1.029458E-01
-6.3127 1.022806E-01
-6.2927 1.016150E-01
-6.2727 1.009492E-01
-6.2527 1.002833E-01
-6.2327 9.961750E-02
-6.2127 9.895213E-02
-6.1926 9.828728E-02
-6.1726 9.762334E-02
-6.1526 9.696036E-02
-6.1326 9.629868E-02
-6.1126 9.563849E-02
-6.0926 9.498016E-02
-6.0726 9.432358E-02
-6.0526 9.366917E-02
-6.0326 9.301732E-02
-6.0126 9.236805E-02
-5.9925 9.172168E-02
-5.9725 9.107834E-02
-5.9525 9.043832E-02
-5.9325 8.980188E-02
-5.9125 8.916925E-02
-5.8925 8.854055E-02
-5.8725 8.791608E-02
-5.8525 8.729596E-02
-5.8325 8.668045E-02
-5.8125 8.606974E-02
-5.7924 8.546400E-02
-5.7724 8.486345E-02
-5.7524 8.426833E-02
-5.7324 8.367860E-02
-5.7124 8.309459E-02
-5.6924 8.251648E-02
-5.6724 8.194443E-02
-5.6524 8.137842E-02
-5.6324 8.081882E-02
-5.6124 8.026578E-02
-5.5923 7.971924E-02
-5.5723 7.917939E-02
-5.5523 7.864647E-02
-5.5323 7.812052E-02
-5.5123 7.760165E-02
-5.4923 7.708999E-02
-5.4723 7.658560E-02
-5.4523 7.608872E-02
-5.4323 7.559916E-02
-5.4123 7.511732E-02
-5.3922 7.464313E-02
-5.3722 7.417659E-02
-5.3522 7.371792E-02
-5.3322 7.326719E-02
-5.3122 7.282439E-02
-5.2922 7.238953E-02
-5.2722 7.196281E-02
-5.2522 7.154417E-02
-5.2322 7.113371E-02
-5.2122 7.073151E-02
-5.1921 7.033750E-02
-5.1721 6.995173E-02
-5.1521 6.957440E-02
-5.1321 6.920535E-02
-5.1121 6.884476E-02
-5.0921 6.849258E-02
-5.0721 6.814885E-02
-5.0521 6.781359E-02
-5.0321 6.748684E-02
-5.0121 6.716862E-02
-4.9920 6.685900E-02
-4.9720 6.655793E-02
-4.9520 6.626545E-02
-4.9320 6.598166E-02
-4.9120 6.570652E-02
-4.8920 6.544003E-02
-4.8720 6.518233E-02
-4.8520 6.493330E-02
-4.8320 6.469309E-02
-4.8120 6.446174E-02
-4.7919 6.423912E-02
-4.7719 6.402545E-02
-4.7519 6.382076E-02
-4.7319 6.362503E-02
-4.7119 6.343835E-02
-4.6919 6.326073E-02
-4.6719 6.309226E-02
-4.6519 6.293292E-02
-4.6319 6.278297E-02
-4.6119 6.264234E-02
-4.5918 6.251116E-02
-4.5718 6.238953E-02
-4.5518 6.227743E-02
-4.5318 6.217509E-02
-4.5118 6.208258E-02
-4.4918 6.200000E-02
-4.4718 6.192753E-02
-4.4518 6.186520E-02
-4.4318 6.181327E-02
-4.4118 6.177173E-02
-4.3917 6.174091E-02
-4.3717 6.172087E-02
-4.3517 6.171192E-02
-4.3317 6.171409E-02
-4.3117 6.172767E-02
-4.2917 6.175288E-02
-4.2717 6.178990E-02
-4.2517 6.183894E-02
-4.2317 6.190030E-02
-4.2117 6.197426E-02
-4.1916 6.206113E-02
-4.1716 6.216112E-02
-4.1516 6.227453E-02
-4.1316 6.240169E-02
-4.1116 6.254294E-02
-4.0916 6.269868E-02
-4.0716 6.286915E-02
-4.0516 6.305481E-02
-4.0316 6.325601E-02
-4.0116 6.347327E-02
-3.9915 6.370670E-02
-3.9715 6.395704E-02
-3.9515 6.422459E-02
-3.9315 6.450974E-02
-3.9115 6.481305E-02
-3.8915 6.513486E-02
-3.8715 6.547593E-02
-3.8515 6.583647E-02
-3.8315 6.621701E-02
-3.8115 6.661819E-02
-3.7914 6.704026E-02
-3.7714 6.748390E-02
-3.7514 6.794949E-02
-3.7314 6.843764E-02
-3.7114 6.894850E-02
-3.6914 6.948286E-02
-3.6714 7.004093E-02
-3.6514 7.062319E-02
-3.6314 7.122984E-02
-3.6114 7.186130E-02
-3.5913 7.251773E-02
-3.5713 7.319931E-02
-3.5513 7.390610E-02
-3.5313 7.463842E-02
-3.5113 7.539576E-02
-3.4913 7.617844E-02
-3.4713 7.698581E-02
-3.4513 7.781749E-02
-3.4313 7.867297E-02
-3.4113 7.955175E-02
-3.3912 8.045283E-02
-3.3712 8.137498E-02
-3.3512 8.231727E-02
-3.3312 8.327830E-02
-3.3112 8.425623E-02
-3.2912 8.524923E-02
-3.2712 8.625555E-02
-3.2512 8.727307E-02
-3.2312 8.829890E-02
-3.2112 8.933047E-02
-3.1911 9.036519E-02
-3.1711 9.139978E-02
-3.1511 9.243120E-02
-3.1311 9.345601E-02
-3.1111 9.447095E-02
-3.0911 9.547256E-02
-3.0711 9.645682E-02
-3.0511 9.742058E-02
-3.0311 9.835997E-02
-3.0111 9.927176E-02
-2.9910 1.001524E-01
-2.9710 1.009988E-01
-2.9510 1.018078E-01
-2.9310 1.025766E-01
-2.9110 1.033026E-01
-2.8910 1.039837E-01
-2.8710 1.046179E-01
-2.8510 1.052038E-01
-2.8310 1.057399E-01
-2.8110 1.062255E-01
-2.7909 1.066603E-01
-2.7709 1.070437E-01
-2.7509 1.073762E-01
-2.7309 1.076586E-01
-2.7109 1.078913E-01
-2.6909 1.080759E-01
-2.6709 1.082133E-01
-2.6509 1.083056E-01
-2.6309 1.083543E-01
-2.6109 1.083614E-01
-2.5908 1.083291E-01
-2.5708 1.082595E-01
-2.5508 1.081548E-01
-2.5308 1.080172E-01
-2.5108 1.078491E-01
-2.4908 1.076527E-01
-2.4708 1.074301E-01
-2.4508 1.071834E-01
-2.4308 1.069148E-01
-2.4108 1.066263E-01
-2.3907 1.063195E-01
-2.3707 1.059966E-01
-2.3507 1.056587E-01
-2.3307 1.053081E-01
-2.3107 1.049455E-01
-2.2907 1.045728E-01
-2.2707 1.041909E-01
-2.2507 1.038011E-01
-2.2307 1.034043E-01
-2.2107 1.030015E-01
-2.1906 1.025935E-01
-2.1706 1.021812E-01
-2.1506 1.017650E-01
-2.1306 1.013457E-01
-2.1106 1.009237E-01
-2.0906 1.004997E-01
-2.0706 1.000740E-01
-2.0506 9.964687E-02
-2.0306 9.921888E-02
-2.0106 9.879004E-02
-1.9905 9.836099E-02
-1.9705 9.793159E-02
-1.9505 9.750220E-02
-1.9305 9.707322E-02
-1.9105 9.664467E-02
-1.8905 9.621669E-02
-1.8705 9.578962E-02
-1.8505 9.536345E-02
-1.8305 9.493829E-02
-1.8105 9.451463E-02
-1.7904 9.409234E-02
-1.7704 9.367174E-02
-1.7504 9.325302E-02
-1.7304 9.283634E-02
-1.7104 9.242186E-02
-1.6904 9.201004E-02
-1.6704 9.160077E-02
-1.6504 9.119428E-02
-1.6304 9.079128E-02
-1.6104 9.039149E-02
-1.5903 8.999551E-02
-1.5703 8.960338E-02
-1.5503 8.921561E-02
-1.5303 8.883230E-02
-1.5103 8.845379E-02
-1.4903 8.808057E-02
-1.4703 8.771266E-02
-1.4503 8.735063E-02
-1.4303 8.699470E-02
-1.4103 8.664518E-02
-1.3902 8.630245E-02
-1.3702 8.596680E-02
-1.3502 8.563874E-02
-1.3302 8.531840E-02
-1.3102 8.500622E-02
-1.2902 8.470257E-02
-1.2702 8.440774E-02
-1.2502 8.412206E-02
-1.2302 8.384595E-02
-1.2102 8.357971E-02
-1.1901 8.332365E-02
-1.1701 8.307815E-02
-1.1501 8.284352E-02
-1.1301 8.262015E-02
-1.1101 8.240840E-02
-1.0901 8.220851E-02
-1.0701 8.202078E-02
-1.0501 8.184557E-02
-1.0301 8.168322E-02
-1.0101 8.153406E-02
-0.9900 8.139838E-02
-0.9700 8.127646E-02
-0.9500 8.116870E-02
-0.9300 8.107529E-02
-0.9100 8.099659E-02
-0.8900 8.093299E-02
-0.8700 8.088457E-02
-0.8500 8.085177E-02
-0.8300 8.083486E-02
-0.8100 8.083412E-02
-0.7899 8.084993E-02
-0.7699 8.088240E-02
-0.7499 8.093211E-02
-0.7299 8.099899E-02
-0.7099 8.108343E-02
-0.6899 8.118579E-02
-0.6699 8.130628E-02
-0.6499 8.144516E-02
-0.6299 8.160263E-02
-0.6099 8.177898E-02
-0.5898 8.197449E-02
-0.5698 8.218930E-02
-0.5498 8.242374E-02
-0.5298 8.267793E-02
-0.5098 8.295199E-02
-0.4898 8.324628E-02
-0.4698 8.356084E-02
-0.4498 8.389562E-02
-0.4298 8.425107E-02
-0.4098 8.462702E-02
-0.3897 8.502365E-02
-0.3697 8.544094E-02
-0.3497 8.587865E-02
-0.3297 8.633699E-02
-0.3097 8.681558E-02
-0.2897 8.731454E-02
-0.2697 8.783338E-02
-0.2497 8.837185E-02
-0.2297 8.892963E-02
-0.2097 8.950642E-02
-0.1896 9.010129E-02
-0.1696 9.071412E-02
-0.1496 9.134415E-02
-0.1296 9.199016E-02
-0.1096 9.265193E-02
-0.0896 9.332805E-02
-0.0696 9.401776E-02
-0.0496 9.471967E-02
-0.0296 9.543272E-02
-0.0096 9.615535E-02
0.0105 9.688621E-02
0.0305 9.762386E-02
0.0505 9.836653E-02
0.0705 9.911251E-02
0.0905 9.986010E-02
0.1105 1.006073E-01
0.1305 1.013522E-01
0.1505 1.020931E-01
0.1705 1.028279E-01
0.1905 1.035542E-01
0.2106 1.042708E-01
0.2306 1.049750E-01
0.2506 1.056651E-01
0.2706 1.063394E-01
0.2906 1.069960E-01
0.3106 1.076332E-01
0.3306 1.082494E-01
0.3506 1.088434E-01
0.3706 1.094134E-01
0.3906 1.099587E-01
0.4107 1.104782E-01
0.4307 1.109711E-01
0.4507 1.114368E-01
0.4707 1.118748E-01
0.4907 1.122850E-01
0.5107 1.126672E-01
0.5307 1.130217E-01
0.5507 1.133487E-01
0.5707 1.136487E-01
0.5907 1.139223E-01
0.6108 1.141704E-01
0.6308 1.143937E-01
0.6508 1.145935E-01
0.6708 1.147705E-01
0.6908 1.149264E-01
0.7108 1.150620E-01
0.7308 1.151788E-01
0.7508 1.152781E-01
0.7708 1.153614E-01
0.7908 1.154299E-01
0.8109 1.154850E-01
0.8309 1.155280E-01
0.8509 1.155602E-01
0.8709 1.155829E-01
0.8909 1.155974E-01
0.9109 1.156048E-01
0.9309 1.156061E-01
0.9509 1.156025E-01
0.9709 1.155947E-01
0.9909 1.155840E-01
1.0110 1.155709E-01
1.0310 1.155563E-01
1.0510 1.155407E-01
1.0710 1.155249E-01
1.0910 1.155094E-01
1.1110 1.154945E-01
1.1310 1.154808E-01
1.1510 1.154684E-01
1.1710 1.154577E-01
1.1910 1.154488E-01
1.2111 1.154419E-01
1.2311 1.154371E-01
1.2511 1.154342E-01
1.2711 1.154334E-01
1.2911 1.154346E-01
1.3111 1.154376E-01
1.3311 1.154423E-01
1.3511 1.154484E-01
1.3711 1.154557E-01
1.3911 1.154640E-01
1.4112 1.154730E-01
1.4312 1.154823E-01
1.4512 1.154916E-01
1.4712 1.155006E-01
1.4912 1.155088E-01
1.5112 1.155161E-01
1.5312 1.155217E-01
1.5512 1.155256E-01
1.5712 1.155272E-01
1.5912 1.155262E-01
1.6113 1.155223E-01
1.6313 1.155149E-01
1.6513 1.155037E-01
1.6713 1.154884E-01
1.6913 1.154688E-01
1.7113 1.154444E-01
1.7313 1.154148E-01
1.7513 1.153801E-01
1.7713 1.153397E-01
1.7913 1.152934E-01
1.8114 1.152413E-01
1.8314 1.151830E-01
1.8514 1.151182E-01
1.8714 1.150471E-01
1.8914 1.149696E-01
1.9114 1.148853E-01
1.9314 1.147946E-01
1.9514 1.146971E-01
1.9714 1.145931E-01
1.9914 1.144828E-01
2.0115 1.143659E-01
2.0315 1.142428E-01
2.0515 1.141135E-01
2.0715 1.139782E-01
2.0915 1.138371E-01
2.1115 1.136906E-01
2.1315 1.135385E-01
2.1515 1.133814E-01
2.1715 1.132195E-01
2.1915 1.130530E-01
2.2116 1.128822E-01
2.2316 1.127075E-01
2.2516 1.125290E-01
2.2716 1.123472E-01
2.2916 1.121623E-01
2.3116 1.119747E-01
2.3316 1.117848E-01
2.3516 1.115926E-01
2.3716 1.113988E-01
2.3916 1.112034E-01
2.4117 1.110069E-01
2.4317 1.108094E-01
2.4517 1.106115E-01
2.4717 1.104132E-01
2.4917 1.102149E-01
2.5117 1.100170E-01
2.5317 1.098195E-01
2.5517 1.096227E-01
2.5717 1.094270E-01
2.5917 1.092325E-01
2.6118 1.090394E-01
2.6318 1.088479E-01
2.6518 1.086583E-01
2.6718 1.084707E-01
2.6918 1.082851E-01
2.7118 1.081019E-01
2.7318 1.079212E-01
2.7518 1.077429E-01
2.7718 1.075674E-01
2.7918 1.073945E-01
2.8119 1.072247E-01
2.8319 1.070579E-01
2.8519 1.068939E-01
2.8719 1.067332E-01
2.8919 1.065756E-01
2.9119 1.064214E-01
2.9319 1.062703E-01
2.9519 1.061226E-01
2.9719 1.059781E-01
2.9919 1.058371E-01
3.0120 1.056995E-01
3.0320 1.055652E-01
3.0520 1.054344E-01
3.0720 1.053069E-01
3.0920 1.051829E-01
3.1120 1.050623E-01
3.1320 1.049450E-01
3.1520 1.048313E-01
3.1720 1.047209E-01
3.1920 1.046138E-01
3.2121 1.045101E-01
3.2321 1.044098E-01
3.2521 1.043129E-01
3.2721 1.042192E-01
3.2921 1.041289E-01
3.3121 1.040418E-01
3.3321 1.039580E-01
3.3521 1.038775E-01
3.3721 1.038002E-01
3.3921 1.037261E-01
3.4122 1.036553E-01
3.4322 1.035876E-01
3.4522 1.035232E-01
3.4722 1.034619E-01
3.4922 1.034037E-01
3.5122 1.033487E-01
3.5322 1.032969E-01
3.5522 1.032482E-01
3.5722 1.032025E-01
3.5922 1.015964E-01
3.6123 1.031204E-01
3.6323 1.030840E-01
3.6523 1.030507E-01
3.6723 1.030203E-01
3.6923 1.029931E-01
3.7123 1.029689E-01
3.7323 1.029477E-01
3.7523 1.029294E-01
3.7723 1.029142E-01
3.7923 1.029019E-01
3.8124 1.028926E-01
3.8324 1.028863E-01
3.8524 1.016215E-01
3.8724 1.028823E-01
3.8924 1.028846E-01
3.9124 1.011922E-01
3.9324 1.028979E-01
3.9524 1.029086E-01
3.9724 1.029222E-01
3.9924 1.029387E-01
4.0125 1.029576E-01
4.0325 1.029793E-01
4.0525 1.030035E-01
4.0725 1.030305E-01
4.0925 1.030597E-01
4.1125 1.030916E-01
4.1325 1.031257E-01
4.1525 1.031622E-01
4.1725 1.018047E-01
4.1925 1.032418E-01
4.2126 1.032848E-01
4.2326 1.026884E-01
4.2526 1.033768E-01
4.2726 1.034253E-01
4.2926 1.034759E-01
4.3126 1.035281E-01
4.3326 1.035817E-01
4.3526 1.036366E-01
4.3726 1.036929E-01
4.3926 1.037502E-01
4.4127 1.038088E-01
4.4327 1.038681E-01
4.4527 1.039282E-01
4.4727 1.039890E-01
4.4927 1.021741E-01
4.5127 1.041116E-01
4.5327 1.034636E-01
4.5527 1.042348E-01
4.5727 1.042963E-01
4.5927 1.043573E-01
4.6128 1.044180E-01
4.6328 1.044781E-01
4.6528 1.045373E-01
4.6728 1.045954E-01
4.6928 1.046524E-01
4.7128 1.047082E-01
4.7328 1.047624E-01
4.7528 1.048150E-01
4.7728 1.048658E-01
4.7928 1.049146E-01
4.8129 1.016930E-01
4.8329 1.050056E-01
4.8529 1.037240E-01
4.8729 1.050869E-01
4.8929 1.051236E-01
4.9129 1.051574E-01
4.9329 1.051883E-01
4.9529 1.052161E-01
4.9729 1.052407E-01
4.9929 1.052621E-01
5.0130 1.052801E-01
5.0330 1.052947E-01
5.0530 1.053058E-01
5.0730 1.053133E-01
5.0930 1.053171E-01
5.1130 1.053175E-01
5.1330 1.006349E-01
5.1530 1.053069E-01
5.1730 1.031197E-01
5.1930 1.052818E-01
5.2131 1.052637E-01
5.2331 1.052420E-01
5.2531 1.052168E-01
5.2731 1.051881E-01
5.2931 1.051558E-01
5.3131 1.051202E-01
5.3331 1.050813E-01
5.3531 1.050393E-01
5.3731 1.049941E-01
5.3931 1.049459E-01
5.4132 1.048948E-01
5.4332 1.048411E-01
5.4532 9.960781E-02
5.4732 1.047260E-01
5.4932 1.019967E-01
5.5132 1.046016E-01
5.5332 1.045364E-01
5.5532 1.044692E-01
5.5732 1.044004E-01
5.5932 1.043301E-01
5.6133 1.042585E-01
5.6333 1.041855E-01
5.6533 1.041117E-01
5.6733 1.040371E-01
5.6933 1.039618E-01
5.7133 1.038859E-01
5.7333 1.038098E-01
5.7533 1.037334E-01
5.7733 9.911013E-02
5.7933 1.035810E-01
5.8134 1.009799E-01
5.8334 1.034298E-01
5.8534 1.033552E-01
5.8734 1.032812E-01
5.8934 1.032083E-01
5.9134 1.031364E-01
5.9334 1.030656E-01
5.9534 1.029963E-01
5.9734 1.029284E-01
5.9934 1.028622E-01
6.0135 1.027976E-01
6.0335 1.027349E-01
6.0535 1.026740E-01
6.0735 1.026152E-01
6.0935 9.935632E-02
6.1135 1.025043E-01
6.1335 1.005427E-01
6.1535 1.024025E-01
6.1735 1.023552E-01
6.1935 1.023106E-01
6.2136 1.022685E-01
6.2336 1.022291E-01
6.2536 1.021925E-01
6.2736 1.021586E-01
6.2936 1.021277E-01
6.3136 1.020996E-01
6.3336 1.020743E-01
6.3536 1.020521E-01
6.3736 1.020329E-01
6.3936 1.020166E-01
6.4137 1.003308E-01
6.4337 1.019933E-01
6.4537 1.008675E-01
6.4737 1.019822E-01
6.4937 1.019814E-01
6.5137 1.019836E-01
6.5337 1.019889E-01
6.5537 1.019974E-01
6.5737 1.020090E-01
6.5937 1.020236E-01
6.6138 1.020413E-01
6.6338 1.020621E-01
6.6538 1.020860E-01
6.6738 1.021128E-01
6.6938 1.021428E-01
6.7138 1.021757E-01
6.7338 1.018898E-01
6.7538 1.022506E-01
6.7738 1.019168E-01
6.7938 1.023371E-01
6.8139 1.023847E-01
6.8339 1.024351E-01
6.8539 1.024884E-01
6.8739 1.025444E-01
6.8939 1.026031E-01
6.9139 1.026645E-01
6.9339 1.027287E-01
6.9539 1.027954E-01
6.9739 1.028648E-01
6.9939 1.029365E-01
7.0140 1.030109E-01
7.0340 1.030877E-01
7.0540 1.038278E-01
7.0740 1.032484E-01
7.0940 1.035340E-01
7.1140 1.034183E-01
7.1340 1.035065E-01
7.1540 1.035971E-01
7.1740 1.036897E-01
7.1940 1.037843E-01
7.2141 1.038809E-01
7.2341 1.039796E-01
7.2541 1.040800E-01
7.2741 1.041824E-01
7.2941 1.042866E-01
7.3141 1.043925E-01
7.3341 1.045000E-01
7.3541 1.046093E-01
7.3741 1.059037E-01
7.3941 1.048324E-01
7.4142 1.055048E-01
7.4342 1.050614E-01
7.4542 1.051779E-01
7.4742 1.052957E-01
7.4942 1.054148E-01
7.5142 1.055350E-01
7.5342 1.056563E-01
7.5542 1.057788E-01
7.5742 1.059021E-01
7.5942 1.060264E-01
7.6143 1.061515E-01
7.6343 1.062775E-01
7.6543 1.064041E-01
7.6743 1.065315E-01
7.6943 1.078545E-01
7.7143 1.067881E-01
7.7343 1.075810E-01
7.7543 1.070465E-01
7.7743 1.071763E-01
7.7943 1.073063E-01
7.8144 1.074366E-01
7.8344 1.075671E-01
7.8544 1.076976E-01
7.8744 1.078282E-01
7.8944 1.079585E-01
7.9144 1.080890E-01
7.9344 1.082193E-01
7.9544 1.083492E-01
7.9744 1.084788E-01
7.9944 1.086081E-01
8.0145 1.094290E-01
8.0345 1.088652E-01
8.0545 1.094950E-01
8.0745 1.091199E-01
8.0945 1.092463E-01
8.1145 1.093718E-01
8.1345 1.094965E-01
8.1545 1.096203E-01
8.1745 1.097430E-01
8.1945 1.098649E-01
8.2146 1.099855E-01
8.2346 1.101049E-01
8.2546 1.102231E-01
8.2746 1.103399E-01
8.2946 1.104555E-01
8.3146 1.105696E-01
8.3346 1.104547E-01
8.3546 1.107933E-01
8.3746 1.109982E-01
8.3946 1.110105E-01
8.4147 1.111166E-01
8.4347 1.112208E-01
8.4547 1.113233E-01
8.4747 1.114239E-01
8.4947 1.115226E-01
8.5147 1.116194E-01
8.5347 1.117141E-01
8.5547 1.118067E-01
8.5747 1.118973E-01
8.5947 1.119857E-01
8.6148 1.120720E-01
8.6348 1.121561E-01
8.6548 1.109151E-01
8.6748 1.123174E-01
8.6948 1.119321E-01
8.7148 1.124697E-01
8.7348 1.125422E-01
8.7548 1.126126E-01
8.7748 1.126805E-01
8.7948 1.127461E-01
8.8149 1.128092E-01
8.8349 1.128698E-01
8.8549 1.129282E-01
8.8749 1.129842E-01
8.8949 1.130376E-01
8.9149 1.130888E-01
8.9349 1.131376E-01
8.9549 1.131840E-01
8.9749 1.109849E-01
8.9949 1.132697E-01
9.0150 1.123041E-01
9.0350 1.133462E-01
9.0550 1.133809E-01
9.0750 1.134136E-01
9.0950 1.134440E-01
9.1150 1.134721E-01
9.1350 1.134982E-01
9.1550 1.135222E-01
9.1750 1.135442E-01
9.1950 1.135643E-01
9.2151 1.135824E-01
9.2351 1.135985E-01
9.2551 1.136129E-01
9.2751 1.136255E-01
9.2951 1.109964E-01
9.3151 1.136459E-01
9.3351 1.123147E-01
9.3551 1.136599E-01
9.3751 1.136649E-01
9.3951 1.136684E-01
9.4152 1.136707E-01
9.4352 1.136719E-01
9.4552 1.136719E-01
9.4752 1.136709E-01
9.4952 1.136691E-01
9.5152 1.136663E-01
9.5352 1.136629E-01
9.5552 1.136589E-01
9.5752 1.136542E-01
9.5952 1.136491E-01
9.6153 1.113651E-01
9.6353 1.136379E-01
9.6553 1.123156E-01
9.6753 1.136261E-01
9.6953 1.136202E-01
9.7153 1.136144E-01
9.7353 1.136089E-01
9.7553 1.136037E-01
9.7753 1.135991E-01
9.7953 1.135949E-01
9.8154 1.135914E-01
9.8354 1.135887E-01
9.8554 1.135868E-01
9.8754 1.135860E-01
9.8954 1.135861E-01
9.9154 1.135876E-01
9.9354 1.427456E-01
9.9554 1.135945E-01
9.9754 1.127325E-01
9.9954 1.136075E-01
10.0155 1.136167E-01
10.0355 1.136276E-01
10.0555 1.136405E-01
10.0755 1.136555E-01
10.0955 1.136727E-01
10.1155 1.136922E-01
10.1355 1.137141E-01
10.1555 1.137385E-01
10.1755 1.137655E-01
10.1955 1.137952E-01
10.2156 1.138279E-01
10.2356 1.138634E-01
10.2556 1.443479E-01
10.2756 1.139438E-01
10.2956 1.445465E-01
