882.059 -60.9262157000 -3.7787334010 1.3101606579E-05
892.059 -50.9262157000 -3.4138164495 1.7792363411E-05
902.059 -40.9262157000 -3.0049061698 2.6272749682E-05
912.059 -30.9262157000 -2.5307661487 4.5620059085E-05
913.559 -29.4262157000 -2.4517494031 5.0817058545E-05
915.059 -27.9262157000 -2.3700996911 5.7099111028E-05
916.559 -26.4262157000 -2.2855349387 6.5107327217E-05
918.059 -24.9262157000 -2.1977188668 7.5531842020E-05
919.559 -23.4262157000 -2.1062443358 8.9291507989E-05
921.059 -21.9262157000 -2.0106126026 1.0841626070E-04
922.059 -20.9262157000 -1.9442465858 1.2584437473E-04
922.194 -20.7909257000 -1.9350930494 1.2859776997E-04
922.329 -20.6556357000 -1.9258960078 1.3146274828E-04
922.465 -20.5203457000 -1.9166550570 1.3444602116E-04
922.559 -20.4262157000 -1.9101990598 1.3659510475E-04
922.6 -20.3850557000 -1.9073691124 1.3755459011E-04
922.735 -20.2497657000 -1.8980378500 1.4079625688E-04
922.87 -20.1144757000 -1.8886605417 1.4417946416E-04
923.006 -19.9791857000 -1.8792363850 1.4771290155E-04
923.141 -19.8438957000 -1.8697646715 1.5140667415E-04
923.276 -19.7086057000 -1.8602447320 1.5527105379E-04
923.412 -19.5733157000 -1.8506758222 1.5931757236E-04
923.547 -19.4380257000 -1.8410572364 1.6355945386E-04
923.682 -19.3027357000 -1.8313881920 1.6801011589E-04
923.817 -19.1674457000 -1.8216676516 1.7268521552E-04
923.953 -19.0321557000 -1.8118950803 1.7760091194E-04
924.088 -18.8968657000 -1.8020695133 1.8277573926E-04
924.223 -18.7615757000 -1.7921900197 1.8822962495E-04
924.359 -18.6262857000 -1.7822558222 1.9398513052E-04
924.494 -18.4909957000 -1.7722658807 2.0006702115E-04
924.629 -18.3557057000 -1.7622193680 2.0650303025E-04
924.764 -18.2204157000 -1.7521152502 2.1332390391E-04
924.9 -18.0851257000 -1.7419524637 2.2056557340E-04
925.035 -17.9498357000 -1.7317301602 2.2826861184E-04
925.17 -17.8145457000 -1.7214470320 2.3647871606E-04
925.306 -17.6792557000 -1.7111021690 2.4524553642E-04
925.441 -17.5439657000 -1.7006943196 2.5461459535E-04
925.576 -17.4086757000 -1.6902223833 2.6461923695E-04
925.712 -17.2733857000 -1.6796852880 2.7531405236E-04
925.847 -17.1380957000 -1.6690815447 2.8680827876E-04
925.982 -17.0028057000 -1.6584100674 2.9923308131E-04
926.117 -16.8675157000 -1.6476694756 3.1271041068E-04
926.253 -16.7322257000 -1.6368582785 3.2737428104E-04
926.388 -16.5969357000 -1.6259753297 3.4331320719E-04
926.523 -16.4616457000 -1.6150191128 3.6061134460E-04
926.659 -16.3263557000 -1.6039879273 3.7943111870E-04
926.794 -16.1910657000 -1.5928804160 4.0005232782E-04
926.929 -16.0557757000 -1.5816948365 4.2281085554E-04
927.064 -15.9204857000 -1.5704295884 4.4807929696E-04
927.2 -15.7851957000 -1.5590830811 4.7629295225E-04
927.335 -15.6499057000 -1.5476532525 5.0797644703E-04
927.47 -15.5146157000 -1.5361384504 5.4377565385E-04
927.606 -15.3793257000 -1.5245365401 5.8449196143E-04
927.741 -15.2440357000 -1.5128457988 6.3112079436E-04
927.876 -15.1087457000 -1.5010640093 6.8494940861E-04
928.011 -14.9734557000 -1.4891890105 7.4760708793E-04
928.147 -14.8381657000 -1.4772185545 8.2127974914E-04
928.282 -14.7028757000 -1.4651502291 9.0895027462E-04
928.417 -14.5675857000 -1.4529816689 1.0148305947E-03
928.553 -14.4322957000 -1.4407103339 1.1448025766E-03
928.688 -14.2970057000 -1.4283336498 1.3069596930E-03
928.823 -14.1617157000 -1.4158487787 1.5114820027E-03
928.958 -14.0264257000 -1.4032527570 1.7674152710E-03
929.094 -13.8911357000 -1.3905427940 2.0742246814E-03
929.229 -13.7558457000 -1.3777154271 2.4198967757E-03
929.364 -13.6205557000 -1.3647675798 2.8116143167E-03
929.5 -13.4852657000 -1.3516957113 3.2889846550E-03
929.635 -13.3499757000 -1.3384960288 3.8548475046E-03
929.77 -13.2146857000 -1.3251650744 4.4407395974E-03
929.906 -13.0793957000 -1.3116986024 5.0070287565E-03
930.041 -12.9441057000 -1.2980923540 5.6079212087E-03
930.176 -12.8088157000 -1.2843420528 6.3059330218E-03
930.311 -12.6735257000 -1.2704429375 7.1436023808E-03
930.447 -12.5382357000 -1.2563899423 8.1703192162E-03
930.582 -12.4029457000 -1.2421781444 9.4856254787E-03
930.717 -12.2676557000 -1.2278016828 1.1093542985E-02
930.853 -12.1323657000 -1.2132550546 1.2525726588E-02
930.988 -11.9970757000 -1.1985317533 1.3097320115E-02
931.123 -11.8617857000 -1.1836254556 1.3060321319E-02
931.258 -11.7264957000 -1.1685288850 1.3612740927E-02
931.394 -11.5912057000 -1.1532348001 1.5125459235E-02
931.529 -11.4559157000 -1.1377350951 1.6933547136E-02
931.664 -11.3206257000 -1.1220212962 1.8570334137E-02
931.8 -11.1853357000 -1.1060842787 1.9961370557E-02
931.935 -11.0500457000 -1.0899142997 2.0982786513E-02
932.07 -10.9147557000 -1.0735006831 2.0940044666E-02
932.205 -10.7794657000 -1.0568322789 1.9103251751E-02
932.341 -10.6441757000 -1.0398967327 1.5958749471E-02
932.476 -10.5088857000 -1.0226807210 1.2779240891E-02
932.611 -10.3735957000 -1.0051698860 1.0274261406E-02
932.747 -10.2383057000 -0.9873485414 8.4719844239E-03
932.882 -10.1030157000 -0.9691995587 7.1907620621E-03
933.017 -9.9677256600 -0.9507042304 6.2658667613E-03
933.152 -9.8324356600 -0.9318417622 5.5834987432E-03
933.288 -9.6971456600 -0.9125896223 5.0710739686E-03
933.423 -9.5618556600 -0.8929223975 4.6812516103E-03
933.558 -9.4265656600 -0.8728121507 4.3824416389E-03
933.694 -9.2912756600 -0.8522275202 4.1530820550E-03
933.829 -9.1559856600 -0.8311332276 3.9776371578E-03
933.964 -9.0206956600 -0.8094894303 3.8447416115E-03
934.099 -8.8854056600 -0.7872507734 3.7459024939E-03
934.235 -8.7501156600 -0.7643653377 3.6747415711E-03
934.37 -8.6148256600 -0.7407732887 3.6258176457E-03
934.505 -8.4795356600 -0.7164047466 3.5955267890E-03
934.641 -8.3442456600 -0.6911775485 3.5802630384E-03
934.776 -8.2089556600 -0.6649940396 3.5772482946E-03
934.911 -8.0736656600 -0.6377363994 3.5837355362E-03
935.047 -7.9383756600 -0.6092605662 3.5972863557E-03
935.182 -7.8030856600 -0.5793867909 3.6155378646E-03
935.317 -7.6677956600 -0.5478865964 3.6364215662E-03
935.452 -7.5325056600 -0.5144612894 3.6574474237E-03
935.588 -7.3972156600 -0.4787076987 3.6774480274E-03
935.723 -7.2619256600 -0.4400587650 3.6945208221E-03
935.858 -7.1266356600 -0.3976712198 3.7083155229E-03
935.994 -6.9913456600 -0.3501900268 3.7182517709E-03
936.129 -6.8560556600 -0.2951672702 3.7240241334E-03
936.264 -6.7207656600 -0.2271880055 3.7259156769E-03
936.461 -6.5241156600 0.0000000000 3.7246592549E-03
936.535 -6.4501856600 0.1392992530 3.7261870850E-03
936.67 -6.3148956600 0.2343365516 3.7294309724E-03
936.805 -6.1796056600 0.3007040798 3.7337487008E-03
936.941 -6.0443156600 0.3548693954 3.7409040092E-03
937.076 -5.9090256600 0.4017979990 3.7521354366E-03
937.211 -5.7737356600 0.4437915759 3.7697677748E-03
937.346 -5.6384456600 0.4821413904 3.7949860038E-03
937.482 -5.5031556600 0.5176578515 3.8301432384E-03
937.617 -5.3678656600 0.5508892648 3.8767323020E-03
937.752 -5.2325756600 0.5822270287 3.9367035774E-03
937.888 -5.0972856600 0.6119620827 4.0122136686E-03
938.023 -4.9619956600 0.6403178700 4.1054500391E-03
938.158 -4.8267056600 0.6674700585 4.2185498392E-03
938.293 -4.6914156600 0.6935600982 4.3538163366E-03
938.429 -4.5561256600 0.7187036714 4.5129015598E-03
938.564 -4.4208356600 0.7429968538 4.6968667552E-03
938.699 -4.2855456600 0.7665204688 4.9051158769E-03
938.835 -4.1502556600 0.7893433895 5.1352039674E-03
938.97 -4.0149656600 0.8115247033 5.3814430525E-03
939.105 -3.8796756600 0.8331156591 5.6347231168E-03
939.241 -3.7443856600 0.8541609641 5.8828008466E-03
939.376 -3.6090956600 0.8747001258 6.1116435012E-03
939.511 -3.4738056600 0.8947679406 6.3081935251E-03
939.646 -3.3385156600 0.9143954132 6.4627044016E-03
939.782 -3.2032256600 0.9336104019 6.5704812217E-03
939.917 -3.0679356600 0.9524377880 6.6324811893E-03
940.052 -2.9326456600 0.9709001480 6.6539352064E-03
940.188 -2.7973556600 0.9890178168 6.6421107857E-03
940.323 -2.6620656600 1.0068096672 6.6048970580E-03
940.458 -2.5267756600 1.0242924177 6.5495754197E-03
940.593 -2.3914856600 1.0414817368 6.4824469896E-03
940.729 -2.2561956600 1.0583919716 6.4091524248E-03
940.864 -2.1209056600 1.0750362426 6.3344655454E-03
940.999 -1.9856156600 1.0914267666 6.2630889864E-03
941.135 -1.8503256600 1.1075746647 6.1991476632E-03
941.27 -1.7150356600 1.1234905409 6.1466859480E-03
941.405 -1.5797456600 1.1391840733 6.1096567104E-03
941.54 -1.4444556600 1.1546643741 6.0911372488E-03
941.676 -1.3091656600 1.1699397710 6.0939068417E-03
941.811 -1.1738756600 1.1850183228 6.1197586389E-03
941.946 -1.0385856600 1.1999074059 6.1694090801E-03
942.059 -0.9262156590 1.2121349748 6.2283913356E-03
942.082 -0.9032956590 1.2146139882 6.2423031063E-03
943.559 0.5737843410 1.3649079385 7.1651313769E-03
945.059 2.0737843400 1.5022237042 6.7542571324E-03
946.559 3.5737843400 1.6279982907 6.1090487995E-03
948.059 5.0737843400 1.7447295599 5.7421239533E-03
949.559 6.5737843400 1.8541261052 5.4651026297E-03
951.059 8.0737843400 1.9574182496 5.4797153548E-03
952.059 9.0737843400 2.0233522815 5.5037782008E-03
952.559 9.5737843400 2.0555264031 5.5350619328E-03
972.059 29.0737843000 3.0566844631 7.4625992205E-03
992.059 49.0737843000 3.8200375176 6.2405408473E-03
1012.06 69.0737843000 4.4544415990 6.0208336242E-03
1032.06 89.0737843000 5.0091333270 6.3689453417E-03
1052.06 109.0737840000 5.5082470096 5.3765118341E-03
