-30.9591 5.986477E-04
-30.9391 5.998052E-04
-30.9191 6.009662E-04
-30.8991 6.021307E-04
-30.8791 6.032991E-04
-30.8590 6.044708E-04
-30.8390 6.056466E-04
-30.8190 6.068256E-04
-30.7990 6.080082E-04
-30.7790 6.091948E-04
-30.7590 6.103850E-04
-30.7390 6.115790E-04
-30.7190 6.127765E-04
-30.6990 6.139780E-04
-30.6790 6.151832E-04
-30.6589 6.163922E-04
-30.6389 6.176051E-04
-30.6189 6.188214E-04
-30.5989 6.200420E-04
-30.5789 6.212660E-04
-30.5589 6.224943E-04
-30.5389 6.237261E-04
-30.5189 6.249621E-04
-30.4989 6.262017E-04
-30.4789 6.274457E-04
-30.4588 6.286930E-04
-30.4388 6.299447E-04
-30.4188 6.312003E-04
-30.3988 6.324598E-04
-30.3788 6.337235E-04
-30.3588 6.349912E-04
-30.3388 6.362628E-04
-30.3188 6.375385E-04
-30.2988 6.388184E-04
-30.2788 6.401022E-04
-30.2587 6.413905E-04
-30.2387 6.426827E-04
-30.2187 6.439791E-04
-30.1987 6.452797E-04
-30.1787 6.465843E-04
-30.1587 6.478930E-04
-30.1387 6.492064E-04
-30.1187 6.505238E-04
-30.0987 6.518454E-04
-30.0787 6.531715E-04
-30.0586 6.545015E-04
-30.0386 6.558361E-04
-30.0186 6.571751E-04
-29.9986 6.585186E-04
-29.9786 6.598659E-04
-29.9586 6.612182E-04
-29.9386 6.625747E-04
-29.9186 6.639357E-04
-29.8986 6.653010E-04
-29.8786 6.666709E-04
-29.8585 6.680451E-04
-29.8385 6.694243E-04
-29.8185 6.708078E-04
-29.7985 6.721955E-04
-29.7785 6.735881E-04
-29.7585 6.749854E-04
-29.7385 6.763873E-04
-29.7185 6.777937E-04
-29.6985 6.792049E-04
-29.6785 6.806208E-04
-29.6584 6.820409E-04
-29.6384 6.834664E-04
-29.6184 6.848963E-04
-29.5984 6.863312E-04
-29.5784 6.877707E-04
-29.5584 6.892148E-04
-29.5384 6.906644E-04
-29.5184 6.921185E-04
-29.4984 6.935771E-04
-29.4784 6.950410E-04
-29.4583 6.965098E-04
-29.4383 6.979836E-04
-29.4183 6.994623E-04
-29.3983 7.009460E-04
-29.3783 7.024348E-04
-29.3583 7.039283E-04
-29.3383 7.054274E-04
-29.3183 7.069314E-04
-29.2983 7.084401E-04
-29.2783 7.099543E-04
-29.2582 7.114733E-04
-29.2382 7.129977E-04
-29.2182 7.145279E-04
-29.1982 7.160627E-04
-29.1782 7.176029E-04
-29.1582 7.191483E-04
-29.1382 7.206992E-04
-29.1182 7.222550E-04
-29.0982 7.238164E-04
-29.0782 7.253832E-04
-29.0581 7.269555E-04
-29.0381 7.285331E-04
-29.0181 7.301162E-04
-28.9981 7.317048E-04
-28.9781 7.332990E-04
-28.9581 7.348986E-04
-28.9381 7.365035E-04
-28.9181 7.381146E-04
-28.8981 7.397307E-04
-28.8781 7.413527E-04
-28.8580 7.429804E-04
-28.8380 7.446141E-04
-28.8180 7.462529E-04
-28.7980 7.478980E-04
-28.7780 7.495483E-04
-28.7580 7.512048E-04
-28.7380 7.528670E-04
-28.7180 7.545352E-04
-28.6980 7.562088E-04
-28.6780 7.578889E-04
-28.6579 7.595749E-04
-28.6379 7.612666E-04
-28.6179 7.629641E-04
-28.5979 7.646683E-04
-28.5779 7.663778E-04
-28.5579 7.680938E-04
-28.5379 7.698158E-04
-28.5179 7.715445E-04
-28.4979 7.732786E-04
-28.4779 7.750196E-04
-28.4578 7.767663E-04
-28.4378 7.785191E-04
-28.4178 7.802789E-04
-28.3978 7.820442E-04
-28.3778 7.838164E-04
-28.3578 7.855948E-04
-28.3378 7.873798E-04
-28.3178 7.891707E-04
-28.2978 7.909690E-04
-28.2778 7.927732E-04
-28.2577 7.945838E-04
-28.2377 7.964017E-04
-28.2177 7.982254E-04
-28.1977 8.000565E-04
-28.1777 8.018940E-04
-28.1577 8.037381E-04
-28.1377 8.055890E-04
-28.1177 8.074463E-04
-28.0977 8.093111E-04
-28.0777 8.111820E-04
-28.0576 8.130602E-04
-28.0376 8.149457E-04
-28.0176 8.168374E-04
-27.9976 8.187369E-04
-27.9776 8.206426E-04
-27.9576 8.225556E-04
-27.9376 8.244759E-04
-27.9176 8.264032E-04
-27.8976 8.283377E-04
-27.8776 8.302799E-04
-27.8575 8.322284E-04
-27.8375 8.341846E-04
-27.8175 8.361482E-04
-27.7975 8.381189E-04
-27.7775 8.400971E-04
-27.7575 8.420829E-04
-27.7375 8.440759E-04
-27.7175 8.460766E-04
-27.6975 8.480847E-04
-27.6775 8.501004E-04
-27.6574 8.521233E-04
-27.6374 8.541543E-04
-27.6174 8.561935E-04
-27.5974 8.582394E-04
-27.5774 8.602937E-04
-27.5574 8.623561E-04
-27.5374 8.644260E-04
-27.5174 8.665037E-04
-27.4974 8.685889E-04
-27.4774 8.706825E-04
-27.4573 8.727842E-04
-27.4373 8.748939E-04
-27.4173 8.770123E-04
-27.3973 8.791378E-04
-27.3773 8.812719E-04
-27.3573 8.834143E-04
-27.3373 8.855654E-04
-27.3173 8.877239E-04
-27.2973 8.898912E-04
-27.2773 8.920670E-04
-27.2572 8.942511E-04
-27.2372 8.964439E-04
-27.2172 8.986455E-04
-27.1972 9.008549E-04
-27.1772 9.030733E-04
-27.1572 9.053003E-04
-27.1372 9.075361E-04
-27.1172 9.097813E-04
-27.0972 9.120341E-04
-27.0772 9.142970E-04
-27.0571 9.165677E-04
-27.0371 9.188477E-04
-27.0171 9.211367E-04
-26.9971 9.234348E-04
-26.9771 9.257421E-04
-26.9571 9.280586E-04
-26.9371 9.303841E-04
-26.9171 9.327190E-04
-26.8971 9.350632E-04
-26.8771 9.374167E-04
-26.8570 9.397797E-04
-26.8370 9.421520E-04
-26.8170 9.445339E-04
-26.7970 9.469250E-04
-26.7770 9.493262E-04
-26.7570 9.517368E-04
-26.7370 9.541573E-04
-26.7170 9.565874E-04
-26.6970 9.590274E-04
-26.6770 9.614772E-04
-26.6569 9.639369E-04
-26.6369 9.664066E-04
-26.6169 9.688864E-04
-26.5969 9.713762E-04
-26.5769 9.738762E-04
-26.5569 9.763864E-04
-26.5369 9.789070E-04
-26.5169 9.814376E-04
-26.4969 9.839789E-04
-26.4769 9.865304E-04
-26.4568 9.890926E-04
-26.4368 9.916652E-04
-26.4168 9.942485E-04
-26.3968 9.968416E-04
-26.3768 9.994462E-04
-26.3568 1.002062E-03
-26.3368 1.004689E-03
-26.3168 1.007325E-03
-26.2968 1.009974E-03
-26.2768 1.012632E-03
-26.2567 1.015304E-03
-26.2367 1.017985E-03
-26.2167 1.020678E-03
-26.1967 1.023381E-03
-26.1767 1.026097E-03
-26.1567 1.028824E-03
-26.1367 1.031562E-03
-26.1167 1.034311E-03
-26.0967 1.037072E-03
-26.0767 1.039846E-03
-26.0566 1.042630E-03
-26.0366 1.045427E-03
-26.0166 1.048235E-03
-25.9966 1.051056E-03
-25.9766 1.053888E-03
-25.9566 1.056733E-03
-25.9366 1.059589E-03
-25.9166 1.062458E-03
-25.8966 1.065339E-03
-25.8766 1.068233E-03
-25.8565 1.071140E-03
-25.8365 1.074059E-03
-25.8165 1.076990E-03
-25.7965 1.079933E-03
-25.7765 1.082889E-03
-25.7565 1.085859E-03
-25.7365 1.088841E-03
-25.7165 1.091837E-03
-25.6965 1.094845E-03
-25.6765 1.097866E-03
-25.6564 1.100901E-03
-25.6364 1.103949E-03
-25.6164 1.107010E-03
-25.5964 1.110086E-03
-25.5764 1.113173E-03
-25.5564 1.116275E-03
-25.5364 1.119390E-03
-25.5164 1.122519E-03
-25.4964 1.125663E-03
-25.4764 1.128820E-03
-25.4563 1.131991E-03
-25.4363 1.135176E-03
-25.4163 1.138376E-03
-25.3963 1.141589E-03
-25.3763 1.144818E-03
-25.3563 1.148059E-03
-25.3363 1.151318E-03
-25.3163 1.154588E-03
-25.2963 1.157874E-03
-25.2763 1.161176E-03
-25.2562 1.164491E-03
-25.2362 1.167822E-03
-25.2162 1.171169E-03
-25.1962 1.174529E-03
-25.1762 1.177906E-03
-25.1562 1.181298E-03
-25.1362 1.184705E-03
-25.1162 1.188128E-03
-25.0962 1.191566E-03
-25.0762 1.195020E-03
-25.0561 1.198491E-03
-25.0361 1.201976E-03
-25.0161 1.205478E-03
-24.9961 1.208996E-03
-24.9761 1.212531E-03
-24.9561 1.216081E-03
-24.9361 1.219648E-03
-24.9161 1.223232E-03
-24.8961 1.226832E-03
-24.8761 1.230448E-03
-24.8560 1.234084E-03
-24.8360 1.237735E-03
-24.8160 1.241401E-03
-24.7960 1.245087E-03
-24.7760 1.248789E-03
-24.7560 1.252508E-03
-24.7360 1.256246E-03
-24.7160 1.260002E-03
-24.6960 1.263773E-03
-24.6760 1.267566E-03
-24.6559 1.271374E-03
-24.6359 1.275199E-03
-24.6159 1.279045E-03
-24.5959 1.282907E-03
-24.5759 1.286791E-03
-24.5559 1.290691E-03
-24.5359 1.294608E-03
-24.5159 1.298547E-03
-24.4959 1.302502E-03
-24.4759 1.306477E-03
-24.4558 1.310472E-03
-24.4358 1.314487E-03
-24.4158 1.318521E-03
-24.3958 1.322574E-03
-24.3758 1.326645E-03
-24.3558 1.330738E-03
-24.3358 1.334851E-03
-24.3158 1.338984E-03
-24.2958 1.343135E-03
-24.2758 1.347311E-03
-24.2557 1.351504E-03
-24.2357 1.355716E-03
-24.2157 1.359952E-03
-24.1957 1.364209E-03
-24.1757 1.368485E-03
-24.1557 1.372782E-03
-24.1357 1.377101E-03
-24.1157 1.381443E-03
-24.0957 1.385806E-03
-24.0757 1.390189E-03
-24.0556 1.394597E-03
-24.0356 1.399025E-03
-24.0156 1.403475E-03
-23.9956 1.407948E-03
-23.9756 1.412441E-03
-23.9556 1.416961E-03
-23.9356 1.421500E-03
-23.9156 1.426063E-03
-23.8956 1.430649E-03
-23.8756 1.435261E-03
-23.8555 1.439895E-03
-23.8355 1.444550E-03
-23.8155 1.449233E-03
-23.7955 1.453937E-03
-23.7755 1.458666E-03
-23.7555 1.463419E-03
-23.7355 1.468197E-03
-23.7155 1.472997E-03
-23.6955 1.477827E-03
-23.6755 1.482677E-03
-23.6554 1.487553E-03
-23.6354 1.492455E-03
-23.6154 1.497384E-03
-23.5954 1.502339E-03
-23.5754 1.507315E-03
-23.5554 1.512324E-03
-23.5354 1.517353E-03
-23.5154 1.522411E-03
-23.4954 1.527495E-03
-23.4754 1.532607E-03
-23.4553 1.537748E-03
-23.4353 1.542910E-03
-23.4153 1.548106E-03
-23.3953 1.553324E-03
-23.3753 1.558576E-03
-23.3553 1.563852E-03
-23.3353 1.569157E-03
-23.3153 1.574485E-03
-23.2953 1.579848E-03
-23.2753 1.585241E-03
-23.2552 1.590658E-03
-23.2352 1.596105E-03
-23.2152 1.601582E-03
-23.1952 1.607094E-03
-23.1752 1.612627E-03
-23.1552 1.618195E-03
-23.1352 1.623795E-03
-23.1152 1.629420E-03
-23.0952 1.635083E-03
-23.0752 1.640770E-03
-23.0551 1.646490E-03
-23.0351 1.652249E-03
-23.0151 1.658027E-03
-22.9951 1.663844E-03
-22.9751 1.669694E-03
-22.9551 1.675578E-03
-22.9351 1.681488E-03
-22.9151 1.687433E-03
-22.8951 1.693417E-03
-22.8751 1.699430E-03
-22.8550 1.705475E-03
-22.8350 1.711557E-03
-22.8150 1.717673E-03
-22.7950 1.723817E-03
-22.7750 1.730003E-03
-22.7550 1.736219E-03
-22.7350 1.742478E-03
-22.7150 1.748764E-03
-22.6950 1.755089E-03
-22.6750 1.761449E-03
-22.6549 1.767847E-03
-22.6349 1.774282E-03
-22.6149 1.780757E-03
-22.5949 1.787267E-03
-22.5749 1.793809E-03
-22.5549 1.800389E-03
-22.5349 1.807017E-03
-22.5149 1.813674E-03
-22.4949 1.820372E-03
-22.4749 1.827109E-03
-22.4548 1.833887E-03
-22.4348 1.840705E-03
-22.4148 1.847565E-03
-22.3948 1.854455E-03
-22.3748 1.861396E-03
-22.3548 1.868370E-03
-22.3348 1.875396E-03
-22.3148 1.882454E-03
-22.2948 1.889555E-03
-22.2748 1.896700E-03
-22.2547 1.903888E-03
-22.2347 1.911120E-03
-22.2147 1.918395E-03
-22.1947 1.925717E-03
-22.1747 1.933071E-03
-22.1547 1.940481E-03
-22.1347 1.947927E-03
-22.1147 1.955430E-03
-22.0947 1.962968E-03
-22.0747 1.970553E-03
-22.0546 1.978185E-03
-22.0346 1.985864E-03
-22.0146 1.993592E-03
-21.9946 2.001367E-03
-21.9746 2.009193E-03
-21.9546 2.017054E-03
-21.9346 2.024977E-03
-21.9146 2.032939E-03
-21.8946 2.040962E-03
-21.8746 2.049025E-03
-21.8545 2.057138E-03
-21.8345 2.065317E-03
-21.8145 2.073534E-03
-21.7945 2.081804E-03
-21.7745 2.090127E-03
-21.7545 2.098503E-03
-21.7345 2.106919E-03
-21.7145 2.115403E-03
-21.6945 2.123944E-03
-21.6745 2.132524E-03
-21.6544 2.141176E-03
-21.6344 2.149867E-03
-21.6144 2.158617E-03
-21.5944 2.167439E-03
-21.5744 2.176304E-03
-21.5544 2.185226E-03
-21.5344 2.194206E-03
-21.5144 2.203248E-03
-21.4944 2.212349E-03
-21.4744 2.221492E-03
-21.4543 2.230714E-03
-21.4343 2.239998E-03
-21.4143 2.249325E-03
-21.3943 2.258733E-03
-21.3743 2.268187E-03
-21.3543 2.277723E-03
-21.3343 2.287303E-03
-21.3143 2.296949E-03
-21.2943 2.306660E-03
-21.2743 2.316437E-03
-21.2542 2.326281E-03
-21.2342 2.336193E-03
-21.2142 2.346172E-03
-21.1942 2.356219E-03
-21.1742 2.366338E-03
-21.1542 2.376501E-03
-21.1342 2.386758E-03
-21.1142 2.397088E-03
-21.0942 2.407464E-03
-21.0742 2.417915E-03
-21.0541 2.428461E-03
-21.0341 2.439057E-03
-21.0141 2.449728E-03
-20.9941 2.460474E-03
-20.9741 2.471322E-03
-20.9541 2.482221E-03
-20.9341 2.493197E-03
-20.9141 2.504222E-03
-20.8941 2.515355E-03
-20.8741 2.526566E-03
-20.8540 2.537859E-03
-20.8340 2.549236E-03
-20.8140 2.560661E-03
-20.7940 2.572202E-03
-20.7740 2.583792E-03
-20.7540 2.595502E-03
-20.7340 2.607262E-03
-20.7140 2.619109E-03
-20.6940 2.631078E-03
-20.6740 2.643098E-03
-20.6539 2.655208E-03
-20.6339 2.667408E-03
-20.6139 2.679698E-03
-20.5939 2.692079E-03
-20.5739 2.704552E-03
-20.5539 2.717119E-03
-20.5339 2.729742E-03
-20.5139 2.742498E-03
-20.4939 2.755350E-03
-20.4739 2.768301E-03
-20.4538 2.781306E-03
-20.4338 2.794455E-03
-20.4138 2.807657E-03
-20.3938 2.821008E-03
-20.3738 2.834413E-03
-20.3538 2.847923E-03
-20.3338 2.861536E-03
-20.3138 2.875304E-03
-20.2938 2.889126E-03
-20.2738 2.903059E-03
-20.2537 2.917099E-03
-20.2337 2.931249E-03
-20.2137 2.945511E-03
-20.1937 2.959884E-03
-20.1737 2.974373E-03
-20.1537 2.988916E-03
-20.1337 3.003633E-03
-20.1137 3.018468E-03
-20.0937 3.033362E-03
-20.0737 3.048435E-03
-20.0536 3.063632E-03
-20.0336 3.078884E-03
-20.0136 3.094329E-03
-19.9936 3.109828E-03
-19.9736 3.125455E-03
-19.9536 3.141281E-03
-19.9336 3.157162E-03
-19.9136 3.173175E-03
-19.8936 3.189319E-03
-19.8736 3.205596E-03
-19.8535 3.222008E-03
-19.8335 3.238556E-03
-19.8135 3.255242E-03
-19.7935 3.272068E-03
-19.7735 3.289035E-03
-19.7535 3.306146E-03
-19.7335 3.323401E-03
-19.7135 3.340806E-03
-19.6935 3.358261E-03
-19.6735 3.375963E-03
-19.6534 3.393718E-03
-19.6334 3.411724E-03
-19.6134 3.429889E-03
-19.5934 3.448104E-03
-19.5734 3.466476E-03
-19.5534 3.485117E-03
-19.5334 3.503811E-03
-19.5134 3.522668E-03
-19.4934 3.541808E-03
-19.4734 3.561000E-03
-19.4533 3.580359E-03
-19.4333 3.599890E-03
-19.4133 3.619596E-03
-19.3933 3.639478E-03
-19.3733 3.659536E-03
-19.3533 3.679777E-03
-19.3333 3.700203E-03
-19.3133 3.720814E-03
-19.2933 3.741615E-03
-19.2733 3.762607E-03
-19.2532 3.783632E-03
-19.2332 3.805012E-03
-19.2132 3.826593E-03
-19.1932 3.848202E-03
-19.1732 3.870186E-03
-19.1532 3.892197E-03
-19.1332 3.914601E-03
-19.1132 3.937026E-03
-19.0932 3.959861E-03
-19.0732 3.982711E-03
-19.0531 4.005990E-03
-19.0331 4.029281E-03
-19.0131 4.052795E-03
-18.9931 4.076533E-03
-18.9731 4.100498E-03
-18.9531 4.124943E-03
-18.9331 4.149384E-03
-18.9131 4.174065E-03
-18.8931 4.198993E-03
-18.8731 4.224168E-03
-18.8530 4.249596E-03
-18.8330 4.274989E-03
-18.8130 4.300927E-03
-18.7930 4.327128E-03
-18.7730 4.353600E-03
-18.7530 4.380348E-03
-18.7330 4.407036E-03
-18.7130 4.434336E-03
-18.6930 4.461567E-03
-18.6730 4.489444E-03
-18.6529 4.517236E-03
-18.6329 4.545708E-03
-18.6129 4.574082E-03
-18.5929 4.603175E-03
-18.5729 4.632155E-03
-18.5529 4.661441E-03
-18.5329 4.691505E-03
-18.5129 4.721432E-03
-18.4929 4.751677E-03
-18.4729 4.782250E-03
-18.4528 4.813162E-03
-18.4328 4.844416E-03
-18.4128 4.876018E-03
-18.3928 4.907971E-03
-18.3728 4.940296E-03
-18.3528 4.972989E-03
-18.3328 5.006068E-03
-18.3128 5.039542E-03
-18.2928 5.072676E-03
-18.2728 5.106925E-03
-18.2527 5.141605E-03
-18.2327 5.175900E-03
-18.2127 5.211409E-03
-18.1927 5.246507E-03
-18.1727 5.282922E-03
-18.1527 5.318856E-03
-18.1327 5.356210E-03
-18.1127 5.393029E-03
-18.0927 5.430303E-03
-18.0727 5.469138E-03
-18.0526 5.507374E-03
-18.0326 5.546092E-03
-18.0126 5.585310E-03
-17.9926 5.625048E-03
-17.9726 5.665300E-03
-17.9526 5.706114E-03
-17.9326 5.747515E-03
-17.9126 5.789475E-03
-17.8926 5.832046E-03
-17.8726 5.873538E-03
-17.8525 5.917335E-03
-17.8325 5.961806E-03
-17.8125 6.005030E-03
-17.7925 6.050923E-03
-17.7725 6.095372E-03
-17.7525 6.140426E-03
-17.7325 6.188648E-03
-17.7125 6.235040E-03
-17.6925 6.282211E-03
-17.6725 6.330146E-03
-17.6524 6.378849E-03
-17.6324 6.428443E-03
-17.6124 6.478854E-03
-17.5924 6.530229E-03
-17.5724 6.582658E-03
-17.5524 6.636244E-03
-17.5324 6.686400E-03
-17.5124 6.742170E-03
-17.4924 6.794249E-03
-17.4724 6.852563E-03
-17.4523 6.906784E-03
-17.4323 6.962182E-03
-17.4123 7.025287E-03
-17.3923 7.083490E-03
-17.3723 7.143275E-03
-17.3523 7.204662E-03
-17.3323 7.268186E-03
-17.3123 7.323939E-03
-17.2923 7.391284E-03
-17.2723 7.449907E-03
-17.2522 7.522702E-03
-17.2322 7.585443E-03
-17.2122 7.650433E-03
-17.1922 7.717846E-03
-17.1722 7.789004E-03
-17.1522 7.862890E-03
-17.1322 7.942835E-03
-17.1122 8.027943E-03
-17.0922 8.093066E-03
-17.0722 8.162187E-03
-17.0521 8.269495E-03
-17.0321 8.354563E-03
-17.0121 8.446778E-03
-16.9921 8.506217E-03
-16.9721 8.620965E-03
-16.9521 8.694893E-03
-16.9321 8.782927E-03
-16.9121 8.884306E-03
-16.8921 9.009176E-03
-16.8721 9.182162E-03
-16.8520 9.267107E-03
-16.8320 9.392483E-03
-16.8120 9.559455E-03
-16.7920 9.832412E-03
-16.7720 1.000258E-02
-16.7520 1.021133E-02
-16.7320 1.030701E-02
-16.7120 1.082557E-02
-16.6920 1.122188E-02
-16.6720 1.168541E-02
-16.6519 1.155689E-02
-16.6319 1.370710E-02
-16.6119 1.226646E-02
-16.5919 1.643686E-02
-16.5719 1.765149E-02
-16.5519 1.752920E-02
-16.5319 1.646967E-02
-16.5119 1.537023E-02
-16.4919 1.453021E-02
-16.4719 1.397268E-02
-16.4518 1.363465E-02
-16.4318 1.345417E-02
-16.4118 1.334534E-02
-16.3918 1.332514E-02
-16.3718 1.334020E-02
-16.3518 1.340877E-02
-16.3318 1.349597E-02
-16.3118 1.360012E-02
-16.2918 1.371923E-02
-16.2718 1.386658E-02
-16.2517 1.401064E-02
-16.2317 1.417820E-02
-16.2117 1.435468E-02
-16.1917 1.453998E-02
-16.1717 1.473402E-02
-16.1517 1.494435E-02
-16.1317 1.516200E-02
-16.1117 1.538738E-02
-16.0917 1.562075E-02
-16.0717 1.586231E-02
-16.0516 1.611232E-02
-16.0316 1.637607E-02
-16.0116 1.664822E-02
-15.9916 1.692936E-02
-15.9716 1.722375E-02
-15.9516 1.752399E-02
-15.9316 1.784145E-02
-15.9116 1.816908E-02
-15.8916 1.850741E-02
-15.8716 1.886006E-02
-15.8515 1.922710E-02
-15.8315 1.960624E-02
-15.8115 2.000069E-02
-15.7915 2.041081E-02
-15.7715 2.083469E-02
-15.7515 2.127772E-02
-15.7315 2.173782E-02
-15.7115 2.221366E-02
-15.6915 2.270978E-02
-15.6715 2.322694E-02
-15.6514 2.375978E-02
-15.6314 2.431680E-02
-15.6114 2.489652E-02
-15.5914 2.549613E-02
-15.5714 2.611999E-02
-15.5514 2.677030E-02
-15.5314 2.744429E-02
-15.5114 2.814606E-02
-15.4914 2.887337E-02
-15.4714 2.962841E-02
-15.4513 3.041477E-02
-15.4313 3.122896E-02
-15.4113 3.207588E-02
-15.3913 3.295348E-02
-15.3713 3.386392E-02
-15.3513 3.480911E-02
-15.3313 3.578593E-02
-15.3113 3.680110E-02
-15.2913 3.785046E-02
-15.2713 3.893821E-02
-15.2512 4.006233E-02
-15.2312 4.122585E-02
-15.2112 4.242768E-02
-15.1912 4.366982E-02
-15.1712 4.495116E-02
-15.1512 4.627550E-02
-15.1312 4.763976E-02
-15.1112 4.904535E-02
-15.0912 5.049354E-02
-15.0712 5.198551E-02
-15.0511 5.352161E-02
-15.0311 5.509989E-02
-15.0111 5.672366E-02
-14.9911 5.839242E-02
-14.9711 6.010714E-02
-14.9511 6.186752E-02
-14.9311 6.367615E-02
-14.9111 6.553327E-02
-14.8911 6.744107E-02
-14.8711 6.939943E-02
-14.8510 7.141040E-02
-14.8310 7.347553E-02
-14.8110 7.559829E-02
-14.7910 7.777993E-02
-14.7710 8.002377E-02
-14.7510 8.233246E-02
-14.7310 8.471121E-02
-14.7110 8.716179E-02
-14.6910 8.969191E-02
-14.6710 9.230501E-02
-14.6509 9.500805E-02
-14.6309 9.780750E-02
-14.6109 1.007120E-01
-14.5909 1.037277E-01
-14.5709 1.068665E-01
-14.5509 1.101393E-01
-14.5309 1.135573E-01
-14.5109 1.171344E-01
-14.4909 1.208865E-01
-14.4709 1.248282E-01
-14.4508 1.289831E-01
-14.4308 1.333703E-01
-14.4108 1.380145E-01
-14.3908 1.429447E-01
-14.3708 1.481923E-01
-14.3508 1.537938E-01
-14.3308 1.597906E-01
-14.3108 1.662327E-01
-14.2908 1.731744E-01
-14.2708 1.806827E-01
-14.2507 1.888317E-01
-14.2307 1.977125E-01
-14.2107 2.074328E-01
-14.1907 2.181191E-01
-14.1707 2.299247E-01
-14.1507 2.430289E-01
-14.1307 2.576633E-01
-14.1107 2.740997E-01
-14.0907 2.926787E-01
-14.0707 3.138253E-01
-14.0506 3.380606E-01
-14.0306 3.660610E-01
-14.0106 3.986603E-01
-13.9906 4.369099E-01
-13.9706 4.821332E-01
-13.9506 5.359435E-01
-13.9306 6.002553E-01
-13.9106 6.772098E-01
-13.8906 7.688662E-01
-13.8706 8.765578E-01
-13.8505 9.995072E-01
-13.8305 1.132026E+00
-13.8105 1.258368E+00
-13.7905 1.347365E+00
-13.7705 1.360372E+00
-13.7505 1.284518E+00
-13.7305 1.152939E+00
-13.7105 1.013999E+00
-13.6905 8.968520E-01
-13.6705 8.093769E-01
-13.6504 7.492503E-01
-13.6304 7.115383E-01
-13.6104 6.917256E-01
-13.5904 6.864780E-01
-13.5704 6.936847E-01
-13.5504 7.123169E-01
-13.5304 7.423665E-01
-13.5104 7.848270E-01
-13.4904 8.416950E-01
-13.4704 9.159129E-01
-13.4503 1.011233E+00
-13.4303 1.131893E+00
-13.4103 1.282020E+00
-13.3903 1.464617E+00
-13.3703 1.680060E+00
-13.3503 1.924627E+00
-13.3303 2.188178E+00
-13.3103 2.443368E+00
-13.2903 2.634586E+00
-13.2703 2.720094E+00
-13.2502 2.722836E+00
-13.2302 2.683368E+00
-13.2102 2.620395E+00
-13.1902 2.536153E+00
-13.1702 2.424398E+00
-13.1502 2.282899E+00
-13.1302 2.124158E+00
-13.1102 1.970766E+00
-13.0902 1.843310E+00
-13.0702 1.754202E+00
-13.0501 1.708572E+00
-13.0301 1.707346E+00
-13.0101 1.748051E+00
-12.9901 1.824790E+00
-12.9701 1.933316E+00
-12.9501 2.071753E+00
-12.9301 2.227481E+00
-12.9101 2.361958E+00
-12.8901 2.412573E+00
-12.8701 2.336309E+00
-12.8500 2.163889E+00
-12.8300 1.975839E+00
-12.8100 1.837380E+00
-12.7900 1.778606E+00
-12.7700 1.806822E+00
-12.7500 1.915375E+00
-12.7300 2.082505E+00
-12.7100 2.272224E+00
-12.6900 2.447247E+00
-12.6700 2.583495E+00
-12.6499 2.667803E+00
-12.6299 2.693428E+00
-12.6099 2.669447E+00
-12.5899 2.619669E+00
-12.5699 2.561077E+00
-12.5499 2.494984E+00
-12.5299 2.423105E+00
-12.5099 2.347343E+00
-12.4899 2.251108E+00
-12.4699 2.118899E+00
-12.4498 1.975549E+00
-12.4298 1.866953E+00
-12.4098 1.820518E+00
-12.3898 1.842880E+00
-12.3698 1.934642E+00
-12.3498 2.099531E+00
-12.3298 2.341049E+00
-12.3098 2.648508E+00
-12.2898 2.987371E+00
-12.2698 3.313354E+00
-12.2497 3.611011E+00
-12.2297 3.904767E+00
-12.2097 4.185101E+00
-12.1897 4.377004E+00
-12.1697 4.438006E+00
-12.1497 4.417413E+00
-12.1297 4.385564E+00
-12.1097 4.371028E+00
-12.0897 4.377405E+00
-12.0697 4.411152E+00
-12.0496 4.473676E+00
-12.0296 4.541407E+00
-12.0096 4.564035E+00
-11.9896 4.489685E+00
-11.9696 4.304068E+00
-11.9496 4.045777E+00
-11.9296 3.761981E+00
-11.9096 3.457739E+00
-11.8896 3.130891E+00
-11.8696 2.824153E+00
-11.8495 2.593314E+00
-11.8295 2.458992E+00
-11.8095 2.411386E+00
-11.7895 2.437249E+00
-11.7695 2.535353E+00
-11.7495 2.713951E+00
-11.7295 2.976056E+00
-11.7095 3.299089E+00
-11.6895 3.621831E+00
-11.6695 3.869075E+00
-11.6494 3.998126E+00
-11.6294 3.995478E+00
-11.6094 3.863059E+00
-11.5894 3.651364E+00
-11.5694 3.448093E+00
-11.5494 3.311987E+00
-11.5294 3.247589E+00
-11.5094 3.225386E+00
-11.4894 3.219359E+00
-11.4694 3.235500E+00
-11.4493 3.287941E+00
-11.4293 3.352777E+00
-11.4093 3.380117E+00
-11.3893 3.358055E+00
-11.3693 3.322549E+00
-11.3493 3.309726E+00
-11.3293 3.325836E+00
-11.3093 3.338894E+00
-11.2893 3.298071E+00
-11.2693 3.188217E+00
-11.2492 3.049779E+00
-11.2292 2.928021E+00
-11.2092 2.839611E+00
-11.1892 2.785492E+00
-11.1692 2.768238E+00
-11.1492 2.792932E+00
-11.1292 2.862244E+00
-11.1092 2.977115E+00
-11.0892 3.140486E+00
-11.0692 3.360765E+00
-11.0491 3.657838E+00
-11.0291 4.058326E+00
-11.0091 4.545845E+00
-10.9891 4.989027E+00
-10.9691 5.214349E+00
-10.9491 5.228357E+00
-10.9291 5.169924E+00
-10.9091 5.049565E+00
-10.8891 4.815896E+00
-10.8691 4.593548E+00
-10.8490 4.545990E+00
-10.8290 4.613089E+00
-10.8090 4.465520E+00
-10.7890 3.884857E+00
-10.7690 3.108620E+00
-10.7490 2.433122E+00
-10.7290 1.937569E+00
-10.7090 1.590087E+00
-10.6890 1.344525E+00
-10.6690 1.166470E+00
-10.6489 1.033348E+00
-10.6289 9.308535E-01
-10.6089 8.497823E-01
-10.5889 7.841183E-01
-10.5689 7.298035E-01
-10.5489 6.840505E-01
-10.5289 6.448905E-01
-10.5089 6.109000E-01
-10.4889 5.810324E-01
-10.4689 5.545030E-01
-10.4488 5.307188E-01
-10.4288 5.092157E-01
-10.4088 4.896340E-01
-10.3888 4.716850E-01
-10.3688 4.551394E-01
-10.3488 4.398133E-01
-10.3288 4.255504E-01
-10.3088 4.122270E-01
-10.2888 3.997369E-01
-10.2688 3.879910E-01
-10.2487 3.769168E-01
-10.2287 3.664490E-01
-10.2087 3.565334E-01
-10.1887 3.471225E-01
-10.1687 3.381749E-01
-10.1487 3.296553E-01
-10.1287 3.215318E-01
-10.1087 3.137768E-01
-10.0887 3.063642E-01
-10.0687 2.992729E-01
-10.0486 2.924825E-01
-10.0286 2.859747E-01
-10.0086 2.797328E-01
-9.9886 2.737424E-01
-9.9686 2.679896E-01
-9.9486 2.624621E-01
-9.9286 2.571476E-01
-9.9086 2.520362E-01
-9.8886 2.471170E-01
-9.8686 2.423818E-01
-9.8485 2.378214E-01
-9.8285 2.334277E-01
-9.8085 2.291932E-01
-9.7885 2.251107E-01
-9.7685 2.211736E-01
-9.7485 2.173755E-01
-9.7285 2.137101E-01
-9.7085 2.101722E-01
-9.6885 2.067560E-01
-9.6685 2.034566E-01
-9.6484 2.002691E-01
-9.6284 1.971889E-01
-9.6084 1.942116E-01
-9.5884 1.913327E-01
-9.5684 1.885482E-01
-9.5484 1.858547E-01
-9.5284 1.832485E-01
-9.5084 1.807254E-01
-9.4884 1.782827E-01
-9.4684 1.759169E-01
-9.4483 1.736250E-01
-9.4283 1.714041E-01
-9.4083 1.692512E-01
-9.3883 1.671636E-01
-9.3683 1.651392E-01
-9.3483 1.631748E-01
-9.3283 1.612684E-01
-9.3083 1.594177E-01
-9.2883 1.576206E-01
-9.2683 1.558747E-01
-9.2482 1.541783E-01
-9.2282 1.525295E-01
-9.2082 1.509264E-01
-9.1882 1.493671E-01
-9.1682 1.478501E-01
-9.1482 1.463738E-01
-9.1282 1.449365E-01
-9.1082 1.435371E-01
-9.0882 1.421738E-01
-9.0682 1.408455E-01
-9.0481 1.395510E-01
-9.0281 1.382889E-01
-9.0081 1.370583E-01
-8.9881 1.358579E-01
-8.9681 1.346868E-01
-8.9481 1.335439E-01
-8.9281 1.324284E-01
-8.9081 1.313392E-01
-8.8881 1.302757E-01
-8.8681 1.292368E-01
-8.8480 1.282220E-01
-8.8280 1.272305E-01
-8.8080 1.262615E-01
-8.7880 1.253143E-01
-8.7680 1.243885E-01
-8.7480 1.234834E-01
-8.7280 1.225982E-01
-8.7080 1.217327E-01
-8.6880 1.208860E-01
-8.6680 1.200578E-01
-8.6479 1.192476E-01
-8.6279 1.184549E-01
-8.6079 1.176790E-01
-8.5879 1.169199E-01
-8.5679 1.161769E-01
-8.5479 1.154494E-01
-8.5279 1.147374E-01
-8.5079 1.140403E-01
-8.4879 1.133576E-01
-8.4679 1.126892E-01
-8.4478 1.120343E-01
-8.4278 1.113928E-01
-8.4078 1.107644E-01
-8.3878 1.101486E-01
-8.3678 1.095450E-01
-8.3478 1.089534E-01
-8.3278 1.083733E-01
-8.3078 1.078045E-01
-8.2878 1.072465E-01
-8.2678 1.066991E-01
-8.2477 1.061619E-01
-8.2277 1.056343E-01
-8.2077 1.051165E-01
-8.1877 1.046078E-01
-8.1677 1.041078E-01
-8.1477 1.036164E-01
-8.1277 1.031332E-01
-8.1077 1.026577E-01
-8.0877 1.021898E-01
-8.0677 1.017290E-01
-8.0476 1.012752E-01
-8.0276 1.008277E-01
-8.0076 1.003865E-01
-7.9876 9.995116E-02
-7.9676 9.952134E-02
-7.9476 9.909672E-02
-7.9276 9.867712E-02
-7.9076 9.826204E-02
-7.8876 9.785127E-02
-7.8676 9.744450E-02
-7.8475 9.704142E-02
-7.8275 9.664185E-02
-7.8075 9.624529E-02
-7.7875 9.585169E-02
-7.7675 9.546059E-02
-7.7475 9.507180E-02
-7.7275 9.468504E-02
-7.7075 9.430015E-02
-7.6875 9.391674E-02
-7.6675 9.353471E-02
-7.6474 9.315377E-02
-7.6274 9.277364E-02
-7.6074 9.239426E-02
-7.5874 9.201536E-02
-7.5674 9.163667E-02
-7.5474 9.125822E-02
-7.5274 9.087964E-02
-7.5074 9.050088E-02
-7.4874 9.012174E-02
-7.4674 8.974218E-02
-7.4473 8.936200E-02
-7.4273 8.898114E-02
-7.4073 8.859940E-02
-7.3873 8.821685E-02
-7.3673 8.783333E-02
-7.3473 8.744878E-02
-7.3273 8.706320E-02
-7.3073 8.667646E-02
-7.2873 8.628858E-02
-7.2673 8.589953E-02
-7.2472 8.550929E-02
-7.2272 8.511785E-02
-7.2072 8.472530E-02
-7.1872 8.433153E-02
-7.1672 8.393663E-02
-7.1472 8.354070E-02
-7.1272 8.314375E-02
-7.1072 8.274574E-02
-7.0872 8.234682E-02
-7.0672 8.194702E-02
-7.0471 8.154639E-02
-7.0271 8.114511E-02
-7.0071 8.074311E-02
-6.9871 8.034066E-02
-6.9671 7.993772E-02
-6.9471 7.953443E-02
-6.9271 7.913089E-02
-6.9071 7.872716E-02
-6.8871 7.832335E-02
-6.8671 7.791965E-02
-6.8470 7.751620E-02
-6.8270 7.711297E-02
-6.8070 7.671025E-02
-6.7870 7.630802E-02
-6.7670 7.590647E-02
-6.7470 7.550579E-02
-6.7270 7.510596E-02
-6.7070 7.470713E-02
-6.6870 7.430956E-02
-6.6670 7.391322E-02
-6.6469 7.351837E-02
-6.6269 7.312503E-02
-6.6069 7.273341E-02
-6.5869 7.234363E-02
-6.5669 7.195579E-02
-6.5469 7.157000E-02
-6.5269 7.118637E-02
-6.5069 7.080509E-02
-6.4869 7.042626E-02
-6.4669 7.004998E-02
-6.4468 6.967641E-02
-6.4268 6.930565E-02
-6.4068 6.893780E-02
-6.3868 6.857306E-02
-6.3668 6.821150E-02
-6.3468 6.785320E-02
-6.3268 6.749835E-02
-6.3068 6.714695E-02
-6.2868 6.679926E-02
-6.2668 6.645525E-02
-6.2467 6.611515E-02
-6.2267 6.577895E-02
-6.2067 6.544685E-02
-6.1867 6.511896E-02
-6.1667 6.479534E-02
-6.1467 6.447605E-02
-6.1267 6.416124E-02
-6.1067 6.385105E-02
-6.0867 6.354542E-02
-6.0667 6.324463E-02
-6.0466 6.294869E-02
-6.0266 6.265765E-02
-6.0066 6.237173E-02
-5.9866 6.209079E-02
-5.9666 6.181515E-02
-5.9466 6.154465E-02
-5.9266 6.127961E-02
-5.9066 6.102000E-02
-5.8866 6.076586E-02
-5.8666 6.051730E-02
-5.8465 6.027448E-02
-5.8265 6.003734E-02
-5.8065 5.980601E-02
-5.7865 5.958057E-02
-5.7665 5.936109E-02
-5.7465 5.914758E-02
-5.7265 5.894025E-02
-5.7065 5.873900E-02
-5.6865 5.854399E-02
-5.6665 5.835532E-02
-5.6464 5.817300E-02
-5.6264 5.799711E-02
-5.6064 5.782767E-02
-5.5864 5.766487E-02
-5.5664 5.750875E-02
-5.5464 5.735928E-02
-5.5264 5.721660E-02
-5.5064 5.708083E-02
-5.4864 5.695201E-02
-5.4664 5.683018E-02
-5.4463 5.671546E-02
-5.4263 5.660793E-02
-5.4063 5.650761E-02
-5.3863 5.641474E-02
-5.3663 5.632929E-02
-5.3463 5.625148E-02
-5.3263 5.618122E-02
-5.3063 5.611875E-02
-5.2863 5.606408E-02
-5.2663 5.601749E-02
-5.2462 5.597887E-02
-5.2262 5.594854E-02
-5.2062 5.592655E-02
-5.1862 5.591305E-02
-5.1662 5.590806E-02
-5.1462 5.591190E-02
-5.1262 5.592461E-02
-5.1062 5.594643E-02
-5.0862 5.597746E-02
-5.0662 5.601785E-02
-5.0461 5.606782E-02
-5.0261 5.612759E-02
-5.0061 5.619729E-02
-4.9861 5.627720E-02
-4.9661 5.636733E-02
-4.9461 5.646822E-02
-4.9261 5.657979E-02
-4.9061 5.670248E-02
-4.8861 5.683640E-02
-4.8661 5.698192E-02
-4.8460 5.713921E-02
-4.8260 5.730853E-02
-4.8060 5.749018E-02
-4.7860 5.768457E-02
-4.7660 5.789182E-02
-4.7460 5.811224E-02
-4.7260 5.834616E-02
-4.7060 5.859395E-02
-4.6860 5.885590E-02
-4.6660 5.913232E-02
-4.6459 5.942359E-02
-4.6259 5.972984E-02
-4.6059 6.005175E-02
-4.5859 6.038921E-02
-4.5659 6.074288E-02
-4.5459 6.111308E-02
-4.5259 6.149993E-02
-4.5059 6.190380E-02
-4.4859 6.232514E-02
-4.4659 6.276386E-02
-4.4458 6.322072E-02
-4.4258 6.369564E-02
-4.4058 6.418886E-02
-4.3858 6.470073E-02
-4.3658 6.523115E-02
-4.3458 6.578046E-02
-4.3258 6.634865E-02
-4.3058 6.693562E-02
-4.2858 6.754157E-02
-4.2658 6.816625E-02
-4.2457 6.880935E-02
-4.2257 6.947090E-02
-4.2057 7.015049E-02
-4.1857 7.084754E-02
-4.1657 7.156176E-02
-4.1457 7.229234E-02
-4.1257 7.303868E-02
-4.1057 7.379981E-02
-4.0857 7.457495E-02
-4.0657 7.536279E-02
-4.0456 7.616239E-02
-4.0256 7.697210E-02
-4.0056 7.779068E-02
-3.9856 7.861641E-02
-3.9656 7.944748E-02
-3.9456 8.028236E-02
-3.9256 8.111882E-02
-3.9056 8.195492E-02
-3.8856 8.278837E-02
-3.8656 8.361711E-02
-3.8455 8.443873E-02
-3.8255 8.525106E-02
-3.8055 8.605149E-02
-3.7855 8.683775E-02
-3.7655 8.760754E-02
-3.7455 8.835845E-02
-3.7255 8.908838E-02
-3.7055 8.979518E-02
-3.6855 9.047649E-02
-3.6655 9.113077E-02
-3.6454 9.175593E-02
-3.6254 9.235072E-02
-3.6054 9.291339E-02
-3.5854 9.344315E-02
-3.5654 9.393852E-02
-3.5454 9.439912E-02
-3.5254 9.482415E-02
-3.5054 9.521342E-02
-3.4854 9.556662E-02
-3.4654 9.588407E-02
-3.4453 9.616587E-02
-3.4253 9.641266E-02
-3.4053 9.662496E-02
-3.3853 9.680361E-02
-3.3653 9.694953E-02
-3.3453 9.706382E-02
-3.3253 9.714767E-02
-3.3053 9.720236E-02
-3.2853 9.722908E-02
-3.2653 9.722932E-02
-3.2452 9.720452E-02
-3.2252 9.715593E-02
-3.2052 9.708522E-02
-3.1852 9.699364E-02
-3.1652 9.688268E-02
-3.1452 9.675348E-02
-3.1252 9.660768E-02
-3.1052 9.644633E-02
-3.0852 9.627079E-02
-3.0652 9.608205E-02
-3.0451 9.588129E-02
-3.0251 9.566954E-02
-3.0051 9.544788E-02
-2.9851 9.521707E-02
-2.9651 9.497791E-02
-2.9451 9.473129E-02
-2.9251 9.447794E-02
-2.9051 9.421845E-02
-2.8851 9.395338E-02
-2.8651 9.368336E-02
-2.8450 9.340886E-02
-2.8250 9.313036E-02
-2.8050 9.284821E-02
-2.7850 9.256271E-02
-2.7650 9.227441E-02
-2.7450 9.198347E-02
-2.7250 9.169008E-02
-2.7050 9.139473E-02
-2.6850 9.109745E-02
-2.6650 9.079846E-02
-2.6449 9.049809E-02
-2.6249 9.019640E-02
-2.6049 8.989355E-02
-2.5849 8.958985E-02
-2.5649 8.928538E-02
-2.5449 8.898021E-02
-2.5249 8.867463E-02
-2.5049 8.836875E-02
-2.4849 8.806270E-02
-2.4649 8.775678E-02
-2.4448 8.745099E-02
-2.4248 8.714557E-02
-2.4048 8.684063E-02
-2.3848 8.653662E-02
-2.3648 8.623345E-02
-2.3448 8.593146E-02
-2.3248 8.563082E-02
-2.3048 8.533179E-02
-2.2848 8.503466E-02
-2.2648 8.473954E-02
-2.2447 8.444685E-02
-2.2247 8.415673E-02
-2.2047 8.386951E-02
-2.1847 8.358539E-02
-2.1647 8.330468E-02
-2.1447 8.302774E-02
-2.1247 8.275478E-02
-2.1047 8.248624E-02
-2.0847 8.222227E-02
-2.0647 8.196324E-02
-2.0446 8.170952E-02
-2.0246 8.146140E-02
-2.0046 8.121913E-02
-1.9846 8.098323E-02
-1.9646 8.075381E-02
-1.9446 8.053123E-02
-1.9246 8.031589E-02
-1.9046 8.010816E-02
-1.8846 7.990828E-02
-1.8646 7.971660E-02
-1.8445 7.953353E-02
-1.8245 7.935934E-02
-1.8045 7.919428E-02
-1.7845 7.903873E-02
-1.7645 7.889303E-02
-1.7445 7.875757E-02
-1.7245 7.863243E-02
-1.7045 7.851826E-02
-1.6845 7.841509E-02
-1.6645 7.832326E-02
-1.6444 7.824319E-02
-1.6244 7.817515E-02
-1.6044 7.811946E-02
-1.5844 7.807637E-02
-1.5644 7.804612E-02
-1.5444 7.802906E-02
-1.5244 7.802544E-02
-1.5044 7.803564E-02
-1.4844 7.805983E-02
-1.4644 7.809827E-02
-1.4443 7.815127E-02
-1.4243 7.821909E-02
-1.4043 7.830200E-02
-1.3843 7.840023E-02
-1.3643 7.851398E-02
-1.3443 7.864360E-02
-1.3243 7.878921E-02
-1.3043 7.895104E-02
-1.2843 7.912930E-02
-1.2643 7.932416E-02
-1.2442 7.953580E-02
-1.2242 7.976439E-02
-1.2042 8.001021E-02
-1.1842 8.027321E-02
-1.1642 8.055364E-02
-1.1442 8.085146E-02
-1.1242 8.116677E-02
-1.1042 8.149958E-02
-1.0842 8.185005E-02
-1.0642 8.221788E-02
-1.0441 8.260332E-02
-1.0241 8.300617E-02
-1.0041 8.342618E-02
-0.9841 8.386313E-02
-0.9641 8.431698E-02
-0.9441 8.478744E-02
-0.9241 8.527403E-02
-0.9041 8.577637E-02
-0.8841 8.629406E-02
-0.8641 8.682656E-02
-0.8440 8.737345E-02
-0.8240 8.793372E-02
-0.8040 8.850689E-02
-0.7840 8.909214E-02
-0.7640 8.968860E-02
-0.7440 9.029520E-02
-0.7240 9.091100E-02
-0.7040 9.153499E-02
-0.6840 9.216588E-02
-0.6640 9.280243E-02
-0.6439 9.344333E-02
-0.6239 9.408733E-02
-0.6039 9.473308E-02
-0.5839 9.537886E-02
-0.5639 9.602328E-02
-0.5439 9.666479E-02
-0.5239 9.730202E-02
-0.5039 9.793332E-02
-0.4839 9.855714E-02
-0.4639 9.917171E-02
-0.4438 9.977589E-02
-0.4238 1.003680E-01
-0.4038 1.009467E-01
-0.3838 1.015108E-01
-0.3638 1.020587E-01
-0.3438 1.025895E-01
-0.3238 1.031020E-01
-0.3038 1.035955E-01
-0.2838 1.040690E-01
-0.2638 1.045217E-01
-0.2437 1.049532E-01
-0.2237 1.053632E-01
-0.2037 1.057511E-01
-0.1837 1.061169E-01
-0.1637 1.064608E-01
-0.1437 1.067825E-01
-0.1237 1.070825E-01
-0.1037 1.073614E-01
-0.0837 1.076193E-01
-0.0637 1.078569E-01
-0.0436 1.080750E-01
-0.0236 1.082743E-01
-0.0036 1.084556E-01
0.0164 1.086201E-01
0.0364 1.087684E-01
0.0564 1.089017E-01
0.0764 1.090209E-01
0.0964 1.091272E-01
0.1164 1.092215E-01
0.1364 1.093051E-01
0.1565 1.093787E-01
0.1765 1.094436E-01
0.1965 1.095007E-01
0.2165 1.095511E-01
0.2365 1.095954E-01
0.2565 1.096348E-01
0.2765 1.096701E-01
0.2965 1.097020E-01
0.3165 1.097314E-01
0.3365 1.097588E-01
0.3566 1.097849E-01
0.3766 1.098103E-01
0.3966 1.098354E-01
0.4166 1.098608E-01
0.4366 1.098870E-01
0.4566 1.099141E-01
0.4766 1.099426E-01
0.4966 1.099727E-01
0.5166 1.100045E-01
0.5366 1.100382E-01
0.5567 1.100739E-01
0.5767 1.101116E-01
0.5967 1.101515E-01
0.6167 1.101933E-01
0.6367 1.102371E-01
0.6567 1.102827E-01
0.6767 1.103300E-01
0.6967 1.103788E-01
0.7167 1.104289E-01
0.7367 1.104801E-01
0.7568 1.105322E-01
0.7768 1.105849E-01
0.7968 1.106377E-01
0.8168 1.106905E-01
0.8368 1.107429E-01
0.8568 1.107946E-01
0.8768 1.108452E-01
0.8968 1.108944E-01
0.9168 1.109418E-01
0.9368 1.109870E-01
0.9569 1.110298E-01
0.9769 1.110697E-01
0.9969 1.111063E-01
1.0169 1.111394E-01
1.0369 1.111686E-01
1.0569 1.111935E-01
1.0769 1.112139E-01
1.0969 1.112296E-01
1.1169 1.112400E-01
1.1369 1.112451E-01
1.1570 1.112446E-01
1.1770 1.112382E-01
1.1970 1.112259E-01
1.2170 1.112073E-01
1.2370 1.111825E-01
1.2570 1.111511E-01
1.2770 1.111132E-01
1.2970 1.110687E-01
1.3170 1.110177E-01
1.3370 1.109597E-01
1.3571 1.108953E-01
1.3771 1.108241E-01
1.3971 1.107464E-01
1.4171 1.106622E-01
1.4371 1.105718E-01
1.4571 1.104750E-01
1.4771 1.103719E-01
1.4971 1.102632E-01
1.5171 1.101486E-01
1.5371 1.100285E-01
1.5572 1.099033E-01
1.5772 1.097729E-01
1.5972 1.096376E-01
1.6172 1.094979E-01
1.6372 1.093537E-01
1.6572 1.092058E-01
1.6772 1.090540E-01
1.6972 1.088987E-01
1.7172 1.087404E-01
1.7372 1.085792E-01
1.7573 1.084156E-01
1.7773 1.082496E-01
1.7973 1.080816E-01
1.8173 1.079119E-01
1.8373 1.077409E-01
1.8573 1.075687E-01
1.8773 1.073957E-01
1.8973 1.072220E-01
1.9173 1.070481E-01
1.9373 1.068740E-01
1.9574 1.067000E-01
1.9774 1.065265E-01
1.9974 1.063535E-01
2.0174 1.061814E-01
2.0374 1.060102E-01
2.0574 1.058402E-01
2.0774 1.056715E-01
2.0974 1.055044E-01
2.1174 1.053388E-01
2.1374 1.051752E-01
2.1575 1.050135E-01
2.1775 1.048539E-01
2.1975 1.046965E-01
2.2175 1.045413E-01
2.2375 1.043887E-01
2.2575 1.042385E-01
2.2775 1.040909E-01
2.2975 1.039458E-01
2.3175 1.038035E-01
2.3375 1.006780E-01
2.3576 1.035272E-01
2.3776 1.033934E-01
2.3976 1.032625E-01
2.4176 1.031344E-01
2.4376 1.030094E-01
2.4576 1.028873E-01
2.4776 1.027683E-01
2.4976 1.026523E-01
2.5176 1.025393E-01
2.5376 1.024294E-01
2.5577 1.023226E-01
2.5777 1.022188E-01
2.5977 9.918427E-02
2.6177 1.020204E-01
2.6377 1.019258E-01
2.6577 9.738981E-02
2.6777 1.017458E-01
2.6977 1.016604E-01
2.7177 1.015780E-01
2.7377 1.014987E-01
2.7578 1.014223E-01
2.7778 1.013491E-01
2.7978 1.012788E-01
2.8178 1.012115E-01
2.8378 1.011473E-01
2.8578 1.010860E-01
2.8778 1.010277E-01
2.8978 1.009725E-01
2.9178 9.738151E-02
2.9378 1.008708E-01
2.9579 1.008244E-01
2.9779 9.887644E-02
2.9979 1.007405E-01
3.0179 1.007030E-01
3.0379 1.006684E-01
3.0579 1.006367E-01
3.0779 1.006080E-01
3.0979 1.005821E-01
3.1179 1.005593E-01
3.1379 1.005393E-01
3.1580 1.005222E-01
3.1780 1.005081E-01
3.1980 1.004967E-01
3.2180 1.004883E-01
3.2380 9.825883E-02
3.2580 1.004801E-01
3.2780 9.915174E-02
3.2980 1.004832E-01
3.3180 1.004890E-01
3.3380 1.004976E-01
3.3581 1.005089E-01
3.3781 1.005230E-01
3.3981 1.005398E-01
3.4181 1.005593E-01
3.4381 1.005815E-01
3.4581 1.006063E-01
3.4781 1.006337E-01
3.4981 1.006636E-01
3.5181 1.006962E-01
3.5381 1.007311E-01
3.5582 9.934121E-02
3.5782 1.008082E-01
3.5982 1.000784E-01
3.6182 1.008947E-01
3.6382 1.009410E-01
3.6582 1.009897E-01
3.6782 1.010402E-01
3.6982 1.010928E-01
3.7182 1.011473E-01
3.7382 1.012036E-01
3.7583 1.012614E-01
3.7783 1.013209E-01
3.7983 1.013819E-01
3.8183 1.014443E-01
3.8383 1.015079E-01
3.8583 1.015727E-01
3.8783 1.000598E-01
3.8983 1.017051E-01
3.9183 1.011465E-01
3.9383 1.018406E-01
3.9584 1.019092E-01
3.9784 1.019781E-01
3.9984 1.020472E-01
4.0184 1.021164E-01
4.0384 1.021855E-01
4.0584 1.022544E-01
4.0784 1.023227E-01
4.0984 1.023907E-01
4.1184 1.024578E-01
4.1384 1.025240E-01
4.1585 1.025892E-01
4.1785 1.026532E-01
4.1985 9.997993E-02
4.2185 1.027770E-01
4.2385 1.017694E-01
4.2585 1.028940E-01
4.2785 1.029496E-01
4.2985 1.030031E-01
4.3185 1.030543E-01
4.3385 1.031030E-01
4.3586 1.031491E-01
4.3786 1.031927E-01
4.3986 1.032334E-01
4.4186 1.032712E-01
4.4386 1.033059E-01
4.4586 1.033375E-01
4.4786 1.033659E-01
4.4986 1.033909E-01
4.5186 9.919156E-02
4.5386 1.034309E-01
4.5587 1.015564E-01
4.5787 1.034568E-01
4.5987 1.034645E-01
4.6187 1.034685E-01
4.6387 1.034689E-01
4.6587 1.034657E-01
4.6787 1.034589E-01
4.6987 1.034485E-01
4.7187 1.034346E-01
4.7387 1.034172E-01
4.7588 1.033963E-01
4.7788 1.033721E-01
4.7988 1.033446E-01
4.8188 1.033138E-01
4.8388 9.823203E-02
4.8588 1.032430E-01
4.8788 1.006732E-01
4.8988 1.031604E-01
4.9188 1.031150E-01
4.9388 1.030670E-01
4.9589 1.030166E-01
4.9789 1.029640E-01
4.9989 1.029092E-01
5.0189 1.028524E-01
5.0389 1.027939E-01
5.0589 1.027335E-01
5.0789 1.026717E-01
5.0989 1.026086E-01
5.1189 1.025443E-01
5.1389 1.024790E-01
5.1590 9.765439E-02
5.1790 1.023458E-01
5.1990 9.969341E-02
5.2190 1.022106E-01
5.2390 1.021427E-01
5.2590 1.020746E-01
5.2790 1.020069E-01
5.2990 1.019392E-01
5.3190 1.018720E-01
5.3390 1.018054E-01
5.3591 1.017395E-01
5.3791 1.016745E-01
5.3991 1.016106E-01
5.4191 1.015476E-01
5.4391 1.014861E-01
5.4591 1.014259E-01
5.4791 9.776125E-02
5.4991 1.013103E-01
5.5191 9.915558E-02
5.5391 1.012015E-01
5.5592 1.011501E-01
5.5792 1.011006E-01
5.5992 1.010533E-01
5.6192 1.010083E-01
5.6392 1.009656E-01
5.6592 1.009252E-01
5.6792 1.008873E-01
5.6992 1.008520E-01
5.7192 1.008192E-01
5.7392 1.007891E-01
5.7593 1.007617E-01
5.7793 1.007371E-01
5.7993 9.860415E-02
5.8193 1.006962E-01
5.8393 9.933094E-02
5.8593 1.006668E-01
5.8793 1.006566E-01
5.8993 1.006493E-01
5.9193 1.006449E-01
5.9393 1.006436E-01
5.9594 1.006453E-01
5.9794 1.006501E-01
5.9994 1.006578E-01
6.0194 1.006686E-01
6.0394 1.006824E-01
6.0594 1.006993E-01
6.0794 1.007192E-01
6.0994 1.007421E-01
6.1194 1.000796E-01
6.1394 1.007971E-01
6.1595 1.002463E-01
6.1795 1.008639E-01
6.1995 1.009019E-01
6.2195 1.009428E-01
6.2395 1.009866E-01
6.2595 1.010332E-01
6.2795 1.010827E-01
6.2995 1.011350E-01
6.3195 1.011902E-01
6.3395 1.012482E-01
6.3596 1.013088E-01
6.3796 1.013723E-01
6.3996 1.014383E-01
6.4196 1.015070E-01
6.4396 1.020053E-01
6.4596 1.016522E-01
6.4796 1.017827E-01
6.4996 1.018074E-01
6.5196 1.018887E-01
6.5396 1.019724E-01
6.5597 1.020584E-01
6.5797 1.021468E-01
6.5997 1.022374E-01
6.6197 1.023302E-01
6.6397 1.024251E-01
6.6597 1.025223E-01
6.6797 1.026215E-01
6.6997 1.027227E-01
6.7197 1.028258E-01
6.7397 1.029308E-01
6.7598 1.041576E-01
6.7798 1.031465E-01
6.7998 1.037483E-01
6.8198 1.033693E-01
6.8398 1.034832E-01
6.8598 1.035986E-01
6.8798 1.037156E-01
6.8998 1.038342E-01
6.9198 1.039541E-01
6.9398 1.040754E-01
6.9599 1.041981E-01
6.9799 1.043220E-01
6.9999 1.044470E-01
7.0199 1.045732E-01
7.0399 1.047006E-01
7.0599 1.048289E-01
7.0799 1.062857E-01
7.0999 1.050885E-01
7.1199 1.059112E-01
7.1399 1.053514E-01
7.1600 1.054840E-01
7.1800 1.056172E-01
7.2000 1.057511E-01
7.2200 1.058854E-01
7.2400 1.060203E-01
7.2600 1.061555E-01
7.2800 1.062911E-01
7.3000 1.064270E-01
7.3200 1.065631E-01
7.3400 1.066993E-01
7.3601 1.068357E-01
7.3801 1.069719E-01
7.4001 1.081388E-01
7.4201 1.072446E-01
7.4401 1.080154E-01
7.4601 1.075163E-01
7.4801 1.076519E-01
7.5001 1.077870E-01
7.5201 1.079216E-01
7.5401 1.080558E-01
7.5602 1.081894E-01
7.5802 1.083224E-01
7.6002 1.084548E-01
7.6202 1.085862E-01
7.6402 1.087169E-01
7.6602 1.088467E-01
7.6802 1.089756E-01
7.7002 1.091035E-01
7.7202 1.095202E-01
7.7402 1.093560E-01
7.7603 1.098096E-01
7.7803 1.096036E-01
7.8003 1.097254E-01
7.8203 1.098460E-01
7.8403 1.099651E-01
7.8603 1.100826E-01
7.8803 1.101988E-01
7.9003 1.103133E-01
7.9203 1.104261E-01
7.9403 1.105373E-01
7.9604 1.106467E-01
7.9804 1.107543E-01
8.0004 1.108602E-01
8.0204 1.109642E-01
8.0404 1.103611E-01
8.0604 1.111663E-01
8.0804 1.111071E-01
8.1004 1.113606E-01
8.1204 1.114546E-01
8.1404 1.115466E-01
8.1605 1.116364E-01
8.1805 1.117243E-01
8.2005 1.118098E-01
8.2205 1.118931E-01
8.2405 1.119743E-01
8.2605 1.120534E-01
8.2805 1.121302E-01
8.3005 1.122048E-01
8.3205 1.122770E-01
8.3405 1.123471E-01
8.3606 1.107704E-01
8.3806 1.124805E-01
8.4006 1.118594E-01
8.4206 1.126050E-01
8.4406 1.126640E-01
8.4606 1.127207E-01
8.4806 1.127753E-01
8.5006 1.128277E-01
8.5206 1.128780E-01
8.5406 1.129261E-01
8.5607 1.129722E-01
8.5807 1.130162E-01
8.6007 1.130581E-01
8.6207 1.130982E-01
8.6407 1.131364E-01
8.6607 1.131725E-01
8.6807 1.387747E-01
8.7007 1.132394E-01
8.7207 1.122007E-01
8.7407 1.132995E-01
8.7608 1.133269E-01
8.7808 1.133529E-01
8.8008 1.133774E-01
8.8208 1.134005E-01
8.8408 1.134221E-01
8.8608 1.134425E-01
8.8808 1.134616E-01
8.9008 1.134795E-01
8.9208 1.134965E-01
8.9408 1.135124E-01
8.9609 1.135274E-01
8.9809 1.135414E-01
9.0009 1.404913E-01
9.0209 1.135677E-01
9.0409 1.407043E-01
