-30.4788 6.007680E-04
-30.4588 6.019315E-04
-30.4388 6.030984E-04
-30.4188 6.042691E-04
-30.3988 6.054435E-04
-30.3787 6.066214E-04
-30.3587 6.078033E-04
-30.3387 6.089885E-04
-30.3187 6.101777E-04
-30.2987 6.113704E-04
-30.2787 6.125671E-04
-30.2587 6.137672E-04
-30.2387 6.149712E-04
-30.2187 6.161787E-04
-30.1987 6.173903E-04
-30.1786 6.186058E-04
-30.1586 6.198249E-04
-30.1386 6.210480E-04
-30.1186 6.222750E-04
-30.0986 6.235058E-04
-30.0786 6.247405E-04
-30.0586 6.259787E-04
-30.0386 6.272214E-04
-30.0186 6.284677E-04
-29.9986 6.297182E-04
-29.9785 6.309726E-04
-29.9585 6.322309E-04
-29.9385 6.334931E-04
-29.9185 6.347597E-04
-29.8985 6.360300E-04
-29.8785 6.373044E-04
-29.8585 6.385830E-04
-29.8385 6.398657E-04
-29.8185 6.411525E-04
-29.7985 6.424435E-04
-29.7784 6.437384E-04
-29.7584 6.450376E-04
-29.7384 6.463411E-04
-29.7184 6.476490E-04
-29.6984 6.489608E-04
-29.6784 6.502768E-04
-29.6584 6.515971E-04
-29.6384 6.529219E-04
-29.6184 6.542505E-04
-29.5984 6.555840E-04
-29.5783 6.569217E-04
-29.5583 6.582636E-04
-29.5383 6.596100E-04
-29.5183 6.609607E-04
-29.4983 6.623157E-04
-29.4783 6.636752E-04
-29.4583 6.650392E-04
-29.4383 6.664079E-04
-29.4183 6.677809E-04
-29.3983 6.691584E-04
-29.3782 6.705404E-04
-29.3582 6.719272E-04
-29.3382 6.733180E-04
-29.3182 6.747141E-04
-29.2982 6.761142E-04
-29.2782 6.775192E-04
-29.2582 6.789292E-04
-29.2382 6.803433E-04
-29.2182 6.817624E-04
-29.1982 6.831862E-04
-29.1781 6.846148E-04
-29.1581 6.860481E-04
-29.1381 6.874863E-04
-29.1181 6.889293E-04
-29.0981 6.903769E-04
-29.0781 6.918297E-04
-29.0581 6.932872E-04
-29.0381 6.947495E-04
-29.0181 6.962168E-04
-28.9981 6.976889E-04
-28.9780 6.991663E-04
-28.9580 7.006484E-04
-28.9380 7.021353E-04
-28.9180 7.036276E-04
-28.8980 7.051253E-04
-28.8780 7.066273E-04
-28.8580 7.081348E-04
-28.8380 7.096478E-04
-28.8180 7.111652E-04
-28.7980 7.126885E-04
-28.7779 7.142161E-04
-28.7579 7.157496E-04
-28.7379 7.172882E-04
-28.7179 7.188320E-04
-28.6979 7.203813E-04
-28.6779 7.219357E-04
-28.6579 7.234956E-04
-28.6379 7.250609E-04
-28.6179 7.266315E-04
-28.5979 7.282075E-04
-28.5778 7.297891E-04
-28.5578 7.313760E-04
-28.5378 7.329685E-04
-28.5178 7.345665E-04
-28.4978 7.361700E-04
-28.4778 7.377791E-04
-28.4578 7.393938E-04
-28.4378 7.410139E-04
-28.4178 7.426399E-04
-28.3978 7.442720E-04
-28.3777 7.459094E-04
-28.3577 7.475526E-04
-28.3377 7.492015E-04
-28.3177 7.508562E-04
-28.2977 7.525167E-04
-28.2777 7.541828E-04
-28.2577 7.558554E-04
-28.2377 7.575332E-04
-28.2177 7.592177E-04
-28.1977 7.609074E-04
-28.1776 7.626039E-04
-28.1576 7.643059E-04
-28.1376 7.660137E-04
-28.1176 7.677278E-04
-28.0976 7.694482E-04
-28.0776 7.711746E-04
-28.0576 7.729077E-04
-28.0376 7.746462E-04
-28.0176 7.763911E-04
-27.9976 7.781425E-04
-27.9775 7.799002E-04
-27.9575 7.816640E-04
-27.9375 7.834343E-04
-27.9175 7.852109E-04
-27.8975 7.869941E-04
-27.8775 7.887836E-04
-27.8575 7.905795E-04
-27.8375 7.923820E-04
-27.8175 7.941911E-04
-27.7975 7.960068E-04
-27.7774 7.978290E-04
-27.7574 7.996578E-04
-27.7374 8.014934E-04
-27.7174 8.033356E-04
-27.6974 8.051846E-04
-27.6774 8.070404E-04
-27.6574 8.089030E-04
-27.6374 8.107724E-04
-27.6174 8.126482E-04
-27.5974 8.145318E-04
-27.5773 8.164220E-04
-27.5573 8.183191E-04
-27.5373 8.202232E-04
-27.5173 8.221343E-04
-27.4973 8.240526E-04
-27.4773 8.259779E-04
-27.4573 8.279104E-04
-27.4373 8.298497E-04
-27.4173 8.317971E-04
-27.3973 8.337514E-04
-27.3772 8.357129E-04
-27.3572 8.376817E-04
-27.3372 8.396574E-04
-27.3172 8.416415E-04
-27.2972 8.436327E-04
-27.2772 8.456313E-04
-27.2572 8.476368E-04
-27.2372 8.496511E-04
-27.2172 8.516724E-04
-27.1972 8.537012E-04
-27.1771 8.557375E-04
-27.1571 8.577818E-04
-27.1371 8.598338E-04
-27.1171 8.618937E-04
-27.0971 8.639616E-04
-27.0771 8.660372E-04
-27.0571 8.681207E-04
-27.0371 8.702123E-04
-27.0171 8.723119E-04
-26.9971 8.744201E-04
-26.9770 8.765351E-04
-26.9570 8.786590E-04
-26.9370 8.807909E-04
-26.9170 8.829313E-04
-26.8970 8.850797E-04
-26.8770 8.872366E-04
-26.8570 8.894017E-04
-26.8370 8.915759E-04
-26.8170 8.937571E-04
-26.7970 8.959478E-04
-26.7769 8.981473E-04
-26.7569 9.003543E-04
-26.7369 9.025711E-04
-26.7169 9.047959E-04
-26.6969 9.070289E-04
-26.6769 9.092712E-04
-26.6569 9.115225E-04
-26.6369 9.137824E-04
-26.6169 9.160512E-04
-26.5969 9.183291E-04
-26.5768 9.206166E-04
-26.5568 9.229124E-04
-26.5368 9.252168E-04
-26.5168 9.275309E-04
-26.4968 9.298541E-04
-26.4768 9.321867E-04
-26.4568 9.345285E-04
-26.4368 9.368797E-04
-26.4168 9.392401E-04
-26.3968 9.416101E-04
-26.3767 9.439897E-04
-26.3567 9.463787E-04
-26.3367 9.487775E-04
-26.3167 9.511857E-04
-26.2967 9.536038E-04
-26.2767 9.560315E-04
-26.2567 9.584691E-04
-26.2367 9.609163E-04
-26.2167 9.633737E-04
-26.1967 9.658411E-04
-26.1766 9.683184E-04
-26.1566 9.708059E-04
-26.1366 9.733028E-04
-26.1166 9.758105E-04
-26.0966 9.783292E-04
-26.0766 9.808576E-04
-26.0566 9.833963E-04
-26.0366 9.859453E-04
-26.0166 9.885049E-04
-25.9966 9.910753E-04
-25.9765 9.936560E-04
-25.9565 9.962475E-04
-25.9365 9.988498E-04
-25.9165 1.001463E-03
-25.8965 1.004086E-03
-25.8765 1.006721E-03
-25.8565 1.009367E-03
-25.8365 1.012023E-03
-25.8165 1.014691E-03
-25.7965 1.017370E-03
-25.7764 1.020059E-03
-25.7564 1.022762E-03
-25.7364 1.025474E-03
-25.7164 1.028198E-03
-25.6964 1.030934E-03
-25.6764 1.033680E-03
-25.6564 1.036440E-03
-25.6364 1.039210E-03
-25.6164 1.041992E-03
-25.5964 1.044787E-03
-25.5763 1.047592E-03
-25.5563 1.050409E-03
-25.5363 1.053240E-03
-25.5163 1.056081E-03
-25.4963 1.058935E-03
-25.4763 1.061802E-03
-25.4563 1.064681E-03
-25.4363 1.067572E-03
-25.4163 1.070476E-03
-25.3963 1.073391E-03
-25.3762 1.076320E-03
-25.3562 1.079261E-03
-25.3362 1.082214E-03
-25.3162 1.085182E-03
-25.2962 1.088162E-03
-25.2762 1.091154E-03
-25.2562 1.094159E-03
-25.2362 1.097179E-03
-25.2162 1.100211E-03
-25.1962 1.103256E-03
-25.1761 1.106313E-03
-25.1561 1.109385E-03
-25.1361 1.112471E-03
-25.1161 1.115570E-03
-25.0961 1.118684E-03
-25.0761 1.121810E-03
-25.0561 1.124951E-03
-25.0361 1.128105E-03
-25.0161 1.131273E-03
-24.9961 1.134455E-03
-24.9760 1.137651E-03
-24.9560 1.140863E-03
-24.9360 1.144087E-03
-24.9160 1.147328E-03
-24.8960 1.150582E-03
-24.8760 1.153852E-03
-24.8560 1.157134E-03
-24.8360 1.160432E-03
-24.8160 1.163745E-03
-24.7960 1.167073E-03
-24.7759 1.170418E-03
-24.7559 1.173775E-03
-24.7359 1.177150E-03
-24.7159 1.180539E-03
-24.6959 1.183942E-03
-24.6759 1.187363E-03
-24.6559 1.190798E-03
-24.6359 1.194249E-03
-24.6159 1.197716E-03
-24.5959 1.201201E-03
-24.5758 1.204698E-03
-24.5558 1.208213E-03
-24.5358 1.211747E-03
-24.5158 1.215293E-03
-24.4958 1.218858E-03
-24.4758 1.222438E-03
-24.4558 1.226037E-03
-24.4358 1.229651E-03
-24.4158 1.233283E-03
-24.3958 1.236929E-03
-24.3757 1.240596E-03
-24.3557 1.244277E-03
-24.3357 1.247977E-03
-24.3157 1.251695E-03
-24.2957 1.255430E-03
-24.2757 1.259180E-03
-24.2557 1.262950E-03
-24.2357 1.266740E-03
-24.2157 1.270545E-03
-24.1957 1.274367E-03
-24.1756 1.278210E-03
-24.1556 1.282069E-03
-24.1356 1.285951E-03
-24.1156 1.289848E-03
-24.0956 1.293764E-03
-24.0756 1.297697E-03
-24.0556 1.301652E-03
-24.0356 1.305623E-03
-24.0156 1.309615E-03
-23.9956 1.313626E-03
-23.9755 1.317657E-03
-23.9555 1.321708E-03
-23.9355 1.325780E-03
-23.9155 1.329868E-03
-23.8955 1.333977E-03
-23.8755 1.338107E-03
-23.8555 1.342257E-03
-23.8355 1.346428E-03
-23.8155 1.350617E-03
-23.7955 1.354830E-03
-23.7754 1.359062E-03
-23.7554 1.363314E-03
-23.7354 1.367589E-03
-23.7154 1.371885E-03
-23.6954 1.376203E-03
-23.6754 1.380539E-03
-23.6554 1.384901E-03
-23.6354 1.389282E-03
-23.6154 1.393685E-03
-23.5954 1.398111E-03
-23.5753 1.402560E-03
-23.5553 1.407027E-03
-23.5353 1.411522E-03
-23.5153 1.416036E-03
-23.4953 1.420573E-03
-23.4753 1.425134E-03
-23.4553 1.429718E-03
-23.4353 1.434326E-03
-23.4153 1.438959E-03
-23.3953 1.443611E-03
-23.3752 1.448293E-03
-23.3552 1.452993E-03
-23.3352 1.457719E-03
-23.3152 1.462470E-03
-23.2952 1.467247E-03
-23.2752 1.472048E-03
-23.2552 1.476869E-03
-23.2352 1.481722E-03
-23.2152 1.486594E-03
-23.1952 1.491493E-03
-23.1751 1.496419E-03
-23.1551 1.501370E-03
-23.1351 1.506348E-03
-23.1151 1.511354E-03
-23.0951 1.516380E-03
-23.0751 1.521439E-03
-23.0551 1.526519E-03
-23.0351 1.531627E-03
-23.0151 1.536763E-03
-22.9951 1.541927E-03
-22.9750 1.547119E-03
-22.9550 1.552338E-03
-22.9350 1.557587E-03
-22.9150 1.562858E-03
-22.8950 1.568165E-03
-22.8750 1.573493E-03
-22.8550 1.578852E-03
-22.8350 1.584240E-03
-22.8150 1.589658E-03
-22.7950 1.595105E-03
-22.7749 1.600584E-03
-22.7549 1.606086E-03
-22.7349 1.611625E-03
-22.7149 1.617188E-03
-22.6949 1.622782E-03
-22.6749 1.628415E-03
-22.6549 1.634072E-03
-22.6349 1.639761E-03
-22.6149 1.645475E-03
-22.5949 1.651228E-03
-22.5748 1.657013E-03
-22.5548 1.662824E-03
-22.5348 1.668675E-03
-22.5148 1.674553E-03
-22.4948 1.680471E-03
-22.4748 1.686416E-03
-22.4548 1.692394E-03
-22.4348 1.698406E-03
-22.4148 1.704453E-03
-22.3948 1.710526E-03
-22.3747 1.716643E-03
-22.3547 1.722787E-03
-22.3347 1.728974E-03
-22.3147 1.735190E-03
-22.2947 1.741450E-03
-22.2747 1.747737E-03
-22.2547 1.754061E-03
-22.2347 1.760422E-03
-22.2147 1.766821E-03
-22.1947 1.773258E-03
-22.1746 1.779722E-03
-22.1546 1.786233E-03
-22.1346 1.792775E-03
-22.1146 1.799363E-03
-22.0946 1.805982E-03
-22.0746 1.812651E-03
-22.0546 1.819348E-03
-22.0346 1.826084E-03
-22.0146 1.832862E-03
-21.9946 1.839680E-03
-21.9745 1.846541E-03
-21.9545 1.853430E-03
-21.9345 1.860371E-03
-21.9145 1.867356E-03
-21.8945 1.874371E-03
-21.8745 1.881429E-03
-21.8545 1.888540E-03
-21.8345 1.895684E-03
-21.8145 1.902872E-03
-21.7945 1.910103E-03
-21.7744 1.917379E-03
-21.7544 1.924699E-03
-21.7344 1.932065E-03
-21.7144 1.939476E-03
-21.6944 1.946920E-03
-21.6744 1.954423E-03
-21.6544 1.961974E-03
-21.6344 1.969556E-03
-21.6144 1.977187E-03
-21.5944 1.984879E-03
-21.5743 1.992606E-03
-21.5543 2.000381E-03
-21.5343 2.008205E-03
-21.5143 2.016078E-03
-21.4943 2.024001E-03
-21.4743 2.031975E-03
-21.4543 2.040000E-03
-21.4343 2.048059E-03
-21.4143 2.056186E-03
-21.3943 2.064349E-03
-21.3742 2.072580E-03
-21.3542 2.080848E-03
-21.3342 2.089186E-03
-21.3142 2.097560E-03
-21.2942 2.105990E-03
-21.2742 2.114473E-03
-21.2542 2.123012E-03
-21.2342 2.131606E-03
-21.2142 2.140257E-03
-21.1942 2.148964E-03
-21.1741 2.157729E-03
-21.1541 2.166552E-03
-21.1341 2.175412E-03
-21.1141 2.184351E-03
-21.0941 2.193329E-03
-21.0741 2.202387E-03
-21.0541 2.211485E-03
-21.0341 2.220644E-03
-21.0141 2.229886E-03
-20.9941 2.239167E-03
-20.9740 2.248511E-03
-20.9540 2.257919E-03
-20.9340 2.267389E-03
-20.9140 2.276924E-03
-20.8940 2.286524E-03
-20.8740 2.296188E-03
-20.8540 2.305895E-03
-20.8340 2.315692E-03
-20.8140 2.325557E-03
-20.7940 2.335464E-03
-20.7739 2.345466E-03
-20.7539 2.355509E-03
-20.7339 2.365652E-03
-20.7139 2.375833E-03
-20.6939 2.386088E-03
-20.6739 2.396413E-03
-20.6539 2.406811E-03
-20.6339 2.417314E-03
-20.6139 2.427858E-03
-20.5939 2.438479E-03
-20.5738 2.449140E-03
-20.5538 2.459909E-03
-20.5338 2.470756E-03
-20.5138 2.481681E-03
-20.4938 2.492686E-03
-20.4738 2.503731E-03
-20.4538 2.514893E-03
-20.4338 2.526098E-03
-20.4138 2.537422E-03
-20.3938 2.548790E-03
-20.3737 2.560241E-03
-20.3537 2.571814E-03
-20.3337 2.583432E-03
-20.3137 2.595136E-03
-20.2937 2.606925E-03
-20.2737 2.618800E-03
-20.2537 2.630764E-03
-20.2337 2.642816E-03
-20.2137 2.654957E-03
-20.1937 2.667190E-03
-20.1736 2.679514E-03
-20.1536 2.691931E-03
-20.1336 2.704392E-03
-20.1136 2.716997E-03
-20.0936 2.729697E-03
-20.0736 2.742442E-03
-20.0536 2.755336E-03
-20.0336 2.768275E-03
-20.0136 2.781368E-03
-19.9936 2.794504E-03
-19.9735 2.807742E-03
-19.9535 2.821142E-03
-19.9335 2.834585E-03
-19.9135 2.848133E-03
-19.8935 2.861785E-03
-19.8735 2.875545E-03
-19.8535 2.889411E-03
-19.8335 2.903387E-03
-19.8135 2.917474E-03
-19.7935 2.931672E-03
-19.7734 2.945983E-03
-19.7534 2.960408E-03
-19.7334 2.974874E-03
-19.7134 2.989530E-03
-19.6934 3.004305E-03
-19.6734 3.019120E-03
-19.6534 3.034136E-03
-19.6334 3.049190E-03
-19.6134 3.064452E-03
-19.5934 3.079751E-03
-19.5733 3.095174E-03
-19.5533 3.110816E-03
-19.5333 3.126494E-03
-19.5133 3.142301E-03
-19.4933 3.158238E-03
-19.4733 3.174410E-03
-19.4533 3.190616E-03
-19.4333 3.206957E-03
-19.4133 3.223436E-03
-19.3933 3.240054E-03
-19.3732 3.256812E-03
-19.3532 3.273596E-03
-19.3332 3.290639E-03
-19.3132 3.307830E-03
-19.2932 3.325171E-03
-19.2732 3.342661E-03
-19.2532 3.360171E-03
-19.2332 3.377968E-03
-19.2132 3.395780E-03
-19.1932 3.413889E-03
-19.1731 3.432014E-03
-19.1531 3.450446E-03
-19.1331 3.468887E-03
-19.1131 3.487653E-03
-19.0931 3.506425E-03
-19.0731 3.525363E-03
-19.0531 3.544470E-03
-19.0331 3.563926E-03
-19.0131 3.583381E-03
-18.9931 3.603014E-03
-18.9730 3.622822E-03
-18.9530 3.642814E-03
-18.9330 3.662990E-03
-18.9130 3.683354E-03
-18.8930 3.703903E-03
-18.8730 3.724425E-03
-18.8530 3.745360E-03
-18.8330 3.766497E-03
-18.8130 3.787832E-03
-18.7930 3.809127E-03
-18.7729 3.830870E-03
-18.7529 3.852829E-03
-18.7329 3.874732E-03
-18.7129 3.897117E-03
-18.6929 3.919440E-03
-18.6729 3.942273E-03
-18.6529 3.965029E-03
-18.6329 3.988003E-03
-18.6129 4.011526E-03
-18.5929 4.034959E-03
-18.5728 4.058621E-03
-18.5528 4.082519E-03
-18.5328 4.106655E-03
-18.5128 4.131416E-03
-18.4928 4.156053E-03
-18.4728 4.180944E-03
-18.4528 4.206093E-03
-18.4328 4.231063E-03
-18.4128 4.256726E-03
-18.3928 4.282665E-03
-18.3727 4.308879E-03
-18.3527 4.335384E-03
-18.3327 4.361653E-03
-18.3127 4.388727E-03
-18.2927 4.416106E-03
-18.2727 4.443221E-03
-18.2527 4.471206E-03
-18.2327 4.498900E-03
-18.2127 4.527533E-03
-18.1927 4.555836E-03
-18.1726 4.584450E-03
-18.1526 4.614094E-03
-18.1326 4.643360E-03
-18.1126 4.672963E-03
-18.0926 4.702891E-03
-18.0726 4.733165E-03
-18.0526 4.763795E-03
-18.0326 4.794794E-03
-18.0126 4.826162E-03
-17.9926 4.857909E-03
-17.9725 4.890066E-03
-17.9525 4.922613E-03
-17.9325 4.955606E-03
-17.9125 4.987861E-03
-17.8925 5.021685E-03
-17.8725 5.055987E-03
-17.8525 5.089453E-03
-17.8325 5.124704E-03
-17.8125 5.159008E-03
-17.7925 5.193730E-03
-17.7724 5.230500E-03
-17.7524 5.266187E-03
-17.7324 5.302355E-03
-17.7124 5.338999E-03
-17.6924 5.378141E-03
-17.6724 5.415952E-03
-17.6524 5.454291E-03
-17.6324 5.490987E-03
-17.6124 5.530451E-03
-17.5924 5.570601E-03
-17.5723 5.611491E-03
-17.5523 5.653131E-03
-17.5323 5.692574E-03
-17.5123 5.735733E-03
-17.4923 5.776471E-03
-17.4723 5.817773E-03
-17.4523 5.863574E-03
-17.4323 5.906499E-03
-17.4123 5.950205E-03
-17.3923 5.994663E-03
-17.3722 6.040203E-03
-17.3522 6.086599E-03
-17.3322 6.134226E-03
-17.3122 6.183130E-03
-17.2922 6.233497E-03
-17.2722 6.278497E-03
-17.2522 6.331625E-03
-17.2322 6.379004E-03
-17.2122 6.427284E-03
-17.1922 6.486264E-03
-17.1721 6.538057E-03
-17.1521 6.591633E-03
-17.1321 6.647438E-03
-17.1121 6.692562E-03
-17.0921 6.752956E-03
-17.0721 6.816534E-03
-17.0521 6.867529E-03
-17.0321 6.920218E-03
-17.0121 6.996330E-03
-16.9921 7.057362E-03
-16.9720 7.122748E-03
-16.9520 7.194258E-03
-16.9320 7.240520E-03
-16.9120 7.325063E-03
-16.8920 7.381660E-03
-16.8720 7.446158E-03
-16.8520 7.517656E-03
-16.8320 7.600506E-03
-16.8120 7.706894E-03
-16.7920 7.756878E-03
-16.7719 7.812854E-03
-16.7519 7.893481E-03
-16.7319 8.011218E-03
-16.7119 8.166768E-03
-16.6919 8.218175E-03
-16.6719 8.325368E-03
-16.6519 8.520863E-03
-16.6319 8.532088E-03
-16.6119 9.020759E-03
-16.5919 9.051326E-03
-16.5718 9.400439E-03
-16.5518 1.017144E-02
-16.5318 9.505928E-03
-16.5118 8.219468E-03
-16.4918 1.136498E-02
-16.4718 1.282983E-02
-16.4518 1.417936E-02
-16.4318 1.478513E-02
-16.4118 1.471585E-02
-16.3918 1.412093E-02
-16.3717 1.342275E-02
-16.3517 1.281569E-02
-16.3317 1.236073E-02
-16.3117 1.208125E-02
-16.2917 1.190184E-02
-16.2717 1.182379E-02
-16.2517 1.179521E-02
-16.2317 1.178496E-02
-16.2117 1.182583E-02
-16.1917 1.187522E-02
-16.1716 1.195998E-02
-16.1516 1.204872E-02
-16.1316 1.215313E-02
-16.1116 1.227089E-02
-16.0916 1.240061E-02
-16.0716 1.254066E-02
-16.0516 1.268362E-02
-16.0316 1.284270E-02
-16.0116 1.301006E-02
-15.9916 1.318015E-02
-15.9715 1.335385E-02
-15.9515 1.354100E-02
-15.9315 1.373184E-02
-15.9115 1.393913E-02
-15.8915 1.414640E-02
-15.8715 1.436220E-02
-15.8515 1.458961E-02
-15.8315 1.482212E-02
-15.8115 1.506343E-02
-15.7915 1.531351E-02
-15.7714 1.557537E-02
-15.7514 1.584633E-02
-15.7314 1.612666E-02
-15.7114 1.641679E-02
-15.6914 1.671703E-02
-15.6714 1.702773E-02
-15.6514 1.735119E-02
-15.6314 1.768764E-02
-15.6114 1.803380E-02
-15.5914 1.839380E-02
-15.5713 1.876783E-02
-15.5513 1.915606E-02
-15.5313 1.955764E-02
-15.5113 1.997441E-02
-15.4913 2.040675E-02
-15.4713 2.085376E-02
-15.4513 2.131729E-02
-15.4313 2.179917E-02
-15.4113 2.229852E-02
-15.3913 2.281575E-02
-15.3712 2.335258E-02
-15.3512 2.390717E-02
-15.3312 2.448353E-02
-15.3112 2.507981E-02
-15.2912 2.569754E-02
-15.2712 2.633737E-02
-15.2512 2.699942E-02
-15.2312 2.768344E-02
-15.2112 2.839090E-02
-15.1912 2.912402E-02
-15.1711 2.988127E-02
-15.1511 3.066305E-02
-15.1311 3.147069E-02
-15.1111 3.230441E-02
-15.0911 3.316454E-02
-15.0711 3.405219E-02
-15.0511 3.496588E-02
-15.0311 3.590748E-02
-15.0111 3.687733E-02
-14.9911 3.787528E-02
-14.9710 3.890167E-02
-14.9510 3.995574E-02
-14.9310 4.103984E-02
-14.9110 4.215338E-02
-14.8910 4.329560E-02
-14.8710 4.446808E-02
-14.8510 4.567014E-02
-14.8310 4.690256E-02
-14.8110 4.816555E-02
-14.7910 4.945912E-02
-14.7709 5.078349E-02
-14.7509 5.213972E-02
-14.7309 5.352875E-02
-14.7109 5.495031E-02
-14.6909 5.640551E-02
-14.6709 5.789503E-02
-14.6509 5.941951E-02
-14.6309 6.098066E-02
-14.6109 6.258004E-02
-14.5909 6.421833E-02
-14.5708 6.589802E-02
-14.5508 6.762029E-02
-14.5308 6.938688E-02
-14.5108 7.120114E-02
-14.4908 7.306614E-02
-14.4708 7.498386E-02
-14.4508 7.695781E-02
-14.4308 7.899143E-02
-14.4108 8.108960E-02
-14.3908 8.325504E-02
-14.3707 8.549493E-02
-14.3507 8.781360E-02
-14.3307 9.021732E-02
-14.3107 9.271211E-02
-14.2907 9.530604E-02
-14.2707 9.800599E-02
-14.2507 1.008213E-01
-14.2307 1.037617E-01
-14.2107 1.068383E-01
-14.1907 1.100623E-01
-14.1706 1.134474E-01
-14.1506 1.170075E-01
-14.1306 1.207595E-01
-14.1106 1.247214E-01
-14.0906 1.289133E-01
-14.0706 1.333572E-01
-14.0506 1.380801E-01
-14.0306 1.431100E-01
-14.0106 1.484827E-01
-13.9906 1.542311E-01
-13.9705 1.604007E-01
-13.9505 1.670412E-01
-13.9305 1.742085E-01
-13.9105 1.819674E-01
-13.8905 1.903966E-01
-13.8705 1.995827E-01
-13.8505 2.096376E-01
-13.8305 2.206821E-01
-13.8105 2.328638E-01
-13.7905 2.463648E-01
-13.7704 2.613976E-01
-13.7504 2.782224E-01
-13.7304 2.971506E-01
-13.7104 3.185652E-01
-13.6904 3.429316E-01
-13.6704 3.708034E-01
-13.6504 4.028638E-01
-13.6304 4.399057E-01
-13.6104 4.828408E-01
-13.5904 5.326863E-01
-13.5703 5.904572E-01
-13.5503 6.570511E-01
-13.5303 7.329949E-01
-13.5103 8.181576E-01
-13.4903 9.112671E-01
-13.4703 1.009010E+00
-13.4503 1.103708E+00
-13.4303 1.179436E+00
-13.4103 1.211616E+00
-13.3903 1.180637E+00
-13.3702 1.093302E+00
-13.3502 9.808408E-01
-13.3302 8.736068E-01
-13.3102 7.867092E-01
-13.2902 7.229528E-01
-13.2702 6.798197E-01
-13.2502 6.536468E-01
-13.2302 6.412712E-01
-13.2102 6.404114E-01
-13.1902 6.496810E-01
-13.1701 6.685003E-01
-13.1501 6.969850E-01
-13.1301 7.358877E-01
-13.1101 7.864999E-01
-13.0901 8.505437E-01
-13.0701 9.300430E-01
-13.0501 1.027073E+00
-13.0301 1.143482E+00
-13.0101 1.280368E+00
-12.9901 1.437740E+00
-12.9700 1.615184E+00
-12.9500 1.813761E+00
-12.9300 2.036666E+00
-12.9100 2.281848E+00
-12.8900 2.520472E+00
-12.8700 2.685327E+00
-12.8500 2.725135E+00
-12.8300 2.656666E+00
-12.8100 2.526139E+00
-12.7900 2.368067E+00
-12.7699 2.200576E+00
-12.7499 2.034591E+00
-12.7299 1.880297E+00
-12.7099 1.747154E+00
-12.6899 1.642014E+00
-12.6699 1.568825E+00
-12.6499 1.529702E+00
-12.6299 1.526177E+00
-12.6099 1.559565E+00
-12.5899 1.629891E+00
-12.5698 1.735922E+00
-12.5498 1.877300E+00
-12.5298 2.051083E+00
-12.5098 2.235821E+00
-12.4898 2.370418E+00
-12.4698 2.373318E+00
-12.4498 2.230091E+00
-12.4298 2.022466E+00
-12.4098 1.842857E+00
-12.3898 1.737879E+00
-12.3697 1.717690E+00
-12.3497 1.775855E+00
-12.3297 1.897237E+00
-12.3097 2.058926E+00
-12.2897 2.233084E+00
-12.2697 2.392192E+00
-12.2497 2.510364E+00
-12.2297 2.565488E+00
-12.2097 2.553273E+00
-12.1897 2.497007E+00
-12.1696 2.431047E+00
-12.1496 2.375156E+00
-12.1296 2.330843E+00
-12.1096 2.296825E+00
-12.0896 2.269685E+00
-12.0696 2.226863E+00
-12.0496 2.137851E+00
-12.0296 2.011226E+00
-12.0096 1.896473E+00
-11.9896 1.834373E+00
-11.9695 1.838800E+00
-11.9495 1.910897E+00
-11.9295 2.051729E+00
-11.9095 2.262115E+00
-11.8895 2.532717E+00
-11.8695 2.836282E+00
-11.8495 3.130402E+00
-11.8295 3.376342E+00
-11.8095 3.577182E+00
-11.7895 3.773401E+00
-11.7694 3.971462E+00
-11.7494 4.121148E+00
-11.7294 4.180600E+00
-11.7094 4.172752E+00
-11.6894 4.150092E+00
-11.6694 4.142229E+00
-11.6494 4.156382E+00
-11.6294 4.198526E+00
-11.6094 4.270113E+00
-11.5894 4.353562E+00
-11.5693 4.411299E+00
-11.5493 4.397984E+00
-11.5293 4.281891E+00
-11.5093 4.061426E+00
-11.4893 3.762133E+00
-11.4693 3.417855E+00
-11.4493 3.060434E+00
-11.4293 2.729541E+00
-11.4093 2.469174E+00
-11.3893 2.299709E+00
-11.3692 2.214603E+00
-11.3492 2.201285E+00
-11.3292 2.255401E+00
-11.3092 2.382178E+00
-11.2892 2.590427E+00
-11.2692 2.881152E+00
-11.2492 3.228829E+00
-11.2292 3.569682E+00
-11.2092 3.832581E+00
-11.1892 3.982884E+00
-11.1691 3.998724E+00
-11.1491 3.864397E+00
-11.1291 3.632475E+00
-11.1091 3.402758E+00
-11.0891 3.239388E+00
-11.0691 3.148861E+00
-11.0491 3.103208E+00
-11.0291 3.075305E+00
-11.0091 3.069578E+00
-10.9891 3.108087E+00
-10.9690 3.184026E+00
-10.9490 3.248307E+00
-10.9290 3.258724E+00
-10.9090 3.232695E+00
-10.8890 3.216829E+00
-10.8690 3.229759E+00
-10.8490 3.247304E+00
-10.8290 3.225547E+00
-10.8090 3.144337E+00
-10.7890 3.026815E+00
-10.7689 2.910286E+00
-10.7489 2.815338E+00
-10.7289 2.746204E+00
-10.7089 2.705273E+00
-10.6889 2.698353E+00
-10.6689 2.730153E+00
-10.6489 2.802661E+00
-10.6289 2.917857E+00
-10.6089 3.080169E+00
-10.5889 3.300163E+00
-10.5688 3.598783E+00
-10.5488 3.996253E+00
-10.5288 4.463418E+00
-10.5088 4.866771E+00
-10.4888 5.052466E+00
-10.4688 5.047304E+00
-10.4488 4.992583E+00
-10.4288 4.900720E+00
-10.4088 4.704613E+00
-10.3888 4.492188E+00
-10.3687 4.428541E+00
-10.3487 4.512832E+00
-10.3287 4.478195E+00
-10.3087 4.031339E+00
-10.2887 3.296287E+00
-10.2687 2.595988E+00
-10.2487 2.064694E+00
-10.2287 1.689212E+00
-10.2087 1.424451E+00
-10.1887 1.233386E+00
-10.1686 1.091218E+00
-10.1486 9.821855E-01
-10.1286 8.961791E-01
-10.1086 8.266291E-01
-10.0886 7.691541E-01
-10.0686 7.207558E-01
-10.0486 6.793230E-01
-10.0286 6.433493E-01
-10.0086 6.117260E-01
-9.9886 5.836264E-01
-9.9685 5.584254E-01
-9.9485 5.356343E-01
-9.9285 5.148757E-01
-9.9085 4.958495E-01
-9.8885 4.783155E-01
-9.8685 4.620770E-01
-9.8485 4.469722E-01
-9.8285 4.328702E-01
-9.8085 4.196596E-01
-9.7885 4.072472E-01
-9.7684 3.955544E-01
-9.7484 3.845138E-01
-9.7284 3.740642E-01
-9.7084 3.641589E-01
-9.6884 3.547522E-01
-9.6684 3.458050E-01
-9.6484 3.372849E-01
-9.6284 3.291596E-01
-9.6084 3.214038E-01
-9.5884 3.139931E-01
-9.5683 3.069050E-01
-9.5483 3.001199E-01
-9.5283 2.936204E-01
-9.5083 2.873892E-01
-9.4883 2.814121E-01
-9.4683 2.756750E-01
-9.4483 2.701652E-01
-9.4283 2.648706E-01
-9.4083 2.597805E-01
-9.3883 2.548842E-01
-9.3682 2.501726E-01
-9.3482 2.456364E-01
-9.3282 2.412675E-01
-9.3082 2.370577E-01
-9.2882 2.329998E-01
-9.2682 2.290864E-01
-9.2482 2.253112E-01
-9.2282 2.216679E-01
-9.2082 2.181504E-01
-9.1882 2.147528E-01
-9.1681 2.114705E-01
-9.1481 2.082974E-01
-9.1281 2.052296E-01
-9.1081 2.022622E-01
-9.0881 1.993906E-01
-9.0681 1.966110E-01
-9.0481 1.939190E-01
-9.0281 1.913113E-01
-9.0081 1.887843E-01
-8.9881 1.863342E-01
-8.9680 1.839581E-01
-8.9480 1.816530E-01
-8.9280 1.794158E-01
-8.9080 1.772438E-01
-8.8880 1.751343E-01
-8.8680 1.730848E-01
-8.8480 1.710931E-01
-8.8280 1.691568E-01
-8.8080 1.672737E-01
-8.7880 1.654416E-01
-8.7679 1.636590E-01
-8.7479 1.619239E-01
-8.7279 1.602345E-01
-8.7079 1.585892E-01
-8.6879 1.569863E-01
-8.6679 1.554247E-01
-8.6479 1.539025E-01
-8.6279 1.524189E-01
-8.6079 1.509722E-01
-8.5879 1.495613E-01
-8.5678 1.481854E-01
-8.5478 1.468429E-01
-8.5278 1.455334E-01
-8.5078 1.442552E-01
-8.4878 1.430079E-01
-8.4678 1.417905E-01
-8.4478 1.406019E-01
-8.4278 1.394416E-01
-8.4078 1.383086E-01
-8.3878 1.372021E-01
-8.3677 1.361217E-01
-8.3477 1.350666E-01
-8.3277 1.340357E-01
-8.3077 1.330288E-01
-8.2877 1.320450E-01
-8.2677 1.310841E-01
-8.2477 1.301450E-01
-8.2277 1.292271E-01
-8.2077 1.283303E-01
-8.1877 1.274536E-01
-8.1676 1.265967E-01
-8.1476 1.257588E-01
-8.1276 1.249394E-01
-8.1076 1.241383E-01
-8.0876 1.233546E-01
-8.0676 1.225879E-01
-8.0476 1.218377E-01
-8.0276 1.211036E-01
-8.0076 1.203850E-01
-7.9876 1.196812E-01
-7.9675 1.189919E-01
-7.9475 1.183165E-01
-7.9275 1.176548E-01
-7.9075 1.170060E-01
-7.8875 1.163696E-01
-7.8675 1.157454E-01
-7.8475 1.151327E-01
-7.8275 1.145310E-01
-7.8075 1.139399E-01
-7.7875 1.133590E-01
-7.7674 1.127877E-01
-7.7474 1.122256E-01
-7.7274 1.116721E-01
-7.7074 1.111271E-01
-7.6874 1.105898E-01
-7.6674 1.100599E-01
-7.6474 1.095369E-01
-7.6274 1.090204E-01
-7.6074 1.085099E-01
-7.5874 1.080052E-01
-7.5673 1.075056E-01
-7.5473 1.070109E-01
-7.5273 1.065206E-01
-7.5073 1.060343E-01
-7.4873 1.055517E-01
-7.4673 1.050724E-01
-7.4473 1.045961E-01
-7.4273 1.041222E-01
-7.4073 1.036507E-01
-7.3873 1.031811E-01
-7.3672 1.027131E-01
-7.3472 1.022465E-01
-7.3272 1.017810E-01
-7.3072 1.013162E-01
-7.2872 1.008520E-01
-7.2672 1.003881E-01
-7.2472 9.992436E-02
-7.2272 9.946050E-02
-7.2072 9.899624E-02
-7.1872 9.853165E-02
-7.1671 9.806637E-02
-7.1471 9.760034E-02
-7.1271 9.713344E-02
-7.1071 9.666560E-02
-7.0871 9.619655E-02
-7.0671 9.572644E-02
-7.0471 9.525513E-02
-7.0271 9.478255E-02
-7.0071 9.430863E-02
-6.9871 9.383341E-02
-6.9670 9.335698E-02
-6.9470 9.287912E-02
-6.9270 9.239994E-02
-6.9070 9.191960E-02
-6.8870 9.143800E-02
-6.8670 9.095535E-02
-6.8470 9.047150E-02
-6.8270 8.998673E-02
-6.8070 8.950097E-02
-6.7870 8.901445E-02
-6.7669 8.852711E-02
-6.7469 8.803914E-02
-6.7269 8.755070E-02
-6.7069 8.706186E-02
-6.6869 8.657280E-02
-6.6669 8.608357E-02
-6.6469 8.559440E-02
-6.6269 8.510531E-02
-6.6069 8.461656E-02
-6.5869 8.412822E-02
-6.5668 8.364058E-02
-6.5468 8.315360E-02
-6.5268 8.266753E-02
-6.5068 8.218251E-02
-6.4868 8.169870E-02
-6.4668 8.121624E-02
-6.4468 8.073531E-02
-6.4268 8.025610E-02
-6.4068 7.977872E-02
-6.3868 7.930326E-02
-6.3667 7.883004E-02
-6.3467 7.835910E-02
-6.3267 7.789055E-02
-6.3067 7.742475E-02
-6.2867 7.696165E-02
-6.2667 7.650152E-02
-6.2467 7.604444E-02
-6.2267 7.559063E-02
-6.2067 7.514000E-02
-6.1867 7.469300E-02
-6.1666 7.424965E-02
-6.1466 7.381007E-02
-6.1266 7.337442E-02
-6.1066 7.294280E-02
-6.0866 7.251537E-02
-6.0666 7.209221E-02
-6.0466 7.167355E-02
-6.0266 7.125944E-02
-6.0066 7.085001E-02
-5.9866 7.044526E-02
-5.9665 7.004556E-02
-5.9465 6.965082E-02
-5.9265 6.926120E-02
-5.9065 6.887689E-02
-5.8865 6.849782E-02
-5.8665 6.812419E-02
-5.8465 6.775611E-02
-5.8265 6.739369E-02
-5.8065 6.703693E-02
-5.7865 6.668595E-02
-5.7664 6.634089E-02
-5.7464 6.600174E-02
-5.7264 6.566870E-02
-5.7064 6.534176E-02
-5.6864 6.502102E-02
-5.6664 6.470655E-02
-5.6464 6.439835E-02
-5.6264 6.409666E-02
-5.6064 6.380140E-02
-5.5864 6.351268E-02
-5.5663 6.323052E-02
-5.5463 6.295508E-02
-5.5263 6.268631E-02
-5.5063 6.242435E-02
-5.4863 6.216920E-02
-5.4663 6.192100E-02
-5.4463 6.167964E-02
-5.4263 6.144538E-02
-5.4063 6.121817E-02
-5.3863 6.099805E-02
-5.3662 6.078511E-02
-5.3462 6.057935E-02
-5.3262 6.038097E-02
-5.3062 6.018986E-02
-5.2862 6.000622E-02
-5.2662 5.982996E-02
-5.2462 5.966127E-02
-5.2262 5.950016E-02
-5.2062 5.934668E-02
-5.1862 5.920098E-02
-5.1661 5.906312E-02
-5.1461 5.893306E-02
-5.1261 5.881099E-02
-5.1061 5.869688E-02
-5.0861 5.859099E-02
-5.0661 5.849325E-02
-5.0461 5.840388E-02
-5.0261 5.832286E-02
-5.0061 5.825035E-02
-4.9861 5.818644E-02
-4.9660 5.813130E-02
-4.9460 5.808501E-02
-4.9260 5.804769E-02
-4.9060 5.801948E-02
-4.8860 5.800059E-02
-4.8660 5.799102E-02
-4.8460 5.799106E-02
-4.8260 5.800084E-02
-4.8060 5.802054E-02
-4.7860 5.805023E-02
-4.7659 5.809031E-02
-4.7459 5.814071E-02
-4.7259 5.820193E-02
-4.7059 5.827399E-02
-4.6859 5.835710E-02
-4.6659 5.845159E-02
-4.6459 5.855771E-02
-4.6259 5.867567E-02
-4.6059 5.880569E-02
-4.5859 5.894820E-02
-4.5658 5.910330E-02
-4.5458 5.927144E-02
-4.5258 5.945282E-02
-4.5058 5.964779E-02
-4.4858 5.985673E-02
-4.4658 6.007985E-02
-4.4458 6.031765E-02
-4.4258 6.057036E-02
-4.4058 6.083846E-02
-4.3858 6.112211E-02
-4.3657 6.142192E-02
-4.3457 6.173808E-02
-4.3257 6.207117E-02
-4.3057 6.242139E-02
-4.2857 6.278903E-02
-4.2657 6.317482E-02
-4.2457 6.357885E-02
-4.2257 6.400163E-02
-4.2057 6.444332E-02
-4.1857 6.490451E-02
-4.1656 6.538536E-02
-4.1456 6.588616E-02
-4.1256 6.640725E-02
-4.1056 6.694888E-02
-4.0856 6.751133E-02
-4.0656 6.809451E-02
-4.0456 6.869871E-02
-4.0256 6.932388E-02
-4.0056 6.997012E-02
-3.9856 7.063748E-02
-3.9655 7.132545E-02
-3.9455 7.203406E-02
-3.9255 7.276280E-02
-3.9055 7.351132E-02
-3.8855 7.427909E-02
-3.8655 7.506550E-02
-3.8455 7.586954E-02
-3.8255 7.669026E-02
-3.8055 7.752660E-02
-3.7855 7.837760E-02
-3.7654 7.924169E-02
-3.7454 8.011738E-02
-3.7254 8.100278E-02
-3.7054 8.189618E-02
-3.6854 8.279569E-02
-3.6654 8.369906E-02
-3.6454 8.460400E-02
-3.6254 8.550815E-02
-3.6054 8.640911E-02
-3.5854 8.730404E-02
-3.5653 8.819036E-02
-3.5453 8.906545E-02
-3.5253 8.992636E-02
-3.5053 9.077049E-02
-3.4853 9.159505E-02
-3.4653 9.239725E-02
-3.4453 9.317464E-02
-3.4253 9.392462E-02
-3.4053 9.464501E-02
-3.3853 9.533342E-02
-3.3652 9.598806E-02
-3.3452 9.660706E-02
-3.3252 9.718901E-02
-3.3052 9.773243E-02
-3.2852 9.823641E-02
-3.2652 9.870004E-02
-3.2452 9.912309E-02
-3.2252 9.950517E-02
-3.2052 9.984612E-02
-3.1852 1.001466E-01
-3.1651 1.004068E-01
-3.1451 1.006275E-01
-3.1251 1.008098E-01
-3.1051 1.009545E-01
-3.0851 1.010629E-01
-3.0651 1.011366E-01
-3.0451 1.011768E-01
-3.0251 1.011853E-01
-3.0051 1.011635E-01
-2.9851 1.011133E-01
-2.9650 1.010361E-01
-2.9450 1.009340E-01
-2.9250 1.008081E-01
-2.9050 1.006607E-01
-2.8850 1.004930E-01
-2.8650 1.003066E-01
-2.8450 1.001031E-01
-2.8250 9.988391E-02
-2.8050 9.965041E-02
-2.7850 9.940389E-02
-2.7649 9.914547E-02
-2.7449 9.887641E-02
-2.7249 9.859766E-02
-2.7049 9.831017E-02
-2.6849 9.801505E-02
-2.6649 9.771288E-02
-2.6449 9.740448E-02
-2.6249 9.709056E-02
-2.6049 9.677188E-02
-2.5849 9.644859E-02
-2.5648 9.612173E-02
-2.5448 9.579143E-02
-2.5248 9.545818E-02
-2.5048 9.512228E-02
-2.4848 9.478418E-02
-2.4648 9.444416E-02
-2.4448 9.410242E-02
-2.4248 9.375922E-02
-2.4048 9.341479E-02
-2.3848 9.306946E-02
-2.3647 9.272332E-02
-2.3447 9.237650E-02
-2.3247 9.202925E-02
-2.3047 9.168170E-02
-2.2847 9.133402E-02
-2.2647 9.098642E-02
-2.2447 9.063903E-02
-2.2247 9.029219E-02
-2.2047 8.994574E-02
-2.1847 8.960001E-02
-2.1646 8.925518E-02
-2.1446 8.891154E-02
-2.1246 8.856930E-02
-2.1046 8.822834E-02
-2.0846 8.788934E-02
-2.0646 8.755224E-02
-2.0446 8.721744E-02
-2.0246 8.688496E-02
-2.0046 8.655521E-02
-1.9846 8.622838E-02
-1.9645 8.590496E-02
-1.9445 8.558494E-02
-1.9245 8.526863E-02
-1.9045 8.495656E-02
-1.8845 8.464898E-02
-1.8645 8.434605E-02
-1.8445 8.404802E-02
-1.8245 8.375551E-02
-1.8045 8.346871E-02
-1.7845 8.318780E-02
-1.7644 8.291325E-02
-1.7444 8.264537E-02
-1.7244 8.238456E-02
-1.7044 8.213101E-02
-1.6844 8.188523E-02
-1.6644 8.164734E-02
-1.6444 8.141792E-02
-1.6244 8.119710E-02
-1.6044 8.098537E-02
-1.5844 8.078289E-02
-1.5643 8.059010E-02
-1.5443 8.040742E-02
-1.5243 8.023501E-02
-1.5043 8.007328E-02
-1.4843 7.992245E-02
-1.4643 7.978298E-02
-1.4443 7.965511E-02
-1.4243 7.953921E-02
-1.4043 7.943554E-02
-1.3843 7.934433E-02
-1.3642 7.926611E-02
-1.3442 7.920093E-02
-1.3242 7.914922E-02
-1.3042 7.911127E-02
-1.2842 7.908730E-02
-1.2642 7.907772E-02
-1.2442 7.908269E-02
-1.2242 7.910260E-02
-1.2042 7.913766E-02
-1.1842 7.918811E-02
-1.1641 7.925431E-02
-1.1441 7.933641E-02
-1.1241 7.943476E-02
-1.1041 7.954957E-02
-1.0841 7.968110E-02
-1.0641 7.982956E-02
-1.0441 7.999519E-02
-1.0241 8.017810E-02
-1.0041 8.037871E-02
-0.9841 8.059712E-02
-0.9640 8.083344E-02
-0.9440 8.108785E-02
-0.9240 8.136061E-02
-0.9040 8.165163E-02
-0.8840 8.196114E-02
-0.8640 8.228925E-02
-0.8440 8.263595E-02
-0.8240 8.300127E-02
-0.8040 8.338518E-02
-0.7840 8.378792E-02
-0.7639 8.420879E-02
-0.7439 8.464824E-02
-0.7239 8.510564E-02
-0.7039 8.558105E-02
-0.6839 8.607417E-02
-0.6639 8.658447E-02
-0.6439 8.711172E-02
-0.6239 8.765536E-02
-0.6039 8.821485E-02
-0.5839 8.878967E-02
-0.5638 8.937885E-02
-0.5438 8.998201E-02
-0.5238 9.059815E-02
-0.5038 9.122617E-02
-0.4838 9.186515E-02
-0.4638 9.251402E-02
-0.4438 9.317189E-02
-0.4238 9.383683E-02
-0.4038 9.450815E-02
-0.3838 9.518413E-02
-0.3637 9.586326E-02
-0.3437 9.654395E-02
-0.3237 9.722500E-02
-0.3037 9.790436E-02
-0.2837 9.858058E-02
-0.2637 9.925196E-02
-0.2437 9.991690E-02
-0.2237 1.005732E-01
-0.2037 1.012197E-01
-0.1837 1.018546E-01
-0.1636 1.024763E-01
-0.1436 1.030832E-01
-0.1236 1.036738E-01
-0.1036 1.042471E-01
-0.0836 1.048013E-01
-0.0636 1.053355E-01
-0.0436 1.058489E-01
-0.0236 1.063403E-01
-0.0036 1.068092E-01
0.0164 1.072547E-01
0.0365 1.076766E-01
0.0565 1.080746E-01
0.0765 1.084486E-01
0.0965 1.087985E-01
0.1165 1.091246E-01
0.1365 1.094271E-01
0.1565 1.097066E-01
0.1765 1.099634E-01
0.1965 1.101987E-01
0.2165 1.104127E-01
0.2366 1.106066E-01
0.2566 1.107815E-01
0.2766 1.109380E-01
0.2966 1.110775E-01
0.3166 1.112009E-01
0.3366 1.113097E-01
0.3566 1.114046E-01
0.3766 1.114871E-01
0.3966 1.115582E-01
0.4166 1.116190E-01
0.4367 1.116707E-01
0.4567 1.117143E-01
0.4767 1.117509E-01
0.4967 1.117816E-01
0.5167 1.118072E-01
0.5367 1.118285E-01
0.5567 1.118466E-01
0.5767 1.118622E-01
0.5967 1.118757E-01
0.6167 1.118881E-01
0.6368 1.119000E-01
0.6568 1.119117E-01
0.6768 1.119239E-01
0.6968 1.119368E-01
0.7168 1.119509E-01
0.7368 1.119664E-01
0.7568 1.119835E-01
0.7768 1.120026E-01
0.7968 1.120235E-01
0.8168 1.120464E-01
0.8369 1.120714E-01
0.8569 1.120985E-01
0.8769 1.121275E-01
0.8969 1.121583E-01
0.9169 1.121910E-01
0.9369 1.122251E-01
0.9569 1.122606E-01
0.9769 1.122972E-01
0.9969 1.123348E-01
1.0169 1.123727E-01
1.0370 1.124109E-01
1.0570 1.124492E-01
1.0770 1.124870E-01
1.0970 1.125240E-01
1.1170 1.125599E-01
1.1370 1.125944E-01
1.1570 1.126269E-01
1.1770 1.126573E-01
1.1970 1.126851E-01
1.2170 1.127098E-01
1.2371 1.127313E-01
1.2571 1.127492E-01
1.2771 1.127629E-01
1.2971 1.127723E-01
1.3171 1.127771E-01
1.3371 1.127770E-01
1.3571 1.127715E-01
1.3771 1.127606E-01
1.3971 1.127440E-01
1.4171 1.127215E-01
1.4372 1.126927E-01
1.4572 1.126578E-01
1.4772 1.126164E-01
1.4972 1.125685E-01
1.5172 1.125139E-01
1.5372 1.124527E-01
1.5572 1.123850E-01
1.5772 1.123105E-01
1.5972 1.122292E-01
1.6172 1.121415E-01
1.6373 1.120472E-01
1.6573 1.119466E-01
1.6773 1.118396E-01
1.6973 1.117266E-01
1.7173 1.116076E-01
1.7373 1.114828E-01
1.7573 1.113525E-01
1.7773 1.112170E-01
1.7973 1.110762E-01
1.8173 1.109308E-01
1.8374 1.107808E-01
1.8574 1.106265E-01
1.8774 1.104683E-01
1.8974 1.103064E-01
1.9174 1.101411E-01
1.9374 1.099727E-01
1.9574 1.098015E-01
1.9774 1.096279E-01
1.9974 1.094521E-01
2.0174 1.092744E-01
2.0375 1.090952E-01
2.0575 1.089146E-01
2.0775 1.087331E-01
2.0975 1.085509E-01
2.1175 1.083681E-01
2.1375 1.081851E-01
2.1575 1.080023E-01
2.1775 1.078198E-01
2.1975 1.076378E-01
2.2175 1.074565E-01
2.2376 1.072763E-01
2.2576 1.070971E-01
2.2776 1.069193E-01
2.2976 1.067432E-01
2.3176 1.065686E-01
2.3376 1.063960E-01
2.3576 1.062253E-01
2.3776 1.060568E-01
2.3976 1.058905E-01
2.4176 1.057267E-01
2.4377 1.055653E-01
2.4577 1.054065E-01
2.4777 1.052505E-01
2.4977 1.050971E-01
2.5177 1.049466E-01
2.5377 1.047990E-01
2.5577 1.046542E-01
2.5777 1.045125E-01
2.5977 1.043738E-01
2.6177 1.042382E-01
2.6378 1.041057E-01
2.6578 1.039763E-01
2.6778 1.038501E-01
2.6978 1.037270E-01
2.7178 1.036071E-01
2.7378 1.034903E-01
2.7578 1.033768E-01
2.7778 1.032664E-01
2.7978 1.031592E-01
2.8178 1.006167E-01
2.8379 1.029544E-01
2.8579 1.028567E-01
2.8779 1.027623E-01
2.8979 1.026709E-01
2.9179 1.025828E-01
2.9379 1.024978E-01
2.9579 1.024158E-01
2.9779 1.023371E-01
2.9979 1.022615E-01
3.0179 1.021889E-01
3.0380 1.021194E-01
3.0580 1.020530E-01
3.0780 9.972011E-02
3.0980 1.019295E-01
3.1180 1.018723E-01
3.1380 9.853700E-02
3.1580 1.017670E-01
3.1780 1.017189E-01
3.1980 1.016738E-01
3.2180 1.016317E-01
3.2381 1.015926E-01
3.2581 1.015566E-01
3.2781 1.015234E-01
3.2981 1.014933E-01
3.3181 1.014662E-01
3.3381 1.014419E-01
3.3581 1.014206E-01
3.3781 1.014025E-01
3.3981 9.899669E-02
3.4181 1.013746E-01
3.4382 1.013651E-01
3.4582 1.000413E-01
3.4782 1.013548E-01
3.4982 1.013539E-01
3.5182 1.013558E-01
3.5382 1.013608E-01
3.5582 1.013684E-01
3.5782 1.013788E-01
3.5982 1.013921E-01
3.6182 1.014079E-01
3.6383 1.014266E-01
3.6583 1.014479E-01
3.6783 1.014720E-01
3.6983 1.014985E-01
3.7183 1.000338E-01
3.7383 1.015593E-01
3.7583 1.007626E-01
3.7783 1.016298E-01
3.7983 1.016687E-01
3.8183 1.017098E-01
3.8384 1.017532E-01
3.8584 1.017987E-01
3.8784 1.018462E-01
3.8984 1.018958E-01
3.9184 1.019472E-01
3.9384 1.020005E-01
3.9584 1.020556E-01
3.9784 1.021120E-01
3.9984 1.021702E-01
4.0184 1.022297E-01
4.0385 1.007779E-01
4.0585 1.023524E-01
4.0785 1.017981E-01
4.0985 1.024794E-01
4.1185 1.025441E-01
4.1385 1.026094E-01
4.1585 1.026753E-01
4.1785 1.027416E-01
4.1985 1.028080E-01
4.2185 1.028744E-01
4.2386 1.029408E-01
4.2586 1.030069E-01
4.2786 1.030727E-01
4.2986 1.031379E-01
4.3186 1.032023E-01
4.3386 1.032658E-01
4.3586 1.007474E-01
4.3786 1.033896E-01
4.3986 1.024571E-01
4.4186 1.035078E-01
4.4387 1.035644E-01
4.4587 1.036192E-01
4.4787 1.036720E-01
4.4987 1.037226E-01
4.5187 1.037708E-01
4.5387 1.038167E-01
4.5587 1.038599E-01
4.5787 1.039005E-01
4.5987 1.039382E-01
4.6187 1.039729E-01
4.6388 1.040045E-01
4.6588 1.040331E-01
4.6788 9.996638E-02
4.6988 1.040802E-01
4.7188 1.022960E-01
4.7388 1.041138E-01
4.7588 1.041252E-01
4.7788 1.041332E-01
4.7988 1.041375E-01
4.8188 1.041382E-01
4.8389 1.041353E-01
4.8589 1.041287E-01
4.8789 1.041186E-01
4.8989 1.041048E-01
4.9189 1.040875E-01
4.9389 1.040667E-01
4.9589 1.040424E-01
4.9789 1.040149E-01
4.9989 9.894724E-02
5.0189 1.039496E-01
5.0390 1.014155E-01
5.0590 1.038719E-01
5.0790 1.038288E-01
5.0990 1.037826E-01
5.1190 1.037339E-01
5.1390 1.036826E-01
5.1590 1.036290E-01
5.1790 1.035730E-01
5.1990 1.035150E-01
5.2190 1.034550E-01
5.2391 1.033931E-01
5.2591 1.033297E-01
5.2791 1.032648E-01
5.2991 1.031986E-01
5.3191 9.826496E-02
5.3391 1.030628E-01
5.3591 1.003708E-01
5.3791 1.029239E-01
5.3991 1.028537E-01
5.4191 1.027829E-01
5.4392 1.027123E-01
5.4592 1.026415E-01
5.4792 1.025710E-01
5.4992 1.025007E-01
5.5192 1.024310E-01
5.5392 1.023619E-01
5.5592 1.022936E-01
5.5792 1.022261E-01
5.5992 1.021598E-01
5.6192 1.020946E-01
5.6393 9.825390E-02
5.6593 1.019683E-01
5.6793 9.972604E-02
5.6993 1.018483E-01
5.7193 1.017910E-01
5.7393 1.017356E-01
5.7593 1.016821E-01
5.7793 1.016307E-01
5.7993 1.015816E-01
5.8193 1.015347E-01
5.8394 1.014901E-01
5.8594 1.014480E-01
5.8794 1.014085E-01
5.8994 1.013714E-01
5.9194 1.013370E-01
5.9394 1.013054E-01
5.9594 9.898708E-02
5.9794 1.012502E-01
5.9994 9.978426E-02
6.0194 1.012063E-01
6.0395 1.011888E-01
6.0595 1.011741E-01
6.0795 1.011625E-01
6.0995 1.011538E-01
6.1195 1.011481E-01
6.1395 1.011455E-01
6.1595 1.011460E-01
6.1795 1.011495E-01
6.1995 1.011559E-01
6.2195 1.011656E-01
6.2396 1.011781E-01
6.2596 1.011938E-01
6.2796 1.003708E-01
6.2996 1.012343E-01
6.3196 1.005924E-01
6.3396 1.012870E-01
6.3596 1.013178E-01
6.3796 1.013516E-01
6.3996 1.013884E-01
6.4196 1.014282E-01
6.4397 1.014709E-01
6.4597 1.015164E-01
6.4797 1.015649E-01
6.4997 1.016160E-01
6.5197 1.016701E-01
6.5397 1.017270E-01
6.5597 1.017865E-01
6.5797 1.018489E-01
6.5997 1.022265E-01
6.6197 1.019815E-01
6.6398 1.020402E-01
6.6598 1.021244E-01
6.6798 1.021997E-01
6.6998 1.022774E-01
6.7198 1.023575E-01
6.7398 1.024400E-01
6.7598 1.025250E-01
6.7798 1.026121E-01
6.7998 1.027015E-01
6.8198 1.027932E-01
6.8399 1.028869E-01
6.8599 1.029828E-01
6.8799 1.030807E-01
6.8999 1.031806E-01
6.9199 1.043314E-01
6.9399 1.033863E-01
6.9599 1.039390E-01
6.9799 1.035992E-01
6.9999 1.037085E-01
7.0199 1.038192E-01
7.0400 1.039318E-01
7.0600 1.040458E-01
7.0800 1.041614E-01
7.1000 1.042785E-01
7.1200 1.043968E-01
7.1400 1.045166E-01
7.1600 1.046378E-01
7.1800 1.047600E-01
7.2000 1.048836E-01
7.2200 1.050081E-01
7.2401 1.064341E-01
7.2601 1.052605E-01
7.2801 1.060581E-01
7.3001 1.055166E-01
7.3201 1.056459E-01
7.3401 1.057760E-01
7.3601 1.059067E-01
7.3801 1.060381E-01
7.4001 1.061700E-01
7.4201 1.063024E-01
7.4402 1.064353E-01
7.4602 1.065685E-01
7.4802 1.067022E-01
7.5002 1.068358E-01
7.5202 1.069699E-01
7.5402 1.071040E-01
7.5602 1.082785E-01
7.5802 1.073722E-01
7.6002 1.081406E-01
7.6202 1.076401E-01
7.6403 1.077738E-01
7.6603 1.079072E-01
7.6803 1.080402E-01
7.7003 1.081728E-01
7.7203 1.083050E-01
7.7403 1.084365E-01
7.7603 1.085675E-01
7.7803 1.086978E-01
7.8003 1.088273E-01
7.8203 1.089559E-01
7.8404 1.090839E-01
7.8604 1.092108E-01
7.8804 1.096551E-01
7.9004 1.094616E-01
7.9204 1.099288E-01
7.9404 1.097079E-01
7.9604 1.098291E-01
7.9804 1.099492E-01
8.0004 1.100678E-01
8.0204 1.101849E-01
8.0405 1.103006E-01
8.0605 1.104148E-01
8.0805 1.105274E-01
8.1005 1.106383E-01
8.1205 1.107476E-01
8.1405 1.108551E-01
8.1605 1.109607E-01
8.1805 1.110647E-01
8.2005 1.104766E-01
8.2205 1.112666E-01
8.2406 1.112220E-01
8.2606 1.114607E-01
8.2806 1.115547E-01
8.3006 1.116466E-01
8.3206 1.117365E-01
8.3406 1.118242E-01
8.3606 1.119096E-01
8.3806 1.119930E-01
8.4006 1.120741E-01
8.4206 1.121530E-01
8.4407 1.122295E-01
8.4607 1.123039E-01
8.4807 1.123759E-01
8.5007 1.124457E-01
8.5207 1.108340E-01
8.5407 1.125784E-01
8.5607 1.119531E-01
8.5807 1.127019E-01
8.6007 1.127602E-01
8.6207 1.128163E-01
8.6408 1.128700E-01
8.6608 1.129215E-01
8.6808 1.129708E-01
8.7008 1.130179E-01
8.7208 1.130628E-01
8.7408 1.131055E-01
8.7608 1.131462E-01
8.7808 1.131847E-01
8.8008 1.132212E-01
8.8208 1.132556E-01
8.8409 1.109924E-01
8.8609 1.133187E-01
8.8809 1.122380E-01
8.9009 1.133742E-01
8.9209 1.133993E-01
8.9409 1.134227E-01
8.9609 1.134444E-01
8.9809 1.134646E-01
9.0009 1.134832E-01
9.0209 1.135003E-01
9.0410 1.135160E-01
9.0610 1.135304E-01
9.0810 1.135437E-01
9.1010 1.135557E-01
9.1210 1.135668E-01
9.1410 1.135766E-01
9.1610 1.403033E-01
9.1810 1.135939E-01
9.2010 1.123644E-01
9.2210 1.136081E-01
9.2411 1.136143E-01
9.2611 1.136200E-01
9.2811 1.136253E-01
9.3011 1.136304E-01
9.3211 1.136352E-01
9.3411 1.136399E-01
9.3611 1.136447E-01
9.3811 1.136495E-01
9.4011 1.136545E-01
9.4211 1.136599E-01
9.4412 1.136655E-01
9.4612 1.136718E-01
9.4812 1.419750E-01
9.5012 1.136862E-01
9.5212 1.421824E-01
