882.174 -59.7296581000 -3.6701860987 1.1110048415E-05
892.174 -49.7296581000 -3.2932633491 1.5193801795E-05
902.174 -39.7296581000 -2.8672112099 2.2602185234E-05
912.174 -29.7296581000 -2.3656325123 3.9332813183E-05
913.674 -28.2296581000 -2.2809022380 4.3727240103E-05
915.174 -26.7296581000 -2.1929004605 4.8992438437E-05
916.674 -25.2296581000 -2.1012164789 5.5774927631E-05
918.174 -23.7296581000 -2.0053447772 6.4201321180E-05
919.674 -22.2296581000 -1.9046536461 7.5156592675E-05
921.174 -20.7296581000 -1.7983334325 8.9918779220E-05
922.174 -19.7296581000 -1.7238139895 1.0292486675E-04
922.278 -19.6256211000 -1.7158753773 1.0447021815E-04
922.382 -19.5215841000 -1.7078999278 1.0605733439E-04
922.486 -19.4175471000 -1.6998869347 1.0768793573E-04
922.59 -19.3135101000 -1.6918360531 1.0936368720E-04
922.674 -19.2296581000 -1.6853191225 1.1074845206E-04
922.694 -19.2094731000 -1.6837466134 1.1108650842E-04
922.798 -19.1054361000 -1.6756181839 1.1285817341E-04
922.902 -19.0013991000 -1.6674501306 1.1468083360E-04
923.006 -18.8973621000 -1.6592418685 1.1655651712E-04
923.11 -18.7933251000 -1.6509927333 1.1848768329E-04
923.215 -18.6892881000 -1.6427022389 1.2047648230E-04
923.319 -18.5852511000 -1.6343696906 1.2252557847E-04
923.423 -18.4812141000 -1.6259943766 1.2463764126E-04
923.527 -18.3771771000 -1.6175756984 1.2681558124E-04
923.631 -18.2731401000 -1.6091131076 1.2906229796E-04
923.735 -18.1691031000 -1.6006057082 1.3138101339E-04
923.839 -18.0650661000 -1.5920527819 1.3377526800E-04
923.943 -17.9610291000 -1.5834537254 1.3624868756E-04
924.047 -17.8569921000 -1.5748076478 1.3880507392E-04
924.151 -17.7529551000 -1.5661139064 1.4144884035E-04
924.255 -17.6489181000 -1.5573716345 1.4418445384E-04
924.359 -17.5448811000 -1.5485800102 1.4701709118E-04
924.463 -17.4408441000 -1.5397381881 1.4995243968E-04
924.567 -17.3368071000 -1.5308452986 1.5299652116E-04
924.671 -17.2327701000 -1.5219003763 1.5615563018E-04
924.775 -17.1287331000 -1.5129026391 1.5943346991E-04
924.879 -17.0246961000 -1.5038510683 1.6282883104E-04
924.983 -16.9206591000 -1.4947446858 1.6634406797E-04
925.087 -16.8166221000 -1.4855824836 1.6999345094E-04
925.191 -16.7125851000 -1.4763634227 1.7379287119E-04
925.295 -16.6085481000 -1.4670863584 1.7775410218E-04
925.399 -16.5045111000 -1.4577503295 1.8188712499E-04
925.503 -16.4004741000 -1.4483541222 1.8620489598E-04
925.607 -16.2964371000 -1.4388964836 1.9071210962E-04
925.711 -16.1924001000 -1.4293763432 1.9541562412E-04
925.815 -16.0883631000 -1.4197922939 2.0031911511E-04
925.919 -15.9843261000 -1.4101431835 2.0543688008E-04
926.024 -15.8802891000 -1.4004276671 2.1078856280E-04
926.128 -15.7762521000 -1.3906441234 2.1639485099E-04
926.232 -15.6722151000 -1.3807912606 2.2227686644E-04
926.336 -15.5681781000 -1.3708676615 2.2845619871E-04
926.44 -15.4641411000 -1.3608717788 2.3495576466E-04
926.544 -15.3601041000 -1.3508016926 2.4180080643E-04
926.648 -15.2560671000 -1.3406562071 2.4901853636E-04
926.752 -15.1520301000 -1.3304331974 2.5663942917E-04
926.856 -15.0479931000 -1.3201311447 2.6469717581E-04
926.96 -14.9439561000 -1.3097479807 2.7322913946E-04
927.064 -14.8399191000 -1.2992818017 2.8227707477E-04
927.168 -14.7358821000 -1.2887307090 2.9188778151E-04
927.272 -14.6318451000 -1.2780925164 3.0211394150E-04
927.376 -14.5278081000 -1.2673650305 3.1301538743E-04
927.48 -14.4237711000 -1.2565459644 3.2466052515E-04
927.584 -14.3197341000 -1.2456328463 3.3712876896E-04
927.688 -14.2156971000 -1.2346233978 3.5051272256E-04
927.792 -14.1116601000 -1.2235147574 3.6492189109E-04
927.896 -14.0076231000 -1.2123043740 3.8048690091E-04
928 -13.9035861000 -1.2009893542 3.9736561208E-04
928.104 -13.7995491000 -1.1895668016 4.1575027777E-04
928.208 -13.6955121000 -1.1780334074 4.3588103780E-04
928.312 -13.5914751000 -1.1663859750 4.5805436310E-04
928.416 -13.4874381000 -1.1546210992 4.8264732240E-04
928.52 -13.3834011000 -1.1427351527 5.1012858787E-04
928.624 -13.2793641000 -1.1307241763 5.4105337111E-04
928.728 -13.1753271000 -1.1185841900 5.7598266225E-04
928.833 -13.0712901000 -1.1063111392 6.1527306176E-04
928.937 -12.9672531000 -1.0939002532 6.5879975464E-04
929.041 -12.8632161000 -1.0813470322 7.0628806473E-04
929.145 -12.7591791000 -1.0686464104 7.5888314610E-04
929.249 -12.6551421000 -1.0557928669 8.1994756929E-04
929.353 -12.5511051000 -1.0427810019 8.9304093085E-04
929.457 -12.4470681000 -1.0296047096 9.7961411066E-04
929.561 -12.3430311000 -1.0162574896 1.0775558138E-03
929.665 -12.2389941000 -1.0027327818 1.1825025170E-03
929.769 -12.1349571000 -0.9890230358 1.2958682125E-03
929.873 -12.0309201000 -0.9751206107 1.4277277610E-03
929.977 -11.9268831000 -0.9610170891 1.5860781283E-03
930.081 -11.8228461000 -0.9467033711 1.7728294450E-03
930.185 -11.7188091000 -0.9321700021 1.9932928315E-03
930.289 -11.6147721000 -0.9174063983 2.2555844660E-03
930.393 -11.5107351000 -0.9024013186 2.5711019208E-03
930.497 -11.4066981000 -0.8871423901 2.9644901084E-03
930.601 -11.3026611000 -0.8716164640 3.4658510424E-03
930.705 -11.1986241000 -0.8558089158 4.0761004073E-03
930.809 -11.0945871000 -0.8397037459 4.7277163828E-03
930.913 -10.9905501000 -0.8232836496 5.2977760452E-03
931.017 -10.8865131000 -0.8065293266 5.7090642972E-03
931.121 -10.7824761000 -0.7894195302 6.0949090221E-03
931.225 -10.6784391000 -0.7719305549 6.8036080008E-03
931.329 -10.5744021000 -0.7540360878 8.0496171658E-03
931.433 -10.4703651000 -0.7357063967 9.6544795038E-03
931.537 -10.3663281000 -0.7169083591 1.1383077032E-02
931.642 -10.2622911000 -0.6976038482 1.3231522129E-02
931.746 -10.1582541000 -0.6777497051 1.5250414955E-02
931.85 -10.0542171000 -0.6572961861 1.7518179759E-02
931.954 -9.9501800900 -0.6361853999 2.0139383032E-02
932.058 -9.8461430900 -0.6143496371 2.2812453295E-02
932.162 -9.7421060900 -0.5917085967 2.4498293178E-02
932.266 -9.6380690900 -0.5681660646 2.4125185359E-02
932.37 -9.5340320900 -0.5436048294 2.1699717907E-02
932.474 -9.4299950900 -0.5178801252 1.8487511408E-02
932.578 -9.3259580900 -0.4908089353 1.5728865906E-02
932.682 -9.2219210900 -0.4621547192 1.3767111310E-02
932.786 -9.1178840900 -0.4316023301 1.2466571643E-02
932.89 -9.0138470900 -0.3987156525 1.1621088386E-02
932.994 -8.9098100900 -0.3628605037 1.1080010553E-02
933.098 -8.8057730900 -0.3230500251 1.0740243337E-02
933.202 -8.7017360900 -0.2775876778 1.0536227605E-02
933.306 -8.5976990900 -0.2230437156 1.0424948433E-02
933.41 -8.4936620900 -0.1498068399 1.0376194569E-02
933.496 -8.4081580900 0.0000000000 1.0367296663E-02
933.618 -8.2855880900 0.1793620369 1.0385885138E-02
933.722 -8.1815510900 0.2438793966 1.0416912665E-02
933.826 -8.0775140900 0.2945905178 1.0453445235E-02
933.93 -7.9734770900 0.3377720923 1.0488582432E-02
934.034 -7.8694400900 0.3760271259 1.0519681736E-02
934.138 -7.7654030900 0.4107344632 1.0542118602E-02
934.242 -7.6613660900 0.4427292917 1.0554288869E-02
934.346 -7.5573290900 0.4725628411 1.0554984599E-02
934.451 -7.4532920900 0.5006216389 1.0543110290E-02
934.555 -7.3492550900 0.5271891866 1.0539757072E-02
934.659 -7.2452180900 0.5524806346 1.0519297269E-02
934.763 -7.1411810900 0.5766639097 1.0479257855E-02
934.867 -7.0371440900 0.5998730514 1.0419374758E-02
934.971 -6.9331070900 0.6222170771 1.0339174625E-02
935.075 -6.8290700900 0.6437861115 1.0237209870E-02
935.179 -6.7250330900 0.6646555076 1.0114918021E-02
935.283 -6.6209960900 0.6848892833 9.9720762295E-03
935.387 -6.5169590900 0.7045422604 9.8098638315E-03
935.491 -6.4129220900 0.7236616313 9.6314566031E-03
935.595 -6.3088850900 0.7422887733 9.4385362386E-03
935.699 -6.2048480900 0.7604597181 9.2338270474E-03
935.803 -6.1008110900 0.7782065595 9.0202004721E-03
935.907 -5.9967740900 0.7955575795 8.8023184895E-03
936.011 -5.8927370900 0.8125381359 8.5816700315E-03
936.115 -5.7887000900 0.8291710531 8.3617015278E-03
936.219 -5.6846630900 0.8454768172 8.1453497378E-03
936.323 -5.5806260900 0.8614740052 7.9352888651E-03
936.427 -5.4765890900 0.8771795301 7.7336085899E-03
936.531 -5.3725520900 0.8926086981 7.5433390640E-03
936.635 -5.2685150900 0.9077756887 7.3639516057E-03
936.739 -5.1644780900 0.9226934309 7.1986699766E-03
936.843 -5.0604410900 0.9373737394 7.0494006751E-03
936.947 -4.9564040900 0.9518277680 6.9148360637E-03
937.051 -4.8523670900 0.9660654532 6.7974737270E-03
937.155 -4.7483300900 0.9800963319 6.6977126185E-03
937.26 -4.6442930900 0.9939292159 6.6168831666E-03
937.364 -4.5402560900 1.0075721015 6.5552846724E-03
937.468 -4.4362190900 1.0210328134 6.5142897094E-03
937.572 -4.3321820900 1.0343184127 6.4953576761E-03
937.676 -4.2281450900 1.0474353595 6.4979837065E-03
937.78 -4.1241080900 1.0603901634 6.5248322940E-03
937.884 -4.0200710900 1.0731885475 6.5775978766E-03
937.988 -3.9160340900 1.0858361899 6.6559091154E-03
938.092 -3.8119970900 1.0983380558 6.7632502262E-03
938.196 -3.7079600900 1.1106993072 6.8984279128E-03
938.3 -3.6039230900 1.1229244458 7.0625175344E-03
938.404 -3.4998860900 1.1350179635 7.2537137944E-03
938.508 -3.3958490900 1.1469839307 7.4690532477E-03
938.612 -3.2918120900 1.1588263906 7.7028227665E-03
938.716 -3.1877750900 1.1705490464 7.9468110204E-03
938.82 -3.0837380900 1.1821554170 8.1899025318E-03
938.924 -2.9797010900 1.1936489837 8.4193986846E-03
939.028 -2.8756640900 1.2050329301 8.6218198614E-03
939.132 -2.7716270900 1.2163102904 8.7854928519E-03
939.236 -2.6675900900 1.2274840457 8.9018534407E-03
939.34 -2.5635530900 1.2385570000 8.9671860472E-03
939.444 -2.4595160900 1.2495318332 8.9824559143E-03
939.548 -2.3554790900 1.2604111928 8.9523742494E-03
939.652 -2.2514420900 1.2711973627 8.8843092820E-03
939.756 -2.1474050900 1.2818927367 8.7861561067E-03
939.86 -2.0433680900 1.2924997335 8.6661073664E-03
939.964 -1.9393310900 1.3030203072 8.5308049290E-03
940.069 -1.8352940900 1.3134566561 8.3863866276E-03
940.173 -1.7312570900 1.3238107318 8.2373544409E-03
940.277 -1.6272200900 1.3340844102 8.0877057168E-03
940.381 -1.5231830900 1.3442796138 7.9408332222E-03
940.485 -1.4191460900 1.3543980360 7.7994997263E-03
940.589 -1.3151090900 1.3644414241 7.6664370701E-03
940.693 -1.2110720900 1.3744114230 7.5441760977E-03
940.797 -1.1070350900 1.3843096953 7.4348991242E-03
940.901 -1.0029980900 1.3941375397 7.3408979640E-03
941.005 -0.8989610910 1.4038967385 7.2640600453E-03
941.109 -0.7949240910 1.4135885629 7.2059214516E-03
941.213 -0.6908870910 1.4232143145 7.1681141476E-03
941.317 -0.5868500910 1.4327753251 7.1513906297E-03
941.421 -0.4828130910 1.4422731034 7.1565607970E-03
941.525 -0.3787760910 1.4517087441 7.1834938983E-03
941.629 -0.2747390910 1.4610833780 7.2315659519E-03
941.733 -0.1707020910 1.4703983169 7.2992586306E-03
941.837 -0.0666650915 1.4796545442 7.3842853863E-03
941.941 0.0373719085 1.4888532265 7.4831466991E-03
942.045 0.1414089090 1.4979954949 7.5913265180E-03
942.149 0.2454459090 1.5070821643 7.7036494022E-03
942.174 0.2703119090 1.5092459480 7.7304589996E-03
943.674 1.7703119100 1.6344801912 8.0147037239E-03
945.174 3.2703119100 1.7507792187 7.0707837661E-03
946.674 4.7703119100 1.8598200080 6.4537268115E-03
948.174 6.2703119100 1.9628124277 6.0020415279E-03
949.674 7.7703119100 2.0606637805 5.8514661899E-03
951.174 9.2703119100 2.1540746983 5.8476159439E-03
952.174 10.2703419000 2.2141621769 5.9112287677E-03
952.674 10.7703119000 2.2435997794 6.0446193222E-03
972.174 30.2703419000 3.1862015038 7.5601958049E-03
992.174 50.2703419000 3.9244422217 6.2961380444E-03
1012.17 70.2703419000 4.5442944202 6.0268246507E-03
1032.17 90.2703419000 5.0892021483 6.3218299337E-03
1052.17 110.2703420000 5.5811596942 5.3922244476E-03
