-35.7373 5.489174E-04
-35.7173 5.499314E-04
-35.6973 5.509485E-04
-35.6773 5.519683E-04
-35.6573 5.529917E-04
-35.6372 5.540178E-04
-35.6172 5.550470E-04
-35.5972 5.560793E-04
-35.5772 5.571145E-04
-35.5572 5.581527E-04
-35.5372 5.591942E-04
-35.5172 5.602385E-04
-35.4972 5.612864E-04
-35.4772 5.623371E-04
-35.4572 5.633912E-04
-35.4371 5.644480E-04
-35.4171 5.655087E-04
-35.3971 5.665718E-04
-35.3771 5.676382E-04
-35.3571 5.687085E-04
-35.3371 5.697815E-04
-35.3171 5.708576E-04
-35.2971 5.719372E-04
-35.2771 5.730200E-04
-35.2571 5.741056E-04
-35.2370 5.751953E-04
-35.2170 5.762878E-04
-35.1970 5.773836E-04
-35.1770 5.784830E-04
-35.1570 5.795852E-04
-35.1370 5.806915E-04
-35.1170 5.818008E-04
-35.0970 5.829133E-04
-35.0770 5.840298E-04
-35.0570 5.851488E-04
-35.0369 5.862719E-04
-35.0169 5.873982E-04
-34.9969 5.885283E-04
-34.9769 5.896615E-04
-34.9569 5.907979E-04
-34.9369 5.919381E-04
-34.9169 5.930822E-04
-34.8969 5.942296E-04
-34.8769 5.953803E-04
-34.8569 5.965343E-04
-34.8368 5.976923E-04
-34.8168 5.988538E-04
-34.7968 6.000192E-04
-34.7768 6.011877E-04
-34.7568 6.023603E-04
-34.7368 6.035362E-04
-34.7168 6.047159E-04
-34.6968 6.058993E-04
-34.6768 6.070864E-04
-34.6568 6.082766E-04
-34.6367 6.094712E-04
-34.6167 6.106695E-04
-34.5967 6.118717E-04
-34.5767 6.130772E-04
-34.5567 6.142866E-04
-34.5367 6.155001E-04
-34.5167 6.167169E-04
-34.4967 6.179379E-04
-34.4767 6.191629E-04
-34.4567 6.203916E-04
-34.4366 6.216239E-04
-34.4166 6.228604E-04
-34.3966 6.241008E-04
-34.3766 6.253449E-04
-34.3566 6.265934E-04
-34.3366 6.278453E-04
-34.3166 6.291017E-04
-34.2966 6.303622E-04
-34.2766 6.316261E-04
-34.2566 6.328946E-04
-34.2365 6.341669E-04
-34.2165 6.354434E-04
-34.1965 6.367237E-04
-34.1765 6.380083E-04
-34.1565 6.392969E-04
-34.1365 6.405901E-04
-34.1165 6.418865E-04
-34.0965 6.431878E-04
-34.0765 6.444932E-04
-34.0565 6.458028E-04
-34.0364 6.471168E-04
-34.0164 6.484347E-04
-33.9964 6.497570E-04
-33.9764 6.510840E-04
-33.9564 6.524151E-04
-33.9364 6.537503E-04
-33.9164 6.550899E-04
-33.8964 6.564339E-04
-33.8764 6.577824E-04
-33.8564 6.591348E-04
-33.8363 6.604921E-04
-33.8163 6.618541E-04
-33.7963 6.632200E-04
-33.7763 6.645908E-04
-33.7563 6.659658E-04
-33.7363 6.673455E-04
-33.7163 6.687301E-04
-33.6963 6.701184E-04
-33.6763 6.715122E-04
-33.6563 6.729099E-04
-33.6362 6.743125E-04
-33.6162 6.757195E-04
-33.5962 6.771319E-04
-33.5762 6.785484E-04
-33.5562 6.799699E-04
-33.5362 6.813955E-04
-33.5162 6.828263E-04
-33.4962 6.842623E-04
-33.4762 6.857023E-04
-33.4562 6.871477E-04
-33.4361 6.885975E-04
-33.4161 6.900528E-04
-33.3961 6.915124E-04
-33.3761 6.929773E-04
-33.3561 6.944466E-04
-33.3361 6.959210E-04
-33.3161 6.974006E-04
-33.2961 6.988854E-04
-33.2761 7.003753E-04
-33.2561 7.018693E-04
-33.2360 7.033691E-04
-33.2160 7.048741E-04
-33.1960 7.063838E-04
-33.1760 7.078986E-04
-33.1560 7.094193E-04
-33.1360 7.109445E-04
-33.1160 7.124751E-04
-33.0960 7.140106E-04
-33.0760 7.155516E-04
-33.0560 7.170983E-04
-33.0359 7.186497E-04
-33.0159 7.202070E-04
-32.9959 7.217695E-04
-32.9759 7.233373E-04
-32.9559 7.249102E-04
-32.9359 7.264885E-04
-32.9159 7.280731E-04
-32.8959 7.296621E-04
-32.8759 7.312570E-04
-32.8559 7.328581E-04
-32.8358 7.344639E-04
-32.8158 7.360756E-04
-32.7958 7.376930E-04
-32.7758 7.393163E-04
-32.7558 7.409445E-04
-32.7358 7.425790E-04
-32.7158 7.442186E-04
-32.6958 7.458645E-04
-32.6758 7.475159E-04
-32.6558 7.491736E-04
-32.6357 7.508369E-04
-32.6157 7.525057E-04
-32.5957 7.541809E-04
-32.5757 7.558616E-04
-32.5557 7.575487E-04
-32.5357 7.592411E-04
-32.5157 7.609398E-04
-32.4957 7.626448E-04
-32.4757 7.643554E-04
-32.4557 7.660726E-04
-32.4356 7.677952E-04
-32.4156 7.695243E-04
-32.3956 7.712596E-04
-32.3756 7.730012E-04
-32.3556 7.747495E-04
-32.3356 7.765038E-04
-32.3156 7.782637E-04
-32.2956 7.800304E-04
-32.2756 7.818035E-04
-32.2556 7.835827E-04
-32.2355 7.853686E-04
-32.2155 7.871608E-04
-32.1955 7.889602E-04
-32.1755 7.907653E-04
-32.1555 7.925769E-04
-32.1355 7.943955E-04
-32.1155 7.962206E-04
-32.0955 7.980524E-04
-32.0755 7.998907E-04
-32.0555 8.017358E-04
-32.0354 8.035873E-04
-32.0154 8.054464E-04
-31.9954 8.073111E-04
-31.9754 8.091834E-04
-31.9554 8.110628E-04
-31.9354 8.129485E-04
-31.9154 8.148419E-04
-31.8954 8.167422E-04
-31.8754 8.186486E-04
-31.8554 8.205626E-04
-31.8353 8.224837E-04
-31.8153 8.244121E-04
-31.7953 8.263472E-04
-31.7753 8.282902E-04
-31.7553 8.302401E-04
-31.7353 8.321971E-04
-31.7153 8.341614E-04
-31.6953 8.361334E-04
-31.6753 8.381122E-04
-31.6553 8.400987E-04
-31.6352 8.420930E-04
-31.6152 8.440942E-04
-31.5952 8.461034E-04
-31.5752 8.481198E-04
-31.5552 8.501440E-04
-31.5352 8.521760E-04
-31.5152 8.542155E-04
-31.4952 8.562626E-04
-31.4752 8.583176E-04
-31.4552 8.603804E-04
-31.4351 8.624510E-04
-31.4151 8.645296E-04
-31.3951 8.666161E-04
-31.3751 8.687104E-04
-31.3551 8.708126E-04
-31.3351 8.729232E-04
-31.3151 8.750417E-04
-31.2951 8.771682E-04
-31.2751 8.793034E-04
-31.2551 8.814462E-04
-31.2350 8.835978E-04
-31.2150 8.857573E-04
-31.1950 8.879252E-04
-31.1750 8.901018E-04
-31.1550 8.922865E-04
-31.1350 8.944798E-04
-31.1150 8.966817E-04
-31.0950 8.988920E-04
-31.0750 9.011109E-04
-31.0550 9.033384E-04
-31.0349 9.055748E-04
-31.0149 9.078200E-04
-30.9949 9.100741E-04
-30.9749 9.123365E-04
-30.9549 9.146082E-04
-30.9349 9.168891E-04
-30.9149 9.191783E-04
-30.8949 9.214768E-04
-30.8749 9.237849E-04
-30.8549 9.261015E-04
-30.8348 9.284275E-04
-30.8148 9.307628E-04
-30.7948 9.331071E-04
-30.7748 9.354607E-04
-30.7548 9.378239E-04
-30.7348 9.401971E-04
-30.7148 9.425788E-04
-30.6948 9.449703E-04
-30.6748 9.473718E-04
-30.6548 9.497827E-04
-30.6347 9.522033E-04
-30.6147 9.546333E-04
-30.5947 9.570736E-04
-30.5747 9.595233E-04
-30.5547 9.619831E-04
-30.5347 9.644532E-04
-30.5147 9.669329E-04
-30.4947 9.694229E-04
-30.4747 9.719225E-04
-30.4547 9.744329E-04
-30.4346 9.769531E-04
-30.4146 9.794838E-04
-30.3946 9.820246E-04
-30.3746 9.845763E-04
-30.3546 9.871380E-04
-30.3346 9.897107E-04
-30.3146 9.922937E-04
-30.2946 9.948870E-04
-30.2746 9.974916E-04
-30.2546 1.000106E-03
-30.2345 1.002732E-03
-30.2145 1.005369E-03
-30.1945 1.008017E-03
-30.1745 1.010675E-03
-30.1545 1.013345E-03
-30.1345 1.016026E-03
-30.1145 1.018718E-03
-30.0945 1.021421E-03
-30.0745 1.024136E-03
-30.0545 1.026862E-03
-30.0344 1.029600E-03
-30.0144 1.032348E-03
-29.9944 1.035109E-03
-29.9744 1.037881E-03
-29.9544 1.040665E-03
-29.9344 1.043460E-03
-29.9144 1.046268E-03
-29.8944 1.049087E-03
-29.8744 1.051918E-03
-29.8544 1.054762E-03
-29.8343 1.057618E-03
-29.8143 1.060485E-03
-29.7943 1.063365E-03
-29.7743 1.066257E-03
-29.7543 1.069162E-03
-29.7343 1.072079E-03
-29.7143 1.075009E-03
-29.6943 1.077951E-03
-29.6743 1.080906E-03
-29.6543 1.083873E-03
-29.6342 1.086854E-03
-29.6142 1.089847E-03
-29.5942 1.092854E-03
-29.5742 1.095874E-03
-29.5542 1.098906E-03
-29.5342 1.101951E-03
-29.5142 1.105011E-03
-29.4942 1.108083E-03
-29.4742 1.111169E-03
-29.4542 1.114269E-03
-29.4341 1.117382E-03
-29.4141 1.120509E-03
-29.3941 1.123649E-03
-29.3741 1.126804E-03
-29.3541 1.129972E-03
-29.3341 1.133155E-03
-29.3141 1.136351E-03
-29.2941 1.139562E-03
-29.2741 1.142787E-03
-29.2541 1.146026E-03
-29.2340 1.149280E-03
-29.2140 1.152548E-03
-29.1940 1.155831E-03
-29.1740 1.159129E-03
-29.1540 1.162441E-03
-29.1340 1.165768E-03
-29.1140 1.169111E-03
-29.0940 1.172468E-03
-29.0740 1.175841E-03
-29.0540 1.179228E-03
-29.0339 1.182632E-03
-29.0139 1.186050E-03
-28.9939 1.189484E-03
-28.9739 1.192934E-03
-28.9539 1.196400E-03
-28.9339 1.199881E-03
-28.9139 1.203378E-03
-28.8939 1.206892E-03
-28.8739 1.210421E-03
-28.8539 1.213967E-03
-28.8338 1.217528E-03
-28.8138 1.221107E-03
-28.7938 1.224702E-03
-28.7738 1.228314E-03
-28.7538 1.231942E-03
-28.7338 1.235587E-03
-28.7138 1.239249E-03
-28.6938 1.242929E-03
-28.6738 1.246625E-03
-28.6538 1.250338E-03
-28.6337 1.254069E-03
-28.6137 1.257817E-03
-28.5937 1.261584E-03
-28.5737 1.265368E-03
-28.5537 1.269169E-03
-28.5337 1.272988E-03
-28.5137 1.276826E-03
-28.4937 1.280682E-03
-28.4737 1.284556E-03
-28.4537 1.288448E-03
-28.4336 1.292360E-03
-28.4136 1.296289E-03
-28.3936 1.300238E-03
-28.3736 1.304205E-03
-28.3536 1.308191E-03
-28.3336 1.312197E-03
-28.3136 1.316221E-03
-28.2936 1.320265E-03
-28.2736 1.324329E-03
-28.2536 1.328412E-03
-28.2335 1.332515E-03
-28.2135 1.336638E-03
-28.1935 1.340781E-03
-28.1735 1.344943E-03
-28.1535 1.349126E-03
-28.1335 1.353330E-03
-28.1135 1.357555E-03
-28.0935 1.361800E-03
-28.0735 1.366065E-03
-28.0535 1.370352E-03
-28.0334 1.374660E-03
-28.0134 1.378989E-03
-27.9934 1.383339E-03
-27.9734 1.387711E-03
-27.9534 1.392105E-03
-27.9334 1.396520E-03
-27.9134 1.400958E-03
-27.8934 1.405417E-03
-27.8734 1.409899E-03
-27.8534 1.414403E-03
-27.8333 1.418930E-03
-27.8133 1.423480E-03
-27.7933 1.428052E-03
-27.7733 1.432647E-03
-27.7533 1.437265E-03
-27.7333 1.441908E-03
-27.7133 1.446573E-03
-27.6933 1.451262E-03
-27.6733 1.455975E-03
-27.6533 1.460712E-03
-27.6332 1.465473E-03
-27.6132 1.470259E-03
-27.5932 1.475069E-03
-27.5732 1.479902E-03
-27.5532 1.484762E-03
-27.5332 1.489646E-03
-27.5132 1.494556E-03
-27.4932 1.499490E-03
-27.4732 1.504451E-03
-27.4532 1.509437E-03
-27.4331 1.514449E-03
-27.4131 1.519487E-03
-27.3931 1.524551E-03
-27.3731 1.529642E-03
-27.3531 1.534759E-03
-27.3331 1.539904E-03
-27.3131 1.545075E-03
-27.2931 1.550273E-03
-27.2731 1.555498E-03
-27.2531 1.560751E-03
-27.2330 1.566032E-03
-27.2130 1.571341E-03
-27.1930 1.576678E-03
-27.1730 1.582044E-03
-27.1530 1.587438E-03
-27.1330 1.592861E-03
-27.1130 1.598313E-03
-27.0930 1.603795E-03
-27.0730 1.609305E-03
-27.0530 1.614845E-03
-27.0329 1.620415E-03
-27.0129 1.626015E-03
-26.9929 1.631646E-03
-26.9729 1.637306E-03
-26.9529 1.642998E-03
-26.9329 1.648721E-03
-26.9129 1.654474E-03
-26.8929 1.660259E-03
-26.8729 1.666076E-03
-26.8529 1.671925E-03
-26.8328 1.677806E-03
-26.8128 1.683718E-03
-26.7928 1.689664E-03
-26.7728 1.695642E-03
-26.7528 1.701655E-03
-26.7328 1.707700E-03
-26.7128 1.713777E-03
-26.6928 1.719890E-03
-26.6728 1.726037E-03
-26.6528 1.732217E-03
-26.6327 1.738433E-03
-26.6127 1.744682E-03
-26.5927 1.750969E-03
-26.5727 1.757289E-03
-26.5527 1.763645E-03
-26.5327 1.770038E-03
-26.5127 1.776466E-03
-26.4927 1.782932E-03
-26.4727 1.789432E-03
-26.4527 1.795971E-03
-26.4326 1.802547E-03
-26.4126 1.809161E-03
-26.3926 1.815814E-03
-26.3726 1.822502E-03
-26.3526 1.829232E-03
-26.3326 1.835999E-03
-26.3126 1.842805E-03
-26.2926 1.849651E-03
-26.2726 1.856536E-03
-26.2526 1.863461E-03
-26.2325 1.870427E-03
-26.2125 1.877434E-03
-26.1925 1.884480E-03
-26.1725 1.891571E-03
-26.1525 1.898699E-03
-26.1325 1.905872E-03
-26.1125 1.913087E-03
-26.0925 1.920344E-03
-26.0725 1.927644E-03
-26.0525 1.934988E-03
-26.0324 1.942375E-03
-26.0124 1.949806E-03
-25.9924 1.957282E-03
-25.9724 1.964802E-03
-25.9524 1.972367E-03
-25.9324 1.979978E-03
-25.9124 1.987635E-03
-25.8924 1.995338E-03
-25.8724 2.003087E-03
-25.8524 2.010884E-03
-25.8323 2.018727E-03
-25.8123 2.026619E-03
-25.7923 2.034559E-03
-25.7723 2.042547E-03
-25.7523 2.050582E-03
-25.7323 2.058669E-03
-25.7123 2.066807E-03
-25.6923 2.074993E-03
-25.6723 2.083228E-03
-25.6523 2.091518E-03
-25.6322 2.099855E-03
-25.6122 2.108248E-03
-25.5922 2.116689E-03
-25.5722 2.125187E-03
-25.5522 2.133736E-03
-25.5322 2.142338E-03
-25.5122 2.150997E-03
-25.4922 2.159706E-03
-25.4722 2.168474E-03
-25.4522 2.177297E-03
-25.4321 2.186173E-03
-25.4121 2.195107E-03
-25.3921 2.204098E-03
-25.3721 2.213149E-03
-25.3521 2.222255E-03
-25.3321 2.231418E-03
-25.3121 2.240644E-03
-25.2921 2.249927E-03
-25.2721 2.259268E-03
-25.2521 2.268672E-03
-25.2320 2.278137E-03
-25.2120 2.287664E-03
-25.1920 2.297252E-03
-25.1720 2.306901E-03
-25.1520 2.316617E-03
-25.1320 2.326394E-03
-25.1120 2.336236E-03
-25.0920 2.346141E-03
-25.0720 2.356114E-03
-25.0520 2.366153E-03
-25.0319 2.376256E-03
-25.0119 2.386428E-03
-24.9919 2.396668E-03
-24.9719 2.406976E-03
-24.9519 2.417353E-03
-24.9319 2.427799E-03
-24.9119 2.438319E-03
-24.8919 2.448905E-03
-24.8719 2.459566E-03
-24.8519 2.470296E-03
-24.8318 2.481100E-03
-24.8118 2.491978E-03
-24.7918 2.502930E-03
-24.7718 2.513957E-03
-24.7518 2.525063E-03
-24.7318 2.536239E-03
-24.7118 2.547497E-03
-24.6918 2.558830E-03
-24.6718 2.570243E-03
-24.6518 2.581737E-03
-24.6317 2.593306E-03
-24.6117 2.604958E-03
-24.5917 2.616692E-03
-24.5717 2.628510E-03
-24.5517 2.640407E-03
-24.5317 2.652390E-03
-24.5117 2.664458E-03
-24.4917 2.676610E-03
-24.4717 2.688848E-03
-24.4517 2.701175E-03
-24.4316 2.713589E-03
-24.4116 2.726093E-03
-24.3916 2.738684E-03
-24.3716 2.751367E-03
-24.3516 2.764142E-03
-24.3316 2.777006E-03
-24.3116 2.789965E-03
-24.2916 2.803023E-03
-24.2716 2.816167E-03
-24.2516 2.829412E-03
-24.2315 2.842753E-03
-24.2115 2.856191E-03
-24.1915 2.869730E-03
-24.1715 2.883368E-03
-24.1515 2.897106E-03
-24.1315 2.910945E-03
-24.1115 2.924887E-03
-24.0915 2.938935E-03
-24.0715 2.953087E-03
-24.0515 2.967344E-03
-24.0314 2.981707E-03
-24.0114 2.996180E-03
-23.9914 3.010762E-03
-23.9714 3.025452E-03
-23.9514 3.040254E-03
-23.9314 3.055170E-03
-23.9114 3.070199E-03
-23.8914 3.085345E-03
-23.8714 3.100603E-03
-23.8514 3.115977E-03
-23.8313 3.131473E-03
-23.8113 3.147091E-03
-23.7913 3.162829E-03
-23.7713 3.178686E-03
-23.7513 3.194671E-03
-23.7313 3.210778E-03
-23.7113 3.227006E-03
-23.6913 3.243369E-03
-23.6713 3.259861E-03
-23.6513 3.276479E-03
-23.6312 3.293230E-03
-23.6112 3.310115E-03
-23.5912 3.327134E-03
-23.5712 3.344285E-03
-23.5512 3.361581E-03
-23.5312 3.379011E-03
-23.5112 3.396582E-03
-23.4912 3.414295E-03
-23.4712 3.432146E-03
-23.4512 3.450152E-03
-23.4311 3.468296E-03
-23.4111 3.486599E-03
-23.3911 3.505045E-03
-23.3711 3.523635E-03
-23.3511 3.542390E-03
-23.3311 3.561298E-03
-23.3111 3.580358E-03
-23.2911 3.599578E-03
-23.2711 3.618959E-03
-23.2511 3.638502E-03
-23.2310 3.658210E-03
-23.2110 3.678077E-03
-23.1910 3.698123E-03
-23.1710 3.718330E-03
-23.1510 3.738710E-03
-23.1310 3.759264E-03
-23.1110 3.779996E-03
-23.0910 3.800895E-03
-23.0710 3.821988E-03
-23.0510 3.843253E-03
-23.0309 3.864701E-03
-23.0109 3.886338E-03
-22.9909 3.908163E-03
-22.9709 3.930183E-03
-22.9509 3.952383E-03
-22.9309 3.974792E-03
-22.9109 3.997386E-03
-22.8909 4.020183E-03
-22.8709 4.043183E-03
-22.8509 4.066389E-03
-22.8308 4.089802E-03
-22.8108 4.113429E-03
-22.7908 4.137254E-03
-22.7708 4.161309E-03
-22.7508 4.185570E-03
-22.7308 4.210051E-03
-22.7108 4.234757E-03
-22.6908 4.259688E-03
-22.6708 4.284835E-03
-22.6508 4.310230E-03
-22.6307 4.335844E-03
-22.6107 4.361712E-03
-22.5907 4.387806E-03
-22.5707 4.414145E-03
-22.5507 4.440729E-03
-22.5307 4.467564E-03
-22.5107 4.494637E-03
-22.4907 4.521983E-03
-22.4707 4.549571E-03
-22.4507 4.577441E-03
-22.4306 4.605560E-03
-22.4106 4.633950E-03
-22.3906 4.662612E-03
-22.3706 4.691551E-03
-22.3506 4.720770E-03
-22.3306 4.750256E-03
-22.3106 4.780049E-03
-22.2906 4.810113E-03
-22.2706 4.840475E-03
-22.2506 4.871156E-03
-22.2305 4.902121E-03
-22.2105 4.933392E-03
-22.1905 4.964955E-03
-22.1705 4.996853E-03
-22.1505 5.029075E-03
-22.1305 5.061595E-03
-22.1105 5.094469E-03
-22.0905 5.127651E-03
-22.0705 5.161173E-03
-22.0505 5.195038E-03
-22.0304 5.229249E-03
-22.0104 5.263811E-03
-21.9904 5.298731E-03
-21.9704 5.334015E-03
-21.9504 5.369638E-03
-21.9304 5.405660E-03
-21.9104 5.442031E-03
-21.8904 5.478786E-03
-21.8704 5.515956E-03
-21.8504 5.553490E-03
-21.8303 5.591426E-03
-21.8103 5.629765E-03
-21.7903 5.668486E-03
-21.7703 5.707650E-03
-21.7503 5.747242E-03
-21.7303 5.787228E-03
-21.7103 5.827682E-03
-21.6903 5.868544E-03
-21.6703 5.909855E-03
-21.6503 5.951654E-03
-21.6302 5.993881E-03
-21.6102 6.036577E-03
-21.5902 6.079711E-03
-21.5702 6.123361E-03
-21.5502 6.167502E-03
-21.5302 6.212142E-03
-21.5102 6.257245E-03
-21.4902 6.302902E-03
-21.4702 6.349037E-03
-21.4502 6.395701E-03
-21.4301 6.442943E-03
-21.4101 6.490688E-03
-21.3901 6.538985E-03
-21.3701 6.587843E-03
-21.3501 6.637271E-03
-21.3301 6.687233E-03
-21.3101 6.737829E-03
-21.2901 6.789027E-03
-21.2701 6.840779E-03
-21.2501 6.893202E-03
-21.2300 6.946197E-03
-21.2100 6.999884E-03
-21.1900 7.054168E-03
-21.1700 7.109104E-03
-21.1500 7.164713E-03
-21.1300 7.221002E-03
-21.1100 7.277982E-03
-21.0900 7.335664E-03
-21.0700 7.394065E-03
-21.0500 7.453190E-03
-21.0299 7.512990E-03
-21.0099 7.573602E-03
-20.9899 7.634920E-03
-20.9699 7.697075E-03
-20.9499 7.759957E-03
-20.9299 7.823713E-03
-20.9099 7.888217E-03
-20.8899 7.953546E-03
-20.8699 8.019728E-03
-20.8499 8.086770E-03
-20.8298 8.154688E-03
-20.8098 8.223497E-03
-20.7898 8.293218E-03
-20.7698 8.363866E-03
-20.7498 8.435366E-03
-20.7298 8.507908E-03
-20.7098 8.581433E-03
-20.6898 8.655855E-03
-20.6698 8.731387E-03
-20.6498 8.807849E-03
-20.6297 8.885361E-03
-20.6097 8.964040E-03
-20.5897 9.043712E-03
-20.5697 9.124492E-03
-20.5497 9.206401E-03
-20.5297 9.289462E-03
-20.5097 9.373695E-03
-20.4897 9.459125E-03
-20.4697 9.545777E-03
-20.4497 9.633671E-03
-20.4296 9.722837E-03
-20.4096 9.813299E-03
-20.3896 9.904944E-03
-20.3696 9.998066E-03
-20.3496 1.009242E-02
-20.3296 1.018832E-02
-20.3096 1.028550E-02
-20.2896 1.038428E-02
-20.2696 1.048440E-02
-20.2496 1.058620E-02
-20.2295 1.068937E-02
-20.2095 1.079414E-02
-20.1895 1.090051E-02
-20.1695 1.100852E-02
-20.1495 1.111822E-02
-20.1295 1.122964E-02
-20.1095 1.134281E-02
-20.0895 1.145777E-02
-20.0695 1.157456E-02
-20.0495 1.169322E-02
-20.0294 1.181380E-02
-20.0094 1.193612E-02
-19.9894 1.206064E-02
-19.9694 1.218721E-02
-19.9494 1.231564E-02
-19.9294 1.244644E-02
-19.9094 1.257943E-02
-19.8894 1.271439E-02
-19.8694 1.285191E-02
-19.8494 1.299149E-02
-19.8293 1.313346E-02
-19.8093 1.327817E-02
-19.7893 1.342508E-02
-19.7693 1.357456E-02
-19.7493 1.372699E-02
-19.7293 1.388179E-02
-19.7093 1.403934E-02
-19.6893 1.419970E-02
-19.6693 1.436297E-02
-19.6493 1.452919E-02
-19.6292 1.469846E-02
-19.6092 1.487084E-02
-19.5892 1.504641E-02
-19.5692 1.522526E-02
-19.5492 1.540748E-02
-19.5292 1.559315E-02
-19.5092 1.578236E-02
-19.4892 1.597470E-02
-19.4692 1.617127E-02
-19.4492 1.637167E-02
-19.4291 1.657601E-02
-19.4091 1.678382E-02
-19.3891 1.699635E-02
-19.3691 1.721316E-02
-19.3491 1.743372E-02
-19.3291 1.765940E-02
-19.3091 1.788975E-02
-19.2891 1.812416E-02
-19.2691 1.836421E-02
-19.2491 1.860851E-02
-19.2290 1.885880E-02
-19.2090 1.911361E-02
-19.1890 1.937478E-02
-19.1690 1.964073E-02
-19.1490 1.991344E-02
-19.1290 2.019122E-02
-19.1090 2.047516E-02
-19.0890 2.076655E-02
-19.0690 2.106345E-02
-19.0490 2.136827E-02
-19.0289 2.167903E-02
-19.0089 2.199696E-02
-18.9889 2.232362E-02
-18.9689 2.265680E-02
-18.9489 2.299787E-02
-18.9289 2.334864E-02
-18.9089 2.370651E-02
-18.8889 2.407318E-02
-18.8689 2.444892E-02
-18.8489 2.483588E-02
-18.8288 2.523085E-02
-18.8088 2.563595E-02
-18.7888 2.605351E-02
-18.7688 2.648003E-02
-18.7488 2.691774E-02
-18.7288 2.736711E-02
-18.7088 2.783115E-02
-18.6888 2.830532E-02
-18.6688 2.879251E-02
-18.6488 2.929330E-02
-18.6287 2.981133E-02
-18.6087 3.034102E-02
-18.5887 3.088601E-02
-18.5687 3.145040E-02
-18.5487 3.202797E-02
-18.5287 3.262278E-02
-18.5087 3.323989E-02
-18.4887 3.387169E-02
-18.4687 3.452764E-02
-18.4487 3.519998E-02
-18.4286 3.589341E-02
-18.4086 3.661501E-02
-18.3886 3.735456E-02
-18.3686 3.812488E-02
-18.3486 3.891495E-02
-18.3286 3.973917E-02
-18.3086 4.058476E-02
-18.2886 4.146834E-02
-18.2686 4.238366E-02
-18.2486 4.332458E-02
-18.2285 4.430953E-02
-18.2085 4.533149E-02
-18.1885 4.638335E-02
-18.1685 4.748735E-02
-18.1485 4.863575E-02
-18.1285 4.983158E-02
-18.1085 5.107649E-02
-18.0885 5.236079E-02
-18.0685 5.371574E-02
-18.0485 5.513154E-02
-18.0284 5.661182E-02
-18.0084 5.818200E-02
-17.9884 5.980988E-02
-17.9684 6.151536E-02
-17.9484 6.330692E-02
-17.9284 6.519132E-02
-17.9084 6.721249E-02
-17.8884 6.930995E-02
-17.8684 7.157171E-02
-17.8484 7.392639E-02
-17.8283 7.648084E-02
-17.8083 7.915210E-02
-17.7883 8.206898E-02
-17.7683 8.520921E-02
-17.7483 8.852560E-02
-17.7283 9.221117E-02
-17.7083 9.624528E-02
-17.6883 1.007070E-01
-17.6683 1.056937E-01
-17.6483 1.113534E-01
-17.6282 1.180449E-01
-17.6082 1.258100E-01
-17.5882 1.352781E-01
-17.5682 1.472206E-01
-17.5482 1.630530E-01
-17.5282 1.836281E-01
-17.5082 2.095709E-01
-17.4882 2.358303E-01
-17.4682 2.525009E-01
-17.4482 2.521554E-01
-17.4281 2.416457E-01
-17.4081 2.338032E-01
-17.3881 2.325048E-01
-17.3681 2.374287E-01
-17.3481 2.464561E-01
-17.3281 2.611403E-01
-17.3081 2.808504E-01
-17.2881 3.034479E-01
-17.2681 3.348254E-01
-17.2481 3.712456E-01
-17.2280 4.223312E-01
-17.2080 4.854273E-01
-17.1880 5.705483E-01
-17.1680 6.846009E-01
-17.1480 8.491189E-01
-17.1280 1.077169E+00
-17.1080 1.313585E+00
-17.0880 1.555044E+00
-17.0680 1.738473E+00
-17.0480 1.777710E+00
-17.0279 1.852917E+00
-17.0079 1.919792E+00
-16.9879 2.577077E+00
-16.9679 2.907560E+00
-16.9479 2.583459E+00
-16.9279 2.487833E+00
-16.9079 2.354226E+00
-16.8879 2.374681E+00
-16.8679 2.590654E+00
-16.8479 2.960661E+00
-16.8278 3.443070E+00
-16.8078 3.915708E+00
-16.7878 4.161009E+00
-16.7678 4.038416E+00
-16.7478 3.742501E+00
-16.7278 3.515626E+00
-16.7078 3.406820E+00
-16.6878 3.436905E+00
-16.6678 3.646993E+00
-16.6478 4.011894E+00
-16.6277 4.456428E+00
-16.6077 4.786343E+00
-16.5877 4.785204E+00
-16.5677 4.515050E+00
-16.5477 4.140373E+00
-16.5277 3.803960E+00
-16.5077 3.555297E+00
-16.4877 3.393875E+00
-16.4677 3.303434E+00
-16.4477 3.235183E+00
-16.4276 3.151516E+00
-16.4076 3.064649E+00
-16.3876 3.010500E+00
-16.3676 3.027137E+00
-16.3476 3.144565E+00
-16.3276 3.382564E+00
-16.3076 3.749281E+00
-16.2876 4.151365E+00
-16.2676 4.385196E+00
-16.2476 4.333593E+00
-16.2275 4.073036E+00
-16.2075 3.767103E+00
-16.1875 3.546936E+00
-16.1675 3.478418E+00
-16.1475 3.578800E+00
-16.1275 3.838394E+00
-16.1075 4.203979E+00
-16.0875 4.554389E+00
-16.0675 4.730205E+00
-16.0475 4.716105E+00
-16.0274 4.669400E+00
-16.0074 4.659848E+00
-15.9874 4.605320E+00
-15.9674 4.426766E+00
-15.9474 4.180679E+00
-15.9274 4.028727E+00
-15.9074 4.110863E+00
-15.8874 4.453155E+00
-15.8674 4.905930E+00
-15.8474 5.189937E+00
-15.8273 5.200637E+00
-15.8073 5.173803E+00
-15.7873 5.382934E+00
-15.7673 5.870427E+00
-15.7473 6.417565E+00
-15.7273 6.695299E+00
-15.7073 6.545924E+00
-15.6873 6.071709E+00
-15.6673 5.489467E+00
-15.6473 4.986371E+00
-15.6272 4.616483E+00
-15.6072 4.375645E+00
-15.5872 4.286058E+00
-15.5672 4.374657E+00
-15.5472 4.571646E+00
-15.5272 4.692256E+00
-15.5072 4.643236E+00
-15.4872 4.507631E+00
-15.4672 4.433373E+00
-15.4472 4.512213E+00
-15.4271 4.692954E+00
-15.4071 4.771966E+00
-15.3871 4.569097E+00
-15.3671 4.152555E+00
-15.3471 3.749995E+00
-15.3271 3.509655E+00
-15.3071 3.445786E+00
-15.2871 3.491291E+00
-15.2671 3.604198E+00
-15.2471 3.805519E+00
-15.2270 4.119364E+00
-15.2070 4.583500E+00
-15.1870 5.182704E+00
-15.1670 5.800726E+00
-15.1470 6.282453E+00
-15.1270 6.522579E+00
-15.1070 6.497007E+00
-15.0870 6.253725E+00
-15.0670 6.003029E+00
-15.0470 5.776402E+00
-15.0269 5.227714E+00
-15.0069 4.268377E+00
-14.9869 3.275543E+00
-14.9669 2.498215E+00
-14.9469 1.947642E+00
-14.9269 1.562912E+00
-14.9069 1.289186E+00
-14.8869 1.089105E+00
-14.8669 9.386484E-01
-14.8469 8.224568E-01
-14.8268 7.306841E-01
-14.8068 6.567113E-01
-14.7868 5.960146E-01
-14.7668 5.454201E-01
-14.7468 5.026832E-01
-14.7268 4.661567E-01
-14.7068 4.346001E-01
-14.6868 4.070909E-01
-14.6668 3.829067E-01
-14.6468 3.614715E-01
-14.6267 3.423635E-01
-14.6067 3.252076E-01
-14.5867 3.097298E-01
-14.5667 2.956895E-01
-14.5467 2.829023E-01
-14.5267 2.712014E-01
-14.5067 2.604530E-01
-14.4867 2.505445E-01
-14.4667 2.413809E-01
-14.4467 2.328813E-01
-14.4266 2.249739E-01
-14.4066 2.176014E-01
-14.3866 2.107087E-01
-14.3666 2.042495E-01
-14.3466 1.981867E-01
-14.3266 1.924839E-01
-14.3066 1.871097E-01
-14.2866 1.820355E-01
-14.2666 1.772400E-01
-14.2466 1.726984E-01
-14.2265 1.683935E-01
-14.2065 1.643059E-01
-14.1865 1.604200E-01
-14.1665 1.567224E-01
-14.1465 1.531997E-01
-14.1265 1.498409E-01
-14.1065 1.466348E-01
-14.0865 1.435704E-01
-14.0665 1.406403E-01
-14.0465 1.378355E-01
-14.0264 1.351487E-01
-14.0064 1.325740E-01
-13.9864 1.301026E-01
-13.9664 1.277302E-01
-13.9464 1.254512E-01
-13.9264 1.232607E-01
-13.9064 1.211530E-01
-13.8864 1.191245E-01
-13.8664 1.171717E-01
-13.8464 1.152890E-01
-13.8263 1.134745E-01
-13.8063 1.117242E-01
-13.7863 1.100344E-01
-13.7663 1.084028E-01
-13.7463 1.068266E-01
-13.7263 1.053038E-01
-13.7063 1.038310E-01
-13.6863 1.024063E-01
-13.6663 1.010274E-01
-13.6463 9.969231E-02
-13.6262 9.839933E-02
-13.6062 9.714652E-02
-13.5862 9.593211E-02
-13.5662 9.475430E-02
-13.5462 9.361184E-02
-13.5262 9.250286E-02
-13.5062 9.142672E-02
-13.4862 9.038121E-02
-13.4662 8.936584E-02
-13.4462 8.837890E-02
-13.4261 8.741915E-02
-13.4061 8.648584E-02
-13.3861 8.557768E-02
-13.3661 8.469410E-02
-13.3461 8.383374E-02
-13.3261 8.299553E-02
-13.3061 8.217880E-02
-13.2861 8.138294E-02
-13.2661 8.060681E-02
-13.2461 7.984969E-02
-13.2260 7.911122E-02
-13.2060 7.838996E-02
-13.1860 7.768584E-02
-13.1660 7.699820E-02
-13.1460 7.632587E-02
-13.1260 7.566878E-02
-13.1060 7.502618E-02
-13.0860 7.439739E-02
-13.0660 7.378202E-02
-13.0460 7.317948E-02
-13.0259 7.258925E-02
-13.0059 7.201104E-02
-12.9859 7.144433E-02
-12.9659 7.088854E-02
-12.9459 7.034333E-02
-12.9259 6.980840E-02
-12.9059 6.928329E-02
-12.8859 6.876754E-02
-12.8659 6.826107E-02
-12.8459 6.776333E-02
-12.8258 6.727404E-02
-12.8058 6.679290E-02
-12.7858 6.631970E-02
-12.7658 6.585406E-02
-12.7458 6.539584E-02
-12.7258 6.494481E-02
-12.7058 6.450054E-02
-12.6858 6.406306E-02
-12.6658 6.363195E-02
-12.6458 6.320721E-02
-12.6257 6.278854E-02
-12.6057 6.237577E-02
-12.5857 6.196890E-02
-12.5657 6.156750E-02
-12.5457 6.117171E-02
-12.5257 6.078125E-02
-12.5057 6.039598E-02
-12.4857 6.001598E-02
-12.4657 5.964095E-02
-12.4457 5.927077E-02
-12.4256 5.890552E-02
-12.4056 5.854503E-02
-12.3856 5.818935E-02
-12.3656 5.783813E-02
-12.3456 5.749161E-02
-12.3256 5.714960E-02
-12.3056 5.681202E-02
-12.2856 5.647897E-02
-12.2656 5.615033E-02
-12.2456 5.582599E-02
-12.2255 5.550603E-02
-12.2055 5.519030E-02
-12.1855 5.487896E-02
-12.1655 5.457189E-02
-12.1455 5.426904E-02
-12.1255 5.397044E-02
-12.1055 5.367603E-02
-12.0855 5.338584E-02
-12.0655 5.309990E-02
-12.0455 5.281813E-02
-12.0254 5.254066E-02
-12.0054 5.226724E-02
-11.9854 5.199811E-02
-11.9654 5.173316E-02
-11.9454 5.147242E-02
-11.9254 5.121584E-02
-11.9054 5.096344E-02
-11.8854 5.071526E-02
-11.8654 5.047129E-02
-11.8454 5.023149E-02
-11.8253 4.999584E-02
-11.8053 4.976439E-02
-11.7853 4.953720E-02
-11.7653 4.931413E-02
-11.7453 4.909529E-02
-11.7253 4.888063E-02
-11.7053 4.867011E-02
-11.6853 4.846379E-02
-11.6653 4.826169E-02
-11.6453 4.806373E-02
-11.6252 4.786992E-02
-11.6052 4.768026E-02
-11.5852 4.749480E-02
-11.5652 4.731344E-02
-11.5452 4.713628E-02
-11.5252 4.696320E-02
-11.5052 4.679423E-02
-11.4852 4.662940E-02
-11.4652 4.646861E-02
-11.4452 4.631190E-02
-11.4251 4.615924E-02
-11.4051 4.601067E-02
-11.3851 4.586611E-02
-11.3651 4.572554E-02
-11.3451 4.558899E-02
-11.3251 4.545638E-02
-11.3051 4.532769E-02
-11.2851 4.520291E-02
-11.2651 4.508199E-02
-11.2451 4.496496E-02
-11.2250 4.485176E-02
-11.2050 4.474236E-02
-11.1850 4.463677E-02
-11.1650 4.453486E-02
-11.1450 4.443665E-02
-11.1250 4.434207E-02
-11.1050 4.425122E-02
-11.0850 4.416386E-02
-11.0650 4.408009E-02
-11.0450 4.399980E-02
-11.0249 4.392295E-02
-11.0049 4.384952E-02
-10.9849 4.377945E-02
-10.9649 4.371272E-02
-10.9449 4.364920E-02
-10.9249 4.358892E-02
-10.9049 4.353177E-02
-10.8849 4.347772E-02
-10.8649 4.342672E-02
-10.8449 4.337870E-02
-10.8248 4.333358E-02
-10.8048 4.329131E-02
-10.7848 4.325188E-02
-10.7648 4.321512E-02
-10.7448 4.318106E-02
-10.7248 4.314962E-02
-10.7048 4.312064E-02
-10.6848 4.309416E-02
-10.6648 4.307006E-02
-10.6448 4.304829E-02
-10.6247 4.302874E-02
-10.6047 4.301137E-02
-10.5847 4.299607E-02
-10.5647 4.298282E-02
-10.5447 4.297145E-02
-10.5247 4.296201E-02
-10.5047 4.295434E-02
-10.4847 4.294836E-02
-10.4647 4.294402E-02
-10.4447 4.294127E-02
-10.4246 4.293998E-02
-10.4046 4.294008E-02
-10.3846 4.294152E-02
-10.3646 4.294418E-02
-10.3446 4.294802E-02
-10.3246 4.295298E-02
-10.3046 4.295900E-02
-10.2846 4.296588E-02
-10.2646 4.297366E-02
-10.2446 4.298223E-02
-10.2245 4.299158E-02
-10.2045 4.300154E-02
-10.1845 4.301211E-02
-10.1645 4.302319E-02
-10.1445 4.303472E-02
-10.1245 4.304668E-02
-10.1045 4.305892E-02
-10.0845 4.307143E-02
-10.0645 4.308417E-02
-10.0445 4.309702E-02
-10.0244 4.310997E-02
-10.0044 4.312296E-02
-9.9844 4.313589E-02
-9.9644 4.314876E-02
-9.9444 4.316154E-02
-9.9244 4.317410E-02
-9.9044 4.318645E-02
-9.8844 4.319851E-02
-9.8644 4.321026E-02
-9.8444 4.322169E-02
-9.8243 4.323270E-02
-9.8043 4.324330E-02
-9.7843 4.325342E-02
-9.7643 4.326304E-02
-9.7443 4.327212E-02
-9.7243 4.328065E-02
-9.7043 4.328857E-02
-9.6843 4.329588E-02
-9.6643 4.330256E-02
-9.6443 4.330856E-02
-9.6242 4.331385E-02
-9.6042 4.331843E-02
-9.5842 4.332229E-02
-9.5642 4.332540E-02
-9.5442 4.332773E-02
-9.5242 4.332928E-02
-9.5042 4.333005E-02
-9.4842 4.333000E-02
-9.4642 4.332912E-02
-9.4442 4.332743E-02
-9.4241 4.332489E-02
-9.4041 4.332151E-02
-9.3841 4.331728E-02
-9.3641 4.331221E-02
-9.3441 4.330629E-02
-9.3241 4.329951E-02
-9.3041 4.329184E-02
-9.2841 4.328334E-02
-9.2641 4.327397E-02
-9.2441 4.326374E-02
-9.2240 4.325268E-02
-9.2040 4.324077E-02
-9.1840 4.322799E-02
-9.1640 4.321439E-02
-9.1440 4.319997E-02
-9.1240 4.318471E-02
-9.1040 4.316864E-02
-9.0840 4.315180E-02
-9.0640 4.313414E-02
-9.0440 4.311571E-02
-9.0239 4.309651E-02
-9.0039 4.307655E-02
-8.9839 4.305585E-02
-8.9639 4.303445E-02
-8.9439 4.301233E-02
-8.9239 4.298952E-02
-8.9039 4.296603E-02
-8.8839 4.294188E-02
-8.8639 4.291712E-02
-8.8439 4.289173E-02
-8.8238 4.286572E-02
-8.8038 4.283917E-02
-8.7838 4.281203E-02
-8.7638 4.278437E-02
-8.7438 4.275621E-02
-8.7238 4.272754E-02
-8.7038 4.269842E-02
-8.6838 4.266882E-02
-8.6638 4.263885E-02
-8.6438 4.260845E-02
-8.6237 4.257771E-02
-8.6037 4.254661E-02
-8.5837 4.251524E-02
-8.5637 4.248355E-02
-8.5437 4.245161E-02
-8.5237 4.241941E-02
-8.5037 4.238705E-02
-8.4837 4.235449E-02
-8.4637 4.232179E-02
-8.4437 4.228898E-02
-8.4236 4.225608E-02
-8.4036 4.222313E-02
-8.3836 4.219019E-02
-8.3636 4.215722E-02
-8.3436 4.212429E-02
-8.3236 4.209146E-02
-8.3036 4.205870E-02
-8.2836 4.202614E-02
-8.2636 4.199371E-02
-8.2436 4.196152E-02
-8.2235 4.192959E-02
-8.2035 4.189791E-02
-8.1835 4.186658E-02
-8.1635 4.183561E-02
-8.1435 4.180502E-02
-8.1235 4.177490E-02
-8.1035 4.174526E-02
-8.0835 4.171615E-02
-8.0635 4.168755E-02
-8.0435 4.165962E-02
-8.0234 4.163232E-02
-8.0034 4.160573E-02
-7.9834 4.157988E-02
-7.9634 4.155481E-02
-7.9434 4.153061E-02
-7.9234 4.150728E-02
-7.9034 4.148491E-02
-7.8834 4.146351E-02
-7.8634 4.144319E-02
-7.8434 4.142396E-02
-7.8233 4.140589E-02
-7.8033 4.138905E-02
-7.7833 4.137344E-02
-7.7633 4.135921E-02
-7.7433 4.134638E-02
-7.7233 4.133501E-02
-7.7033 4.132516E-02
-7.6833 4.131687E-02
-7.6633 4.131027E-02
-7.6433 4.130540E-02
-7.6232 4.130233E-02
-7.6032 4.130110E-02
-7.5832 4.130183E-02
-7.5632 4.130455E-02
-7.5432 4.130941E-02
-7.5232 4.131639E-02
-7.5032 4.132564E-02
-7.4832 4.133722E-02
-7.4632 4.135119E-02
-7.4432 4.136768E-02
-7.4231 4.138672E-02
-7.4031 4.140844E-02
-7.3831 4.143290E-02
-7.3631 4.146019E-02
-7.3431 4.149040E-02
-7.3231 4.152365E-02
-7.3031 4.156001E-02
-7.2831 4.159952E-02
-7.2631 4.164240E-02
-7.2431 4.168866E-02
-7.2230 4.173839E-02
-7.2030 4.179171E-02
-7.1830 4.184875E-02
-7.1630 4.190953E-02
-7.1430 4.197426E-02
-7.1230 4.204297E-02
-7.1030 4.211583E-02
-7.0830 4.219287E-02
-7.0630 4.227421E-02
-7.0430 4.236003E-02
-7.0229 4.245035E-02
-7.0029 4.254528E-02
-6.9829 4.264505E-02
-6.9629 4.274968E-02
-6.9429 4.285927E-02
-6.9229 4.297401E-02
-6.9029 4.309394E-02
-6.8829 4.321917E-02
-6.8629 4.334992E-02
-6.8429 4.348620E-02
-6.8228 4.362815E-02
-6.8028 4.377595E-02
-6.7828 4.392966E-02
-6.7628 4.408939E-02
-6.7428 4.425528E-02
-6.7228 4.442741E-02
-6.7028 4.460596E-02
-6.6828 4.479101E-02
-6.6628 4.498262E-02
-6.6428 4.518099E-02
-6.6227 4.538614E-02
-6.6027 4.559828E-02
-6.5827 4.581738E-02
-6.5627 4.604362E-02
-6.5427 4.627706E-02
-6.5227 4.651779E-02
-6.5027 4.676595E-02
-6.4827 4.702151E-02
-6.4627 4.728454E-02
-6.4427 4.755521E-02
-6.4226 4.783348E-02
-6.4026 4.811942E-02
-6.3826 4.841298E-02
-6.3626 4.871429E-02
-6.3426 4.902328E-02
-6.3226 4.933997E-02
-6.3026 4.966426E-02
-6.2826 4.999628E-02
-6.2626 5.033575E-02
-6.2426 5.068271E-02
-6.2225 5.103701E-02
-6.2025 5.139868E-02
-6.1825 5.176734E-02
-6.1625 5.214297E-02
-6.1425 5.252532E-02
-6.1225 5.291414E-02
-6.1025 5.330932E-02
-6.0825 5.371048E-02
-6.0625 5.411744E-02
-6.0425 5.452965E-02
-6.0224 5.494698E-02
-6.0024 5.536887E-02
-5.9824 5.579511E-02
-5.9624 5.622505E-02
-5.9424 5.665841E-02
-5.9224 5.709456E-02
-5.9024 5.753304E-02
-5.8824 5.797327E-02
-5.8624 5.841465E-02
-5.8424 5.885678E-02
-5.8223 5.929886E-02
-5.8023 5.974031E-02
-5.7823 6.018049E-02
-5.7623 6.061883E-02
-5.7423 6.105459E-02
-5.7223 6.148715E-02
-5.7023 6.191586E-02
-5.6823 6.234005E-02
-5.6623 6.275906E-02
-5.6423 6.317236E-02
-5.6222 6.357916E-02
-5.6022 6.397910E-02
-5.5822 6.437136E-02
-5.5622 6.475556E-02
-5.5422 6.513118E-02
-5.5222 6.549764E-02
-5.5022 6.585462E-02
-5.4822 6.620161E-02
-5.4622 6.653834E-02
-5.4422 6.686449E-02
-5.4221 6.717975E-02
-5.4021 6.748389E-02
-5.3821 6.777676E-02
-5.3621 6.805817E-02
-5.3421 6.832814E-02
-5.3221 6.858650E-02
-5.3021 6.883332E-02
-5.2821 6.906867E-02
-5.2621 6.929253E-02
-5.2421 6.950514E-02
-5.2220 6.970653E-02
-5.2020 6.989693E-02
-5.1820 7.007659E-02
-5.1620 7.024568E-02
-5.1420 7.040453E-02
-5.1220 7.055329E-02
-5.1020 7.069240E-02
-5.0820 7.082213E-02
-5.0620 7.094270E-02
-5.0420 7.105458E-02
-5.0219 7.115795E-02
-5.0019 7.125324E-02
-4.9819 7.134073E-02
-4.9619 7.142078E-02
-4.9419 7.149366E-02
-4.9219 7.155975E-02
-4.9019 7.161930E-02
-4.8819 7.167263E-02
-4.8619 7.172003E-02
-4.8419 7.176178E-02
-4.8218 7.179809E-02
-4.8018 7.182928E-02
-4.7818 7.185557E-02
-4.7618 7.187719E-02
-4.7418 7.189428E-02
-4.7218 7.190710E-02
-4.7018 7.191582E-02
-4.6818 7.192059E-02
-4.6618 7.192157E-02
-4.6418 7.191895E-02
-4.6217 7.191285E-02
-4.6017 7.190341E-02
-4.5817 7.189065E-02
-4.5617 7.187481E-02
-4.5417 7.185588E-02
-4.5217 7.183407E-02
-4.5017 7.180933E-02
-4.4817 7.178184E-02
-4.4617 7.175157E-02
-4.4417 7.171875E-02
-4.4216 7.168332E-02
-4.4016 7.164537E-02
-4.3816 7.160500E-02
-4.3616 7.156236E-02
-4.3416 7.151731E-02
-4.3216 7.147009E-02
-4.3016 7.142068E-02
-4.2816 7.136919E-02
-4.2616 7.131574E-02
-4.2416 7.126036E-02
-4.2215 7.120312E-02
-4.2015 7.114413E-02
-4.1815 7.108352E-02
-4.1615 7.102133E-02
-4.1415 7.095778E-02
-4.1215 7.089288E-02
-4.1015 7.082676E-02
-4.0815 7.075962E-02
-4.0615 7.069148E-02
-4.0415 7.062262E-02
-4.0214 7.055307E-02
-4.0014 7.048307E-02
-3.9814 7.041273E-02
-3.9614 7.034229E-02
-3.9414 7.027185E-02
-3.9214 7.020165E-02
-3.9014 7.013187E-02
-3.8814 7.006270E-02
-3.8614 6.999439E-02
-3.8414 6.992711E-02
-3.8213 6.986111E-02
-3.8013 6.979656E-02
-3.7813 6.973367E-02
-3.7613 6.967276E-02
-3.7413 6.961406E-02
-3.7213 6.955775E-02
-3.7013 6.950411E-02
-3.6813 6.945335E-02
-3.6613 6.940583E-02
-3.6413 6.936168E-02
-3.6212 6.932119E-02
-3.6012 6.928466E-02
-3.5812 6.925233E-02
-3.5612 6.922440E-02
-3.5412 6.920122E-02
-3.5212 6.918302E-02
-3.5012 6.917003E-02
-3.4812 6.916251E-02
-3.4612 6.916080E-02
-3.4412 6.916506E-02
-3.4211 6.917557E-02
-3.4011 6.919262E-02
-3.3811 6.921639E-02
-3.3611 6.924720E-02
-3.3411 6.928525E-02
-3.3211 6.933081E-02
-3.3011 6.938406E-02
-3.2811 6.944531E-02
-3.2611 6.951472E-02
-3.2411 6.959253E-02
-3.2210 6.967894E-02
-3.2010 6.977414E-02
-3.1810 6.987839E-02
-3.1610 6.999186E-02
-3.1410 7.011466E-02
-3.1210 7.024707E-02
-3.1010 7.038915E-02
-3.0810 7.054114E-02
-3.0610 7.070313E-02
-3.0410 7.087528E-02
-3.0209 7.105758E-02
-3.0009 7.125033E-02
-2.9809 7.145343E-02
-2.9609 7.166708E-02
-2.9409 7.189126E-02
-2.9209 7.212599E-02
-2.9009 7.237137E-02
-2.8809 7.262722E-02
-2.8609 7.289368E-02
-2.8409 7.317060E-02
-2.8208 7.345796E-02
-2.8008 7.375553E-02
-2.7808 7.406336E-02
-2.7608 7.438115E-02
-2.7408 7.470882E-02
-2.7208 7.504596E-02
-2.7008 7.539246E-02
-2.6808 7.574812E-02
-2.6608 7.611241E-02
-2.6408 7.648504E-02
-2.6207 7.686577E-02
-2.6007 7.725394E-02
-2.5807 7.764937E-02
-2.5607 7.805128E-02
-2.5407 7.845922E-02
-2.5207 7.887280E-02
-2.5007 7.929127E-02
-2.4807 7.971406E-02
-2.4607 8.014048E-02
-2.4407 8.410581E-02
-2.4206 8.100146E-02
-2.4006 8.143469E-02
-2.3806 8.186865E-02
-2.3606 8.230268E-02
-2.3406 8.273585E-02
-2.3206 8.316762E-02
-2.3006 8.359706E-02
-2.2806 8.402335E-02
-2.2606 8.444579E-02
-2.2406 8.486367E-02
-2.2205 8.527611E-02
-2.2005 8.568248E-02
-2.1805 8.861794E-02
-2.1605 8.647418E-02
-2.1405 8.685820E-02
-2.1205 8.902125E-02
-2.1005 8.759972E-02
-2.0805 8.795615E-02
-2.0605 8.830247E-02
-2.0405 8.863827E-02
-2.0204 8.896325E-02
-2.0004 8.927700E-02
-1.9804 8.957950E-02
-1.9604 8.987060E-02
-1.9404 9.015009E-02
-1.9204 9.041807E-02
-1.9004 9.067453E-02
-1.8804 9.091951E-02
-1.8604 9.001680E-02
-1.8404 9.137592E-02
-1.8203 9.158779E-02
-1.8003 9.144145E-02
-1.7803 9.198030E-02
-1.7603 9.216165E-02
-1.7403 9.233369E-02
-1.7203 9.249679E-02
-1.7003 9.265134E-02
-1.6803 9.279795E-02
-1.6603 9.293713E-02
-1.6403 9.306931E-02
-1.6202 9.319513E-02
-1.6002 9.331501E-02
-1.5802 9.342961E-02
-1.5602 9.353931E-02
-1.5402 9.173148E-02
-1.5202 9.374629E-02
-1.5002 9.273976E-02
-1.4802 9.394005E-02
-1.4602 9.403318E-02
-1.4402 9.412446E-02
-1.4201 9.421415E-02
-1.4001 9.430285E-02
-1.3801 9.439078E-02
-1.3601 9.447842E-02
-1.3401 9.456607E-02
-1.3201 9.465389E-02
-1.3001 9.474239E-02
-1.2801 9.483168E-02
-1.2601 9.492191E-02
-1.2401 9.501343E-02
-1.2200 9.356773E-02
-1.2000 9.520082E-02
-1.1800 9.450431E-02
-1.1600 9.539472E-02
-1.1400 9.549433E-02
-1.1200 9.559585E-02
-1.1000 9.569918E-02
-1.0800 9.580438E-02
-1.0600 9.591142E-02
-1.0400 9.602022E-02
-1.0199 9.613078E-02
-0.9999 9.624288E-02
-0.9799 9.635656E-02
-0.9599 9.647153E-02
-0.9399 9.658788E-02
-0.9199 9.670527E-02
-0.8999 9.468818E-02
-0.8799 9.694266E-02
-0.8599 9.630239E-02
-0.8399 9.718217E-02
-0.8198 9.730223E-02
-0.7998 9.742216E-02
-0.7798 9.754181E-02
-0.7598 9.766077E-02
-0.7398 9.777901E-02
-0.7198 9.789607E-02
-0.6998 9.801191E-02
-0.6798 9.812610E-02
-0.6598 9.823846E-02
-0.6398 9.834869E-02
-0.6197 9.845659E-02
-0.5997 9.856191E-02
-0.5797 9.454512E-02
-0.5597 9.876378E-02
-0.5397 9.725711E-02
-0.5197 9.895227E-02
-0.4997 9.904095E-02
-0.4797 9.912565E-02
-0.4597 9.920627E-02
-0.4397 9.928234E-02
-0.4196 9.935394E-02
-0.3996 9.942078E-02
-0.3796 9.948278E-02
-0.3596 9.953970E-02
-0.3396 9.959151E-02
-0.3196 9.963808E-02
-0.2996 9.967927E-02
-0.2796 9.971504E-02
-0.2596 9.339193E-02
-0.2396 9.977009E-02
-0.2195 9.690080E-02
-0.1995 9.980285E-02
-0.1795 9.981089E-02
-0.1595 9.981330E-02
-0.1395 9.981018E-02
-0.1195 9.980159E-02
-0.0995 9.978758E-02
-0.0795 9.976821E-02
-0.0595 9.974368E-02
-0.0395 9.971389E-02
-0.0194 9.967913E-02
0.0006 9.963937E-02
0.0206 9.959492E-02
0.0406 9.954578E-02
0.0606 9.191696E-02
0.0806 9.943424E-02
0.1006 9.558625E-02
0.1206 9.930623E-02
0.1406 9.923638E-02
0.1606 9.916312E-02
0.1807 9.908626E-02
0.2007 9.900634E-02
0.2207 9.892338E-02
0.2407 9.883766E-02
0.2607 9.874931E-02
0.2807 9.865856E-02
0.3007 9.856573E-02
0.3207 9.847069E-02
0.3407 9.837401E-02
0.3607 9.827561E-02
0.3808 9.066501E-02
0.4008 9.807484E-02
0.4208 9.402893E-02
0.4408 9.786979E-02
0.4608 9.776616E-02
0.4808 9.766196E-02
0.5008 9.755746E-02
0.5208 9.745267E-02
0.5408 9.734788E-02
0.5608 9.724316E-02
0.5809 9.713871E-02
0.6009 9.703457E-02
0.6209 9.693091E-02
0.6409 9.682788E-02
0.6609 9.672558E-02
0.6809 9.662410E-02
0.7009 8.988394E-02
0.7209 9.642416E-02
0.7409 9.274865E-02
0.7609 9.622869E-02
0.7810 9.613289E-02
0.8010 9.603850E-02
0.8210 9.594557E-02
0.8410 9.585415E-02
0.8610 9.576429E-02
0.8810 9.567608E-02
0.9010 9.558966E-02
0.9210 9.550488E-02
0.9410 9.542191E-02
0.9610 9.534087E-02
0.9811 9.526169E-02
1.0011 9.518445E-02
1.0211 8.965707E-02
1.0411 9.503581E-02
1.0611 9.196874E-02
1.0811 9.489538E-02
1.1011 9.482815E-02
1.1211 9.476314E-02
1.1411 9.470022E-02
1.1611 9.463949E-02
1.1812 9.458083E-02
1.2012 9.452436E-02
1.2212 9.447020E-02
1.2412 9.441815E-02
1.2612 9.436837E-02
1.2812 9.432079E-02
1.3012 9.427551E-02
1.3212 9.423246E-02
1.3412 9.001572E-02
1.3612 9.415319E-02
1.3813 9.176292E-02
1.4013 9.408316E-02
1.4213 9.405163E-02
1.4413 9.402245E-02
1.4613 9.399558E-02
1.4813 9.397103E-02
1.5013 9.394889E-02
1.5213 9.392908E-02
1.5413 9.391162E-02
1.5613 9.389652E-02
1.5814 9.388388E-02
1.6014 9.387356E-02
1.6214 9.386573E-02
1.6414 9.386027E-02
1.6614 9.093555E-02
1.6814 9.385650E-02
1.7014 9.215807E-02
1.7214 9.386244E-02
1.7414 9.386899E-02
1.7614 9.387802E-02
1.7815 9.388948E-02
1.8015 9.390337E-02
1.8215 9.391965E-02
1.8415 9.393838E-02
1.8615 9.395952E-02
1.8815 9.398307E-02
1.9015 9.400898E-02
1.9215 9.403734E-02
1.9415 9.406807E-02
1.9615 9.410112E-02
1.9816 9.225138E-02
2.0016 9.417434E-02
2.0216 9.311587E-02
2.0416 9.425691E-02
2.0616 9.430158E-02
2.0816 9.434850E-02
2.1016 9.439765E-02
2.1216 9.444901E-02
2.1416 9.450247E-02
2.1616 9.455815E-02
2.1817 9.461580E-02
2.2017 9.467543E-02
2.2217 9.473721E-02
2.2417 9.480083E-02
2.2617 9.486636E-02
2.2817 9.493363E-02
2.3017 9.358016E-02
2.3217 9.507350E-02
2.3417 9.444163E-02
2.3617 9.521988E-02
2.3818 9.529526E-02
2.4018 9.537206E-02
2.4218 9.545019E-02
2.4418 9.552957E-02
2.4618 9.560994E-02
2.4818 9.569140E-02
2.5018 9.577379E-02
2.5218 9.585704E-02
2.5418 9.594090E-02
2.5618 9.602541E-02
2.5819 9.611040E-02
2.6019 9.619576E-02
2.6219 9.440679E-02
2.6419 9.636699E-02
2.6619 9.571634E-02
2.6819 9.653815E-02
2.7019 9.662335E-02
2.7219 9.670801E-02
2.7419 9.679229E-02
2.7619 9.687572E-02
2.7820 9.695838E-02
2.8020 9.703995E-02
2.8220 9.712047E-02
2.8420 9.719967E-02
2.8620 9.727748E-02
2.8820 9.735361E-02
2.9020 9.742822E-02
2.9220 9.750086E-02
2.9420 9.442195E-02
2.9620 9.764006E-02
2.9821 9.641763E-02
3.0021 9.777019E-02
3.0221 9.783163E-02
3.0421 9.789044E-02
3.0621 9.794651E-02
3.0821 9.799969E-02
3.1021 9.804995E-02
3.1221 9.809724E-02
3.1421 9.814127E-02
3.1621 9.818223E-02
3.1822 9.821980E-02
3.2022 9.825418E-02
3.2222 9.828500E-02
3.2422 9.831246E-02
3.2622 9.381812E-02
3.2822 9.835696E-02
3.3022 9.628489E-02
3.3222 9.838742E-02
3.3422 9.839728E-02
3.3622 9.840371E-02
3.3823 9.840667E-02
3.4023 9.840613E-02
3.4223 9.840216E-02
3.4423 9.839485E-02
3.4623 9.838422E-02
3.4823 9.837036E-02
3.5023 9.835336E-02
3.5223 9.833333E-02
3.5423 9.831025E-02
3.5623 9.828435E-02
3.5824 9.314392E-02
3.6024 9.822438E-02
3.6224 9.557939E-02
3.6424 9.815426E-02
3.6624 9.811576E-02
3.6824 9.807520E-02
3.7024 9.803256E-02
3.7224 9.798820E-02
3.7424 9.794210E-02
3.7624 9.789449E-02
3.7825 9.784554E-02
3.8025 9.779530E-02
3.8225 9.774412E-02
3.8425 9.769200E-02
3.8625 9.763915E-02
3.8825 9.758571E-02
3.9025 1.168973E-01
3.9225 9.747781E-02
3.9425 9.487768E-02
3.9625 9.736951E-02
3.9826 9.731562E-02
4.0026 9.726211E-02
4.0226 9.720909E-02
4.0426 9.715673E-02
4.0626 9.710517E-02
4.0826 9.705456E-02
4.1026 9.700501E-02
4.1226 9.695664E-02
4.1426 9.690959E-02
4.1626 9.686400E-02
4.1827 9.682000E-02
4.2027 9.677761E-02
4.2227 1.191073E-01
4.2427 9.669840E-02
4.2627 1.193824E-01
