-36.4917 5.488928E-04
-36.4717 5.499086E-04
-36.4517 5.509273E-04
-36.4317 5.519487E-04
-36.4117 5.529733E-04
-36.3916 5.540011E-04
-36.3716 5.550317E-04
-36.3516 5.560656E-04
-36.3316 5.571023E-04
-36.3116 5.581423E-04
-36.2916 5.591852E-04
-36.2716 5.602313E-04
-36.2516 5.612805E-04
-36.2316 5.623330E-04
-36.2116 5.633887E-04
-36.1915 5.644474E-04
-36.1715 5.655092E-04
-36.1515 5.665741E-04
-36.1315 5.676428E-04
-36.1115 5.687139E-04
-36.0915 5.697887E-04
-36.0715 5.708668E-04
-36.0515 5.719479E-04
-36.0315 5.730325E-04
-36.0115 5.741201E-04
-35.9914 5.752110E-04
-35.9714 5.763052E-04
-35.9514 5.774031E-04
-35.9314 5.785042E-04
-35.9114 5.796085E-04
-35.8914 5.807163E-04
-35.8714 5.818274E-04
-35.8514 5.829416E-04
-35.8314 5.840596E-04
-35.8114 5.851808E-04
-35.7913 5.863059E-04
-35.7713 5.874336E-04
-35.7513 5.885657E-04
-35.7313 5.897003E-04
-35.7113 5.908391E-04
-35.6913 5.919812E-04
-35.6713 5.931270E-04
-35.6513 5.942759E-04
-35.6313 5.954285E-04
-35.6113 5.965847E-04
-35.5912 5.977449E-04
-35.5712 5.989084E-04
-35.5512 6.000754E-04
-35.5312 6.012460E-04
-35.5112 6.024202E-04
-35.4912 6.035984E-04
-35.4712 6.047796E-04
-35.4512 6.059651E-04
-35.4312 6.071539E-04
-35.4112 6.083466E-04
-35.3911 6.095434E-04
-35.3711 6.107434E-04
-35.3511 6.119476E-04
-35.3311 6.131551E-04
-35.3111 6.143668E-04
-35.2911 6.155823E-04
-35.2711 6.168010E-04
-35.2511 6.180242E-04
-35.2311 6.192511E-04
-35.2111 6.204820E-04
-35.1910 6.217169E-04
-35.1710 6.229550E-04
-35.1510 6.241976E-04
-35.1310 6.254444E-04
-35.1110 6.266945E-04
-35.0910 6.279487E-04
-35.0710 6.292075E-04
-35.0510 6.304699E-04
-35.0310 6.317364E-04
-35.0110 6.330063E-04
-34.9909 6.342812E-04
-34.9709 6.355597E-04
-34.9509 6.368424E-04
-34.9309 6.381294E-04
-34.9109 6.394206E-04
-34.8909 6.407157E-04
-34.8709 6.420145E-04
-34.8509 6.433184E-04
-34.8309 6.446261E-04
-34.8109 6.459378E-04
-34.7908 6.472539E-04
-34.7708 6.485746E-04
-34.7508 6.498992E-04
-34.7308 6.512284E-04
-34.7108 6.525618E-04
-34.6908 6.538993E-04
-34.6708 6.552414E-04
-34.6508 6.565878E-04
-34.6308 6.579390E-04
-34.6108 6.592944E-04
-34.5907 6.606541E-04
-34.5707 6.620182E-04
-34.5507 6.633865E-04
-34.5307 6.647599E-04
-34.5107 6.661373E-04
-34.4907 6.675198E-04
-34.4707 6.689066E-04
-34.4507 6.702976E-04
-34.4307 6.716937E-04
-34.4107 6.730941E-04
-34.3906 6.744996E-04
-34.3706 6.759092E-04
-34.3506 6.773239E-04
-34.3306 6.787428E-04
-34.3106 6.801673E-04
-34.2906 6.815961E-04
-34.2706 6.830293E-04
-34.2506 6.844675E-04
-34.2306 6.859105E-04
-34.2106 6.873585E-04
-34.1905 6.888113E-04
-34.1705 6.902687E-04
-34.1505 6.917315E-04
-34.1305 6.931992E-04
-34.1105 6.946713E-04
-34.0905 6.961487E-04
-34.0705 6.976313E-04
-34.0505 6.991184E-04
-34.0305 7.006112E-04
-34.0105 7.021087E-04
-33.9904 7.036109E-04
-33.9704 7.051186E-04
-33.9504 7.066316E-04
-33.9304 7.081496E-04
-33.9104 7.096726E-04
-33.8904 7.112006E-04
-33.8704 7.127347E-04
-33.8504 7.142732E-04
-33.8304 7.158177E-04
-33.8104 7.173671E-04
-33.7903 7.189215E-04
-33.7703 7.204814E-04
-33.7503 7.220471E-04
-33.7303 7.236181E-04
-33.7103 7.251943E-04
-33.6903 7.267760E-04
-33.6703 7.283627E-04
-33.6503 7.299557E-04
-33.6303 7.315539E-04
-33.6103 7.331574E-04
-33.5902 7.347669E-04
-33.5702 7.363819E-04
-33.5502 7.380022E-04
-33.5302 7.396282E-04
-33.5102 7.412601E-04
-33.4902 7.428977E-04
-33.4702 7.445416E-04
-33.4502 7.461907E-04
-33.4302 7.478451E-04
-33.4102 7.495058E-04
-33.3901 7.511729E-04
-33.3701 7.528453E-04
-33.3501 7.545231E-04
-33.3301 7.562073E-04
-33.3101 7.578982E-04
-33.2901 7.595938E-04
-33.2701 7.612967E-04
-33.2501 7.630047E-04
-33.2301 7.647190E-04
-33.2101 7.664392E-04
-33.1900 7.681662E-04
-33.1700 7.698991E-04
-33.1500 7.716380E-04
-33.1300 7.733828E-04
-33.1100 7.751344E-04
-33.0900 7.768925E-04
-33.0700 7.786561E-04
-33.0500 7.804263E-04
-33.0300 7.822036E-04
-33.0100 7.839864E-04
-32.9899 7.857765E-04
-32.9699 7.875722E-04
-32.9499 7.893749E-04
-32.9299 7.911838E-04
-32.9099 7.929995E-04
-32.8899 7.948219E-04
-32.8699 7.966510E-04
-32.8499 7.984866E-04
-32.8299 8.003284E-04
-32.8099 8.021777E-04
-32.7898 8.040334E-04
-32.7698 8.058961E-04
-32.7498 8.077650E-04
-32.7298 8.096418E-04
-32.7098 8.115244E-04
-32.6898 8.134146E-04
-32.6698 8.153119E-04
-32.6498 8.172161E-04
-32.6298 8.191269E-04
-32.6098 8.210455E-04
-32.5897 8.229705E-04
-32.5697 8.249034E-04
-32.5497 8.268425E-04
-32.5297 8.287896E-04
-32.5097 8.307437E-04
-32.4897 8.327049E-04
-32.4697 8.346734E-04
-32.4497 8.366495E-04
-32.4297 8.386330E-04
-32.4097 8.406242E-04
-32.3896 8.426223E-04
-32.3696 8.446284E-04
-32.3496 8.466415E-04
-32.3296 8.486628E-04
-32.3096 8.506917E-04
-32.2896 8.527275E-04
-32.2696 8.547716E-04
-32.2496 8.568238E-04
-32.2296 8.588834E-04
-32.2096 8.609509E-04
-32.1895 8.630257E-04
-32.1695 8.651088E-04
-32.1495 8.672004E-04
-32.1295 8.692993E-04
-32.1095 8.714064E-04
-32.0895 8.735217E-04
-32.0695 8.756449E-04
-32.0495 8.777766E-04
-32.0295 8.799161E-04
-32.0095 8.820642E-04
-31.9894 8.842205E-04
-31.9694 8.863851E-04
-31.9494 8.885579E-04
-31.9294 8.907391E-04
-31.9094 8.929289E-04
-31.8894 8.951277E-04
-31.8694 8.973342E-04
-31.8494 8.995497E-04
-31.8294 9.017736E-04
-31.8094 9.040064E-04
-31.7893 9.062481E-04
-31.7693 9.084981E-04
-31.7493 9.107579E-04
-31.7293 9.130255E-04
-31.7093 9.153028E-04
-31.6893 9.175887E-04
-31.6693 9.198832E-04
-31.6493 9.221869E-04
-31.6293 9.245003E-04
-31.6093 9.268223E-04
-31.5892 9.291538E-04
-31.5692 9.314945E-04
-31.5492 9.338447E-04
-31.5292 9.362041E-04
-31.5092 9.385728E-04
-31.4892 9.409511E-04
-31.4692 9.433387E-04
-31.4492 9.457362E-04
-31.4292 9.481430E-04
-31.4092 9.505596E-04
-31.3891 9.529856E-04
-31.3691 9.554218E-04
-31.3491 9.578679E-04
-31.3291 9.603235E-04
-31.3091 9.627892E-04
-31.2891 9.652649E-04
-31.2691 9.677508E-04
-31.2491 9.702467E-04
-31.2291 9.727526E-04
-31.2091 9.752685E-04
-31.1890 9.777951E-04
-31.1690 9.803317E-04
-31.1490 9.828791E-04
-31.1290 9.854366E-04
-31.1090 9.880047E-04
-31.0890 9.905833E-04
-31.0690 9.931728E-04
-31.0490 9.957728E-04
-31.0290 9.983834E-04
-31.0090 1.001005E-03
-30.9889 1.003637E-03
-30.9689 1.006280E-03
-30.9489 1.008934E-03
-30.9289 1.011600E-03
-30.9089 1.014276E-03
-30.8889 1.016963E-03
-30.8689 1.019662E-03
-30.8489 1.022372E-03
-30.8289 1.025093E-03
-30.8089 1.027826E-03
-30.7888 1.030570E-03
-30.7688 1.033326E-03
-30.7488 1.036093E-03
-30.7288 1.038872E-03
-30.7088 1.041663E-03
-30.6888 1.044466E-03
-30.6688 1.047280E-03
-30.6488 1.050107E-03
-30.6288 1.052945E-03
-30.6088 1.055796E-03
-30.5887 1.058658E-03
-30.5687 1.061533E-03
-30.5487 1.064420E-03
-30.5287 1.067320E-03
-30.5087 1.070232E-03
-30.4887 1.073156E-03
-30.4687 1.076093E-03
-30.4487 1.079043E-03
-30.4287 1.082006E-03
-30.4087 1.084981E-03
-30.3886 1.087969E-03
-30.3686 1.090970E-03
-30.3486 1.093984E-03
-30.3286 1.097011E-03
-30.3086 1.100051E-03
-30.2886 1.103105E-03
-30.2686 1.106172E-03
-30.2486 1.109252E-03
-30.2286 1.112346E-03
-30.2086 1.115454E-03
-30.1885 1.118575E-03
-30.1685 1.121710E-03
-30.1485 1.124858E-03
-30.1285 1.128021E-03
-30.1085 1.131197E-03
-30.0885 1.134388E-03
-30.0685 1.137593E-03
-30.0485 1.140812E-03
-30.0285 1.144046E-03
-30.0085 1.147293E-03
-29.9884 1.150555E-03
-29.9684 1.153832E-03
-29.9484 1.157124E-03
-29.9284 1.160430E-03
-29.9084 1.163751E-03
-29.8884 1.167087E-03
-29.8684 1.170438E-03
-29.8484 1.173804E-03
-29.8284 1.177186E-03
-29.8084 1.180583E-03
-29.7883 1.183995E-03
-29.7683 1.187422E-03
-29.7483 1.190866E-03
-29.7283 1.194324E-03
-29.7083 1.197799E-03
-29.6883 1.201290E-03
-29.6683 1.204796E-03
-29.6483 1.208319E-03
-29.6283 1.211858E-03
-29.6083 1.215413E-03
-29.5882 1.218984E-03
-29.5682 1.222573E-03
-29.5482 1.226177E-03
-29.5282 1.229798E-03
-29.5082 1.233436E-03
-29.4882 1.237091E-03
-29.4682 1.240763E-03
-29.4482 1.244452E-03
-29.4282 1.248158E-03
-29.4082 1.251881E-03
-29.3881 1.255623E-03
-29.3681 1.259381E-03
-29.3481 1.263157E-03
-29.3281 1.266952E-03
-29.3081 1.270763E-03
-29.2881 1.274593E-03
-29.2681 1.278441E-03
-29.2481 1.282307E-03
-29.2281 1.286192E-03
-29.2081 1.290095E-03
-29.1880 1.294017E-03
-29.1680 1.297957E-03
-29.1480 1.301916E-03
-29.1280 1.305894E-03
-29.1080 1.309891E-03
-29.0880 1.313908E-03
-29.0680 1.317943E-03
-29.0480 1.321998E-03
-29.0280 1.326073E-03
-29.0080 1.330167E-03
-28.9879 1.334281E-03
-28.9679 1.338416E-03
-28.9479 1.342570E-03
-28.9279 1.346744E-03
-28.9079 1.350939E-03
-28.8879 1.355155E-03
-28.8679 1.359390E-03
-28.8479 1.363647E-03
-28.8279 1.367925E-03
-28.8079 1.372223E-03
-28.7878 1.376542E-03
-28.7678 1.380884E-03
-28.7478 1.385247E-03
-28.7278 1.389630E-03
-28.7078 1.394036E-03
-28.6878 1.398464E-03
-28.6678 1.402914E-03
-28.6478 1.407386E-03
-28.6278 1.411880E-03
-28.6078 1.416397E-03
-28.5877 1.420937E-03
-28.5677 1.425498E-03
-28.5477 1.430083E-03
-28.5277 1.434692E-03
-28.5077 1.439323E-03
-28.4877 1.443978E-03
-28.4677 1.448656E-03
-28.4477 1.453359E-03
-28.4277 1.458085E-03
-28.4077 1.462835E-03
-28.3876 1.467610E-03
-28.3676 1.472408E-03
-28.3476 1.477232E-03
-28.3276 1.482080E-03
-28.3076 1.486953E-03
-28.2876 1.491851E-03
-28.2676 1.496774E-03
-28.2476 1.501723E-03
-28.2276 1.506697E-03
-28.2076 1.511698E-03
-28.1875 1.516723E-03
-28.1675 1.521775E-03
-28.1475 1.526854E-03
-28.1275 1.531959E-03
-28.1075 1.537091E-03
-28.0875 1.542250E-03
-28.0675 1.547436E-03
-28.0475 1.552649E-03
-28.0275 1.557889E-03
-28.0075 1.563158E-03
-27.9874 1.568453E-03
-27.9674 1.573777E-03
-27.9474 1.579129E-03
-27.9274 1.584510E-03
-27.9074 1.589921E-03
-27.8874 1.595358E-03
-27.8674 1.600826E-03
-27.8474 1.606323E-03
-27.8274 1.611849E-03
-27.8074 1.617405E-03
-27.7873 1.622991E-03
-27.7673 1.628607E-03
-27.7473 1.634254E-03
-27.7273 1.639931E-03
-27.7073 1.645639E-03
-27.6873 1.651378E-03
-27.6673 1.657148E-03
-27.6473 1.662950E-03
-27.6273 1.668783E-03
-27.6073 1.674648E-03
-27.5872 1.680545E-03
-27.5672 1.686476E-03
-27.5472 1.692438E-03
-27.5272 1.698434E-03
-27.5072 1.704463E-03
-27.4872 1.710525E-03
-27.4672 1.716621E-03
-27.4472 1.722751E-03
-27.4272 1.728915E-03
-27.4072 1.735114E-03
-27.3871 1.741347E-03
-27.3671 1.747616E-03
-27.3471 1.753919E-03
-27.3271 1.760258E-03
-27.3071 1.766632E-03
-27.2871 1.773042E-03
-27.2671 1.779490E-03
-27.2471 1.785974E-03
-27.2271 1.792494E-03
-27.2071 1.799052E-03
-27.1870 1.805646E-03
-27.1670 1.812280E-03
-27.1470 1.818951E-03
-27.1270 1.825660E-03
-27.1070 1.832408E-03
-27.0870 1.839194E-03
-27.0670 1.846020E-03
-27.0470 1.852885E-03
-27.0270 1.859791E-03
-27.0070 1.866737E-03
-26.9869 1.873722E-03
-26.9669 1.880748E-03
-26.9469 1.887816E-03
-26.9269 1.894925E-03
-26.9069 1.902077E-03
-26.8869 1.909269E-03
-26.8669 1.916504E-03
-26.8469 1.923782E-03
-26.8269 1.931104E-03
-26.8069 1.938468E-03
-26.7868 1.945877E-03
-26.7668 1.953330E-03
-26.7468 1.960827E-03
-26.7268 1.968369E-03
-26.7068 1.975956E-03
-26.6868 1.983589E-03
-26.6668 1.991267E-03
-26.6468 1.998993E-03
-26.6268 2.006764E-03
-26.6068 2.014583E-03
-26.5867 2.022448E-03
-26.5667 2.030364E-03
-26.5467 2.038326E-03
-26.5267 2.046336E-03
-26.5067 2.054397E-03
-26.4867 2.062506E-03
-26.4667 2.070666E-03
-26.4467 2.078875E-03
-26.4267 2.087137E-03
-26.4067 2.095447E-03
-26.3866 2.103810E-03
-26.3666 2.112225E-03
-26.3466 2.120694E-03
-26.3266 2.129213E-03
-26.3066 2.137787E-03
-26.2866 2.146416E-03
-26.2666 2.155096E-03
-26.2466 2.163832E-03
-26.2266 2.172625E-03
-26.2066 2.181471E-03
-26.1865 2.190374E-03
-26.1665 2.199334E-03
-26.1465 2.208352E-03
-26.1265 2.217426E-03
-26.1065 2.226557E-03
-26.0865 2.235748E-03
-26.0665 2.244997E-03
-26.0465 2.254307E-03
-26.0265 2.263677E-03
-26.0065 2.273107E-03
-25.9864 2.282598E-03
-25.9664 2.292150E-03
-25.9464 2.301766E-03
-25.9264 2.311444E-03
-25.9064 2.321185E-03
-25.8864 2.330989E-03
-25.8664 2.340859E-03
-25.8464 2.350793E-03
-25.8264 2.360793E-03
-25.8064 2.370860E-03
-25.7863 2.380992E-03
-25.7663 2.391193E-03
-25.7463 2.401460E-03
-25.7263 2.411797E-03
-25.7063 2.422203E-03
-25.6863 2.432679E-03
-25.6663 2.443225E-03
-25.6463 2.453842E-03
-25.6263 2.464529E-03
-25.6063 2.475292E-03
-25.5862 2.486127E-03
-25.5662 2.497035E-03
-25.5462 2.508017E-03
-25.5262 2.519074E-03
-25.5062 2.530208E-03
-25.4862 2.541418E-03
-25.4662 2.552703E-03
-25.4462 2.564068E-03
-25.4262 2.575512E-03
-25.4062 2.587034E-03
-25.3861 2.598637E-03
-25.3661 2.610322E-03
-25.3461 2.622087E-03
-25.3261 2.633933E-03
-25.3061 2.645866E-03
-25.2861 2.657877E-03
-25.2661 2.669979E-03
-25.2461 2.682164E-03
-25.2261 2.694434E-03
-25.2061 2.706795E-03
-25.1860 2.719239E-03
-25.1660 2.731777E-03
-25.1460 2.744402E-03
-25.1260 2.757118E-03
-25.1060 2.769925E-03
-25.0860 2.782825E-03
-25.0660 2.795816E-03
-25.0460 2.808903E-03
-25.0260 2.822085E-03
-25.0060 2.835366E-03
-24.9859 2.848741E-03
-24.9659 2.862215E-03
-24.9459 2.875785E-03
-24.9259 2.889457E-03
-24.9059 2.903232E-03
-24.8859 2.917104E-03
-24.8659 2.931082E-03
-24.8459 2.945164E-03
-24.8259 2.959350E-03
-24.8059 2.973643E-03
-24.7858 2.988044E-03
-24.7658 3.002551E-03
-24.7458 3.017168E-03
-24.7258 3.031896E-03
-24.7058 3.046738E-03
-24.6858 3.061689E-03
-24.6658 3.076756E-03
-24.6458 3.091934E-03
-24.6258 3.107231E-03
-24.6058 3.122645E-03
-24.5857 3.138179E-03
-24.5657 3.153831E-03
-24.5457 3.169605E-03
-24.5257 3.185501E-03
-24.5057 3.201524E-03
-24.4857 3.217667E-03
-24.4657 3.233938E-03
-24.4457 3.250335E-03
-24.4257 3.266864E-03
-24.4057 3.283521E-03
-24.3856 3.300313E-03
-24.3656 3.317232E-03
-24.3456 3.334289E-03
-24.3256 3.351482E-03
-24.3056 3.368813E-03
-24.2856 3.386286E-03
-24.2656 3.403893E-03
-24.2456 3.421645E-03
-24.2256 3.439538E-03
-24.2056 3.457580E-03
-24.1855 3.475767E-03
-24.1655 3.494102E-03
-24.1455 3.512588E-03
-24.1255 3.531224E-03
-24.1055 3.550013E-03
-24.0855 3.568957E-03
-24.0655 3.588060E-03
-24.0455 3.607322E-03
-24.0255 3.626741E-03
-24.0055 3.646323E-03
-23.9854 3.666070E-03
-23.9654 3.685979E-03
-23.9454 3.706061E-03
-23.9254 3.726309E-03
-23.9054 3.746729E-03
-23.8854 3.767320E-03
-23.8654 3.788091E-03
-23.8454 3.809036E-03
-23.8254 3.830161E-03
-23.8054 3.851469E-03
-23.7853 3.872957E-03
-23.7653 3.894636E-03
-23.7453 3.916499E-03
-23.7253 3.938554E-03
-23.7053 3.960795E-03
-23.6853 3.983240E-03
-23.6653 4.005874E-03
-23.6453 4.028711E-03
-23.6253 4.051750E-03
-23.6053 4.074997E-03
-23.5852 4.098449E-03
-23.5652 4.122105E-03
-23.5452 4.145974E-03
-23.5252 4.170058E-03
-23.5052 4.194360E-03
-23.4852 4.218875E-03
-23.4652 4.243622E-03
-23.4452 4.268587E-03
-23.4252 4.293781E-03
-23.4052 4.319206E-03
-23.3851 4.344865E-03
-23.3651 4.370755E-03
-23.3451 4.396882E-03
-23.3251 4.423255E-03
-23.3051 4.449874E-03
-23.2851 4.476745E-03
-23.2651 4.503865E-03
-23.2451 4.531234E-03
-23.2251 4.558859E-03
-23.2051 4.586749E-03
-23.1850 4.614904E-03
-23.1650 4.643331E-03
-23.1450 4.672027E-03
-23.1250 4.700991E-03
-23.1050 4.730234E-03
-23.0850 4.759758E-03
-23.0650 4.789573E-03
-23.0450 4.819677E-03
-23.0250 4.850062E-03
-23.0050 4.880761E-03
-22.9849 4.911749E-03
-22.9649 4.943041E-03
-22.9449 4.974645E-03
-22.9249 5.006567E-03
-22.9049 5.038803E-03
-22.8849 5.071353E-03
-22.8649 5.104227E-03
-22.8449 5.137449E-03
-22.8249 5.170993E-03
-22.8049 5.204878E-03
-22.7848 5.239094E-03
-22.7648 5.273678E-03
-22.7448 5.308598E-03
-22.7248 5.343896E-03
-22.7048 5.379544E-03
-22.6848 5.415561E-03
-22.6648 5.451954E-03
-22.6448 5.488711E-03
-22.6248 5.525869E-03
-22.6048 5.563422E-03
-22.5847 5.601355E-03
-22.5647 5.639686E-03
-22.5447 5.678428E-03
-22.5247 5.717585E-03
-22.5047 5.757165E-03
-22.4847 5.797167E-03
-22.4647 5.837583E-03
-22.4447 5.878440E-03
-22.4247 5.919762E-03
-22.4047 5.961514E-03
-22.3846 6.003726E-03
-22.3646 6.046401E-03
-22.3446 6.089549E-03
-22.3246 6.133155E-03
-22.3046 6.177270E-03
-22.2846 6.221854E-03
-22.2646 6.266942E-03
-22.2446 6.312561E-03
-22.2246 6.358672E-03
-22.2046 6.405307E-03
-22.1845 6.452452E-03
-22.1645 6.500158E-03
-22.1445 6.548418E-03
-22.1245 6.597206E-03
-22.1045 6.646563E-03
-22.0845 6.696520E-03
-22.0645 6.747032E-03
-22.0445 6.798139E-03
-22.0245 6.849849E-03
-22.0045 6.902141E-03
-21.9844 6.955088E-03
-21.9644 7.008633E-03
-21.9444 7.062852E-03
-21.9244 7.117690E-03
-21.9044 7.173195E-03
-21.8844 7.229405E-03
-21.8644 7.286267E-03
-21.8444 7.343793E-03
-21.8244 7.402057E-03
-21.8044 7.461041E-03
-21.7843 7.520761E-03
-21.7643 7.581185E-03
-21.7443 7.642368E-03
-21.7243 7.704355E-03
-21.7043 7.767089E-03
-21.6843 7.830613E-03
-21.6643 7.894950E-03
-21.6443 7.960113E-03
-21.6243 8.026109E-03
-21.6043 8.092916E-03
-21.5842 8.160635E-03
-21.5642 8.229187E-03
-21.5442 8.298685E-03
-21.5242 8.369047E-03
-21.5042 8.440342E-03
-21.4842 8.512583E-03
-21.4642 8.585785E-03
-21.4442 8.659970E-03
-21.4242 8.735151E-03
-21.4042 8.811351E-03
-21.3841 8.888591E-03
-21.3641 8.966825E-03
-21.3441 9.046193E-03
-21.3241 9.126593E-03
-21.3041 9.208112E-03
-21.2841 9.290824E-03
-21.2641 9.374634E-03
-21.2441 9.459622E-03
-21.2241 9.545812E-03
-21.2041 9.633224E-03
-21.1840 9.721819E-03
-21.1640 9.811752E-03
-21.1440 9.902982E-03
-21.1240 9.995469E-03
-21.1040 1.008937E-02
-21.0840 1.018458E-02
-21.0640 1.028126E-02
-21.0440 1.037930E-02
-21.0240 1.047880E-02
-21.0040 1.057978E-02
-20.9839 1.068229E-02
-20.9639 1.078634E-02
-20.9439 1.089199E-02
-20.9239 1.099924E-02
-20.9039 1.110805E-02
-20.8839 1.121863E-02
-20.8639 1.133085E-02
-20.8439 1.144491E-02
-20.8239 1.156067E-02
-20.8039 1.167836E-02
-20.7838 1.179781E-02
-20.7638 1.191917E-02
-20.7438 1.204249E-02
-20.7238 1.216781E-02
-20.7038 1.229516E-02
-20.6838 1.242459E-02
-20.6638 1.255616E-02
-20.6438 1.268992E-02
-20.6238 1.282576E-02
-20.6038 1.296402E-02
-20.5837 1.310462E-02
-20.5637 1.324745E-02
-20.5437 1.339273E-02
-20.5237 1.354065E-02
-20.5037 1.369098E-02
-20.4837 1.384392E-02
-20.4637 1.399971E-02
-20.4437 1.415808E-02
-20.4237 1.431926E-02
-20.4037 1.448331E-02
-20.3836 1.465032E-02
-20.3636 1.482034E-02
-20.3436 1.499327E-02
-20.3236 1.516957E-02
-20.3036 1.534912E-02
-20.2836 1.553180E-02
-20.2636 1.571811E-02
-20.2436 1.590772E-02
-20.2236 1.610114E-02
-20.2036 1.629803E-02
-20.1835 1.649896E-02
-20.1635 1.670352E-02
-20.1435 1.691209E-02
-20.1235 1.712474E-02
-20.1035 1.734189E-02
-20.0835 1.756310E-02
-20.0635 1.778875E-02
-20.0435 1.801898E-02
-20.0235 1.825390E-02
-20.0035 1.849333E-02
-19.9834 1.873806E-02
-19.9634 1.898788E-02
-19.9434 1.924298E-02
-19.9234 1.950312E-02
-19.9034 1.976920E-02
-19.8834 2.004102E-02
-19.8634 2.031835E-02
-19.8434 2.060218E-02
-19.8234 2.089185E-02
-19.8034 2.118797E-02
-19.7833 2.149120E-02
-19.7633 2.180084E-02
-19.7433 2.211756E-02
-19.7233 2.244209E-02
-19.7033 2.277366E-02
-19.6833 2.311301E-02
-19.6633 2.346039E-02
-19.6433 2.381609E-02
-19.6233 2.418035E-02
-19.6033 2.455349E-02
-19.5832 2.493580E-02
-19.5632 2.532761E-02
-19.5432 2.572924E-02
-19.5232 2.614104E-02
-19.5032 2.656259E-02
-19.4832 2.699580E-02
-19.4632 2.744032E-02
-19.4432 2.789567E-02
-19.4232 2.836402E-02
-19.4032 2.884501E-02
-19.3831 2.933808E-02
-19.3631 2.984570E-02
-19.3431 3.036636E-02
-19.3231 3.090274E-02
-19.3031 3.145319E-02
-19.2831 3.202066E-02
-19.2631 3.260334E-02
-19.2431 3.320447E-02
-19.2231 3.382217E-02
-19.2031 3.445840E-02
-19.1830 3.511551E-02
-19.1630 3.579140E-02
-19.1430 3.648831E-02
-19.1230 3.720724E-02
-19.1030 3.795101E-02
-19.0830 3.871719E-02
-19.0630 3.950843E-02
-19.0430 4.032606E-02
-19.0230 4.117129E-02
-19.0030 4.204547E-02
-18.9829 4.295001E-02
-18.9629 4.388909E-02
-18.9429 4.485918E-02
-18.9229 4.586465E-02
-18.9029 4.690714E-02
-18.8829 4.798858E-02
-18.8629 4.911121E-02
-18.8429 5.027738E-02
-18.8229 5.148935E-02
-18.8029 5.274987E-02
-18.7828 5.406170E-02
-18.7628 5.542788E-02
-18.7428 5.685150E-02
-18.7228 5.833654E-02
-18.7028 5.988643E-02
-18.6828 6.150551E-02
-18.6628 6.319844E-02
-18.6428 6.496978E-02
-18.6228 6.682523E-02
-18.6028 6.877053E-02
-18.5827 7.081180E-02
-18.5627 7.295666E-02
-18.5427 7.521249E-02
-18.5227 7.758772E-02
-18.5027 8.009208E-02
-18.4827 8.273595E-02
-18.4627 8.553055E-02
-18.4427 8.848905E-02
-18.4227 9.162538E-02
-18.4027 9.497326E-02
-18.3826 9.851845E-02
-18.3626 1.022967E-01
-18.3426 1.063318E-01
-18.3226 1.106708E-01
-18.3026 1.153059E-01
-18.2826 1.202879E-01
-18.2626 1.256852E-01
-18.2426 1.314946E-01
-18.2226 1.377919E-01
-18.2026 1.446840E-01
-18.1825 1.522107E-01
-18.1625 1.604285E-01
-18.1425 1.695277E-01
-18.1225 1.795971E-01
-18.1025 1.907510E-01
-18.0825 2.033139E-01
-18.0625 2.174813E-01
-18.0425 2.335815E-01
-18.0225 2.520602E-01
-18.0025 2.734612E-01
-17.9824 2.987183E-01
-17.9624 3.285733E-01
-17.9424 3.646073E-01
-17.9224 4.092472E-01
-17.9024 4.654204E-01
-17.8824 5.375889E-01
-17.8624 6.338313E-01
-17.8424 7.652634E-01
-17.8224 9.484483E-01
-17.8024 1.199688E+00
-17.7823 1.508906E+00
-17.7623 1.791354E+00
-17.7423 1.956405E+00
-17.7223 2.080203E+00
-17.7023 2.319592E+00
-17.6823 2.699113E+00
-17.6623 3.042170E+00
-17.6423 3.084873E+00
-17.6223 2.845060E+00
-17.6023 2.571988E+00
-17.5822 2.452984E+00
-17.5622 2.563428E+00
-17.5422 2.917132E+00
-17.5222 3.469034E+00
-17.5022 4.041023E+00
-17.4822 4.394273E+00
-17.4622 4.419702E+00
-17.4422 4.177975E+00
-17.4222 3.893966E+00
-17.4022 3.806126E+00
-17.3821 3.979043E+00
-17.3621 4.398768E+00
-17.3421 4.951868E+00
-17.3221 5.366112E+00
-17.3021 5.401596E+00
-17.2821 5.124550E+00
-17.2621 4.677050E+00
-17.2421 4.184913E+00
-17.2221 3.800101E+00
-17.2021 3.589880E+00
-17.1820 3.559287E+00
-17.1620 3.585854E+00
-17.1420 3.558428E+00
-17.1220 3.455626E+00
-17.1020 3.391172E+00
-17.0820 3.397454E+00
-17.0620 3.559071E+00
-17.0420 3.871148E+00
-17.0220 4.269076E+00
-17.0020 4.642673E+00
-16.9819 4.827602E+00
-16.9619 4.723833E+00
-16.9419 4.635160E+00
-16.9219 4.432433E+00
-16.9019 4.304193E+00
-16.8819 4.245738E+00
-16.8619 4.275518E+00
-16.8419 4.360880E+00
-16.8219 4.421860E+00
-16.8019 4.495853E+00
-16.7818 4.700598E+00
-16.7618 5.005523E+00
-16.7418 5.139584E+00
-16.7218 4.856206E+00
-16.7018 4.373844E+00
-16.6818 4.058021E+00
-16.6618 4.054169E+00
-16.6418 4.354898E+00
-16.6218 4.828375E+00
-16.6018 5.248803E+00
-16.5817 5.525188E+00
-16.5617 5.826823E+00
-16.5417 6.336789E+00
-16.5217 6.946588E+00
-16.5017 7.313615E+00
-16.4817 7.251504E+00
-16.4617 6.811178E+00
-16.4417 6.152588E+00
-16.4217 5.520605E+00
-16.4017 5.097755E+00
-16.3816 4.917449E+00
-16.3616 4.926554E+00
-16.3416 5.061910E+00
-16.3216 5.190555E+00
-16.3016 5.150748E+00
-16.2816 4.947559E+00
-16.2616 4.753353E+00
-16.2416 4.741446E+00
-16.2216 4.916760E+00
-16.2016 5.055103E+00
-16.1815 4.886228E+00
-16.1615 4.412759E+00
-16.1415 3.920895E+00
-16.1215 3.636856E+00
-16.1015 3.581137E+00
-16.0815 3.667475E+00
-16.0615 3.854194E+00
-16.0415 4.159653E+00
-16.0215 4.612361E+00
-16.0015 5.209425E+00
-15.9814 5.841238E+00
-15.9614 6.346828E+00
-15.9414 6.610739E+00
-15.9214 6.591981E+00
-15.9014 6.370956E+00
-15.8814 6.148232E+00
-15.8614 5.842268E+00
-15.8414 5.109465E+00
-15.8214 4.054109E+00
-15.8014 3.081358E+00
-15.7813 2.355082E+00
-15.7613 1.846199E+00
-15.7413 1.489088E+00
-15.7213 1.233177E+00
-15.7013 1.044413E+00
-15.6813 9.013408E-01
-15.6613 7.899312E-01
-15.6413 7.013903E-01
-15.6213 6.297429E-01
-15.6013 5.706367E-01
-15.5812 5.213455E-01
-15.5612 4.796101E-01
-15.5412 4.439007E-01
-15.5212 4.130663E-01
-15.5012 3.861824E-01
-15.4812 3.625958E-01
-15.4612 3.417115E-01
-15.4412 3.231369E-01
-15.4212 3.064843E-01
-15.4012 2.914986E-01
-15.3811 2.779555E-01
-15.3611 2.656452E-01
-15.3411 2.544047E-01
-15.3211 2.441082E-01
-15.3011 2.346470E-01
-15.2811 2.259097E-01
-15.2611 2.178169E-01
-15.2411 2.103074E-01
-15.2211 2.033135E-01
-15.2011 1.967781E-01
-15.1810 1.906649E-01
-15.1610 1.849263E-01
-15.1410 1.795224E-01
-15.1210 1.744338E-01
-15.1010 1.696216E-01
-15.0810 1.650700E-01
-15.0610 1.607551E-01
-15.0410 1.566540E-01
-15.0210 1.527556E-01
-15.0010 1.490376E-01
-14.9809 1.454928E-01
-14.9609 1.421052E-01
-14.9409 1.388659E-01
-14.9209 1.357643E-01
-14.9009 1.327923E-01
-14.8809 1.299414E-01
-14.8609 1.272027E-01
-14.8409 1.245727E-01
-14.8209 1.220410E-01
-14.8009 1.196049E-01
-14.7808 1.172607E-01
-14.7608 1.150009E-01
-14.7408 1.128226E-01
-14.7208 1.107219E-01
-14.7008 1.086927E-01
-14.6808 1.067364E-01
-14.6608 1.048461E-01
-14.6408 1.030202E-01
-14.6208 1.012549E-01
-14.6008 9.954840E-02
-14.5807 9.789851E-02
-14.5607 9.630278E-02
-14.5407 9.475751E-02
-14.5207 9.326362E-02
-14.5007 9.181708E-02
-14.4807 9.041595E-02
-14.4607 8.905915E-02
-14.4407 8.774511E-02
-14.4207 8.647154E-02
-14.4007 8.523823E-02
-14.3806 8.404226E-02
-14.3606 8.288249E-02
-14.3406 8.175854E-02
-14.3206 8.066778E-02
-14.3006 7.961036E-02
-14.2806 7.858403E-02
-14.2606 7.758827E-02
-14.2406 7.662204E-02
-14.2206 7.568370E-02
-14.2006 7.477318E-02
-14.1805 7.388878E-02
-14.1605 7.302990E-02
-14.1405 7.219485E-02
-14.1205 7.138412E-02
-14.1005 7.059624E-02
-14.0805 6.983073E-02
-14.0605 6.908599E-02
-14.0405 6.836211E-02
-14.0205 6.765856E-02
-14.0005 6.697425E-02
-13.9804 6.630842E-02
-13.9604 6.566078E-02
-13.9404 6.503086E-02
-13.9204 6.441763E-02
-13.9004 6.382112E-02
-13.8804 6.324050E-02
-13.8604 6.267542E-02
-13.8404 6.212489E-02
-13.8204 6.158899E-02
-13.8004 6.106744E-02
-13.7803 6.055936E-02
-13.7603 6.006443E-02
-13.7403 5.958225E-02
-13.7203 5.911280E-02
-13.7003 5.865503E-02
-13.6803 5.820903E-02
-13.6603 5.777433E-02
-13.6403 5.735046E-02
-13.6203 5.693727E-02
-13.6003 5.653423E-02
-13.5802 5.614131E-02
-13.5602 5.575777E-02
-13.5402 5.538378E-02
-13.5202 5.501849E-02
-13.5002 5.466222E-02
-13.4802 5.431422E-02
-13.4602 5.397440E-02
-13.4402 5.364236E-02
-13.4202 5.331797E-02
-13.4002 5.300082E-02
-13.3801 5.269092E-02
-13.3601 5.238765E-02
-13.3401 5.209106E-02
-13.3201 5.180076E-02
-13.3001 5.151661E-02
-13.2801 5.123838E-02
-13.2601 5.096579E-02
-13.2401 5.069863E-02
-13.2201 5.043669E-02
-13.2001 5.017975E-02
-13.1800 4.992777E-02
-13.1600 4.968030E-02
-13.1400 4.943744E-02
-13.1200 4.919868E-02
-13.1000 4.896420E-02
-13.0800 4.873363E-02
-13.0600 4.850680E-02
-13.0400 4.828355E-02
-13.0200 4.806380E-02
-13.0000 4.784748E-02
-12.9799 4.763435E-02
-12.9599 4.742421E-02
-12.9399 4.721704E-02
-12.9199 4.701282E-02
-12.8999 4.681116E-02
-12.8799 4.661221E-02
-12.8599 4.641569E-02
-12.8399 4.622163E-02
-12.8199 4.602993E-02
-12.7999 4.584044E-02
-12.7798 4.565316E-02
-12.7598 4.546802E-02
-12.7398 4.528487E-02
-12.7198 4.510368E-02
-12.6998 4.492449E-02
-12.6798 4.474706E-02
-12.6598 4.457151E-02
-12.6398 4.439776E-02
-12.6198 4.422574E-02
-12.5998 4.405552E-02
-12.5797 4.388693E-02
-12.5597 4.371996E-02
-12.5397 4.355472E-02
-12.5197 4.339115E-02
-12.4997 4.322922E-02
-12.4797 4.306889E-02
-12.4597 4.291019E-02
-12.4397 4.275312E-02
-12.4197 4.259771E-02
-12.3997 4.244391E-02
-12.3796 4.229172E-02
-12.3596 4.214124E-02
-12.3396 4.199239E-02
-12.3196 4.184522E-02
-12.2996 4.169975E-02
-12.2796 4.155603E-02
-12.2596 4.141405E-02
-12.2396 4.127374E-02
-12.2196 4.113528E-02
-12.1996 4.099860E-02
-12.1795 4.086373E-02
-12.1595 4.073072E-02
-12.1395 4.059963E-02
-12.1195 4.047036E-02
-12.0995 4.034310E-02
-12.0795 4.021772E-02
-12.0595 4.009432E-02
-12.0395 3.997293E-02
-12.0195 3.985360E-02
-11.9995 3.973631E-02
-11.9794 3.962113E-02
-11.9594 3.950796E-02
-11.9394 3.939701E-02
-11.9194 3.928820E-02
-11.8994 3.918152E-02
-11.8794 3.907709E-02
-11.8594 3.897485E-02
-11.8394 3.887491E-02
-11.8194 3.877718E-02
-11.7994 3.868177E-02
-11.7793 3.858863E-02
-11.7593 3.849786E-02
-11.7393 3.840939E-02
-11.7193 3.832330E-02
-11.6993 3.823964E-02
-11.6793 3.815830E-02
-11.6593 3.807935E-02
-11.6393 3.800286E-02
-11.6193 3.792879E-02
-11.5993 3.785714E-02
-11.5792 3.778795E-02
-11.5592 3.772117E-02
-11.5392 3.765692E-02
-11.5192 3.759512E-02
-11.4992 3.753575E-02
-11.4792 3.747890E-02
-11.4592 3.742449E-02
-11.4392 3.737255E-02
-11.4192 3.732314E-02
-11.3992 3.727618E-02
-11.3791 3.723166E-02
-11.3591 3.718961E-02
-11.3391 3.715001E-02
-11.3191 3.711281E-02
-11.2991 3.707807E-02
-11.2791 3.704579E-02
-11.2591 3.701589E-02
-11.2391 3.698835E-02
-11.2191 3.696324E-02
-11.1991 3.694047E-02
-11.1790 3.692000E-02
-11.1590 3.690190E-02
-11.1390 3.688601E-02
-11.1190 3.687247E-02
-11.0990 3.686110E-02
-11.0790 3.685198E-02
-11.0590 3.684499E-02
-11.0390 3.684019E-02
-11.0190 3.683748E-02
-10.9990 3.683684E-02
-10.9789 3.683825E-02
-10.9589 3.684166E-02
-10.9389 3.684704E-02
-10.9189 3.685433E-02
-10.8989 3.686346E-02
-10.8789 3.687444E-02
-10.8589 3.688718E-02
-10.8389 3.690166E-02
-10.8189 3.691784E-02
-10.7989 3.693564E-02
-10.7788 3.695499E-02
-10.7588 3.697592E-02
-10.7388 3.699828E-02
-10.7188 3.702203E-02
-10.6988 3.704717E-02
-10.6788 3.707358E-02
-10.6588 3.710126E-02
-10.6388 3.713008E-02
-10.6188 3.716003E-02
-10.5988 3.719104E-02
-10.5787 3.722308E-02
-10.5587 3.725601E-02
-10.5387 3.728982E-02
-10.5187 3.732445E-02
-10.4987 3.735981E-02
-10.4787 3.739588E-02
-10.4587 3.743256E-02
-10.4387 3.746984E-02
-10.4187 3.750756E-02
-10.3987 3.754575E-02
-10.3786 3.758435E-02
-10.3586 3.762323E-02
-10.3386 3.766235E-02
-10.3186 3.770172E-02
-10.2986 3.774123E-02
-10.2786 3.778087E-02
-10.2586 3.782050E-02
-10.2386 3.786011E-02
-10.2186 3.789965E-02
-10.1986 3.793909E-02
-10.1785 3.797835E-02
-10.1585 3.801740E-02
-10.1385 3.805619E-02
-10.1185 3.809466E-02
-10.0985 3.813280E-02
-10.0785 3.817052E-02
-10.0585 3.820783E-02
-10.0385 3.824464E-02
-10.0185 3.828098E-02
-9.9985 3.831677E-02
-9.9784 3.835199E-02
-9.9584 3.838659E-02
-9.9384 3.842059E-02
-9.9184 3.845390E-02
-9.8984 3.848654E-02
-9.8784 3.851843E-02
-9.8584 3.854963E-02
-9.8384 3.858009E-02
-9.8184 3.860976E-02
-9.7984 3.863866E-02
-9.7783 3.866675E-02
-9.7583 3.869401E-02
-9.7383 3.872046E-02
-9.7183 3.874609E-02
-9.6983 3.877084E-02
-9.6783 3.879477E-02
-9.6583 3.881784E-02
-9.6383 3.884004E-02
-9.6183 3.886138E-02
-9.5983 3.888185E-02
-9.5782 3.890145E-02
-9.5582 3.892021E-02
-9.5382 3.893807E-02
-9.5182 3.895509E-02
-9.4982 3.897128E-02
-9.4782 3.898662E-02
-9.4582 3.900113E-02
-9.4382 3.901478E-02
-9.4182 3.902760E-02
-9.3982 3.903962E-02
-9.3781 3.905083E-02
-9.3581 3.906127E-02
-9.3381 3.907093E-02
-9.3181 3.907979E-02
-9.2981 3.908792E-02
-9.2781 3.909533E-02
-9.2581 3.910198E-02
-9.2381 3.910794E-02
-9.2181 3.911323E-02
-9.1981 3.911783E-02
-9.1780 3.912179E-02
-9.1580 3.912511E-02
-9.1380 3.912780E-02
-9.1180 3.912991E-02
-9.0980 3.913144E-02
-9.0780 3.913241E-02
-9.0580 3.913285E-02
-9.0380 3.913277E-02
-9.0180 3.913221E-02
-8.9980 3.913115E-02
-8.9779 3.912967E-02
-8.9579 3.912775E-02
-8.9379 3.912543E-02
-8.9179 3.912275E-02
-8.8979 3.911968E-02
-8.8779 3.911632E-02
-8.8579 3.911261E-02
-8.8379 3.910863E-02
-8.8179 3.910440E-02
-8.7979 3.909993E-02
-8.7778 3.909525E-02
-8.7578 3.909041E-02
-8.7378 3.908540E-02
-8.7178 3.908027E-02
-8.6978 3.907503E-02
-8.6778 3.906974E-02
-8.6578 3.906438E-02
-8.6378 3.905902E-02
-8.6178 3.905364E-02
-8.5978 3.904832E-02
-8.5777 3.904306E-02
-8.5577 3.903788E-02
-8.5377 3.903284E-02
-8.5177 3.902795E-02
-8.4977 3.902325E-02
-8.4777 3.901876E-02
-8.4577 3.901454E-02
-8.4377 3.901059E-02
-8.4177 3.900697E-02
-8.3977 3.900366E-02
-8.3776 3.900076E-02
-8.3576 3.899830E-02
-8.3376 3.899626E-02
-8.3176 3.899472E-02
-8.2976 3.899371E-02
-8.2776 3.899326E-02
-8.2576 3.899343E-02
-8.2376 3.899425E-02
-8.2176 3.899573E-02
-8.1976 3.899795E-02
-8.1775 3.900097E-02
-8.1575 3.900479E-02
-8.1375 3.900946E-02
-8.1175 3.901506E-02
-8.0975 3.902161E-02
-8.0775 3.902917E-02
-8.0575 3.903777E-02
-8.0375 3.904748E-02
-8.0175 3.905838E-02
-7.9975 3.907049E-02
-7.9774 3.908384E-02
-7.9574 3.909853E-02
-7.9374 3.911463E-02
-7.9174 3.913217E-02
-7.8974 3.915122E-02
-7.8774 3.917186E-02
-7.8574 3.919411E-02
-7.8374 3.921808E-02
-7.8174 3.924381E-02
-7.7974 3.927139E-02
-7.7773 3.930086E-02
-7.7573 3.933234E-02
-7.7373 3.936586E-02
-7.7173 3.940151E-02
-7.6973 3.943938E-02
-7.6773 3.947953E-02
-7.6573 3.952206E-02
-7.6373 3.956701E-02
-7.6173 3.961448E-02
-7.5973 3.966458E-02
-7.5772 3.971740E-02
-7.5572 3.977295E-02
-7.5372 3.983140E-02
-7.5172 3.989282E-02
-7.4972 3.995726E-02
-7.4772 4.002482E-02
-7.4572 4.009564E-02
-7.4372 4.016981E-02
-7.4172 4.024739E-02
-7.3972 4.032849E-02
-7.3771 4.041318E-02
-7.3571 4.050163E-02
-7.3371 4.059390E-02
-7.3171 4.069001E-02
-7.2971 4.079018E-02
-7.2771 4.089443E-02
-7.2571 4.100297E-02
-7.2371 4.111575E-02
-7.2171 4.123300E-02
-7.1971 4.135472E-02
-7.1770 4.148114E-02
-7.1570 4.161225E-02
-7.1370 4.174821E-02
-7.1170 4.188911E-02
-7.0970 4.203502E-02
-7.0770 4.218611E-02
-7.0570 4.234247E-02
-7.0370 4.250417E-02
-7.0170 4.267131E-02
-6.9970 4.284398E-02
-6.9769 4.302229E-02
-6.9569 4.320634E-02
-6.9369 4.339626E-02
-6.9169 4.359207E-02
-6.8969 4.379391E-02
-6.8769 4.400180E-02
-6.8569 4.421585E-02
-6.8369 4.443621E-02
-6.8169 4.466284E-02
-6.7969 4.489583E-02
-6.7768 4.513525E-02
-6.7568 4.538117E-02
-6.7368 4.563356E-02
-6.7168 4.589255E-02
-6.6968 4.615816E-02
-6.6768 4.643031E-02
-6.6568 4.670901E-02
-6.6368 4.699441E-02
-6.6168 4.728634E-02
-6.5968 4.758483E-02
-6.5767 4.788982E-02
-6.5567 4.820121E-02
-6.5367 4.851903E-02
-6.5167 4.884307E-02
-6.4967 4.917334E-02
-6.4767 4.950961E-02
-6.4567 4.985172E-02
-6.4367 5.019959E-02
-6.4167 5.055311E-02
-6.3967 5.091181E-02
-6.3766 5.127570E-02
-6.3566 5.164443E-02
-6.3366 5.201772E-02
-6.3166 5.239531E-02
-6.2966 5.277690E-02
-6.2766 5.316210E-02
-6.2566 5.355053E-02
-6.2366 5.394193E-02
-6.2166 5.433580E-02
-6.1966 5.473172E-02
-6.1765 5.512922E-02
-6.1565 5.552805E-02
-6.1365 5.592739E-02
-6.1165 5.632704E-02
-6.0965 5.672632E-02
-6.0765 5.712486E-02
-6.0565 5.752200E-02
-6.0365 5.791732E-02
-6.0165 5.831027E-02
-5.9965 5.870028E-02
-5.9764 5.908684E-02
-5.9564 5.946939E-02
-5.9364 5.984757E-02
-5.9164 6.022080E-02
-5.8964 6.058853E-02
-5.8764 6.095032E-02
-5.8564 6.130569E-02
-5.8364 6.165436E-02
-5.8164 6.199578E-02
-5.7964 6.232968E-02
-5.7763 6.265564E-02
-5.7563 6.297342E-02
-5.7363 6.328263E-02
-5.7163 6.358318E-02
-5.6963 6.387474E-02
-5.6763 6.415715E-02
-5.6563 6.443033E-02
-5.6363 6.469415E-02
-5.6163 6.494849E-02
-5.5963 6.519339E-02
-5.5762 6.542881E-02
-5.5562 6.565480E-02
-5.5362 6.587143E-02
-5.5162 6.607871E-02
-5.4962 6.627685E-02
-5.4762 6.646593E-02
-5.4562 6.664616E-02
-5.4362 6.681767E-02
-5.4162 6.698064E-02
-5.3962 6.713536E-02
-5.3761 6.728201E-02
-5.3561 6.742082E-02
-5.3361 6.755213E-02
-5.3161 6.767605E-02
-5.2961 6.779285E-02
-5.2761 6.790286E-02
-5.2561 6.800637E-02
-5.2361 6.810350E-02
-5.2161 6.819454E-02
-5.1961 6.827984E-02
-5.1760 6.835950E-02
-5.1560 6.843388E-02
-5.1360 6.850312E-02
-5.1160 6.856745E-02
-5.0960 6.862709E-02
-5.0760 6.868228E-02
-5.0560 6.873310E-02
-5.0360 6.877980E-02
-5.0160 6.882255E-02
-4.9960 6.886147E-02
-4.9759 6.889674E-02
-4.9559 6.892846E-02
-4.9359 6.895682E-02
-4.9159 6.898181E-02
-4.8959 6.900369E-02
-4.8759 6.902244E-02
-4.8559 6.903821E-02
-4.8359 6.905108E-02
-4.8159 6.906113E-02
-4.7959 6.906835E-02
-4.7758 6.907297E-02
-4.7558 6.907486E-02
-4.7358 6.907428E-02
-4.7158 6.907114E-02
-4.6958 6.906549E-02
-4.6758 6.905748E-02
-4.6558 6.904711E-02
-4.6358 6.903439E-02
-4.6158 6.901945E-02
-4.5958 6.900228E-02
-4.5757 6.898301E-02
-4.5557 6.896161E-02
-4.5357 6.893820E-02
-4.5157 6.891282E-02
-4.4957 6.888561E-02
-4.4757 6.885652E-02
-4.4557 6.882571E-02
-4.4357 6.879322E-02
-4.4157 6.875920E-02
-4.3957 6.872368E-02
-4.3756 6.868685E-02
-4.3556 6.864877E-02
-4.3356 6.860955E-02
-4.3156 6.856933E-02
-4.2956 6.852818E-02
-4.2756 6.848638E-02
-4.2556 6.844391E-02
-4.2356 6.840100E-02
-4.2156 6.835782E-02
-4.1956 6.831455E-02
-4.1755 6.827128E-02
-4.1555 6.822829E-02
-4.1355 6.818572E-02
-4.1155 6.814374E-02
-4.0955 6.810259E-02
-4.0755 6.806247E-02
-4.0555 6.802353E-02
-4.0355 6.798602E-02
-4.0155 6.795020E-02
-3.9955 6.791625E-02
-3.9754 6.788438E-02
-3.9554 6.785485E-02
-3.9354 6.782793E-02
-3.9154 6.780380E-02
-3.8954 6.778273E-02
-3.8754 6.776494E-02
-3.8554 6.775067E-02
-3.8354 6.774018E-02
-3.8154 6.773368E-02
-3.7954 6.773152E-02
-3.7753 6.773385E-02
-3.7553 6.774089E-02
-3.7353 6.775301E-02
-3.7153 6.777037E-02
-3.6953 6.779324E-02
-3.6753 6.782180E-02
-3.6553 6.785637E-02
-3.6353 6.789717E-02
-3.6153 6.794443E-02
-3.5953 6.799834E-02
-3.5752 6.805915E-02
-3.5552 6.812711E-02
-3.5352 6.820238E-02
-3.5152 6.828522E-02
-3.4952 6.837586E-02
-3.4752 6.847440E-02
-3.4552 6.858108E-02
-3.4352 6.869619E-02
-3.4152 6.881966E-02
-3.3952 6.895186E-02
-3.3751 6.909290E-02
-3.3551 6.924290E-02
-3.3351 6.940197E-02
-3.3151 6.957032E-02
-3.2951 6.974800E-02
-3.2751 6.993505E-02
-3.2551 7.013168E-02
-3.2351 7.033785E-02
-3.2151 7.055362E-02
-3.1951 7.268653E-02
-3.1750 7.101417E-02
-3.1550 7.125896E-02
-3.1350 7.151337E-02
-3.1150 7.177727E-02
-3.0950 7.205079E-02
-3.0750 7.233365E-02
-3.0550 7.262584E-02
-3.0350 7.292714E-02
-3.0150 7.323744E-02
-2.9950 7.355647E-02
-2.9749 7.388404E-02
-2.9549 7.421978E-02
-2.9349 7.833285E-02
-2.9149 7.491501E-02
-2.8949 7.527377E-02
-2.8749 8.201218E-02
-2.8549 7.601147E-02
-2.8349 7.638973E-02
-2.8149 7.677348E-02
-2.7949 7.716234E-02
-2.7748 7.755568E-02
-2.7548 7.795301E-02
-2.7348 7.835370E-02
-2.7148 7.875716E-02
-2.6948 7.916272E-02
-2.6748 7.956985E-02
-2.6548 7.997766E-02
-2.6348 8.038568E-02
-2.6148 8.503903E-02
-2.5948 8.119934E-02
-2.5747 8.160349E-02
-2.5547 8.484217E-02
-2.5347 8.240329E-02
-2.5147 8.279739E-02
-2.4947 8.318675E-02
-2.4747 8.357084E-02
-2.4547 8.394893E-02
-2.4347 8.432040E-02
-2.4147 8.468471E-02
-2.3947 8.504136E-02
-2.3746 8.538984E-02
-2.3546 8.572966E-02
-2.3346 8.606050E-02
-2.3146 8.638187E-02
-2.2946 8.686006E-02
-2.2746 8.699552E-02
-2.2546 8.795535E-02
-2.2346 8.756856E-02
-2.2146 8.783963E-02
-2.1946 8.810023E-02
-2.1745 8.835049E-02
-2.1545 8.859038E-02
-2.1345 8.882008E-02
-2.1145 8.903978E-02
-2.0945 8.924956E-02
-2.0745 8.944983E-02
-2.0545 8.964077E-02
-2.0345 8.982278E-02
-2.0145 8.999605E-02
-1.9945 9.016123E-02
-1.9744 8.847139E-02
-1.9544 9.046848E-02
-1.9344 8.967716E-02
-1.9144 9.074795E-02
-1.8944 9.087844E-02
-1.8744 9.100334E-02
-1.8544 9.112326E-02
-1.8344 9.123846E-02
-1.8144 9.134964E-02
-1.7944 9.145716E-02
-1.7743 9.156144E-02
-1.7543 9.166301E-02
-1.7343 9.176221E-02
-1.7143 9.185949E-02
-1.6943 9.195531E-02
-1.6743 9.204992E-02
-1.6543 9.041677E-02
-1.6343 9.223718E-02
-1.6143 9.132307E-02
-1.5943 9.242386E-02
-1.5742 9.251772E-02
-1.5542 9.261224E-02
-1.5342 9.270769E-02
-1.5142 9.280413E-02
-1.4942 9.290185E-02
-1.4742 9.300100E-02
-1.4542 9.310167E-02
-1.4342 9.320388E-02
-1.4142 9.330787E-02
-1.3942 9.341362E-02
-1.3741 9.352115E-02
-1.3541 9.363049E-02
-1.3341 9.217574E-02
-1.3141 9.385446E-02
-1.2941 9.329093E-02
-1.2741 9.408532E-02
-1.2541 9.420316E-02
-1.2341 9.432244E-02
-1.2141 9.444312E-02
-1.1941 9.456501E-02
-1.1740 9.468797E-02
-1.1540 9.481189E-02
-1.1340 9.493649E-02
-1.1140 9.506170E-02
-1.0940 9.518733E-02
-1.0740 9.531310E-02
-1.0540 9.543888E-02
-1.0340 9.556432E-02
-1.0140 9.296627E-02
-0.9940 9.581370E-02
-0.9739 9.495894E-02
-0.9539 9.605936E-02
-0.9339 9.618021E-02
-0.9139 9.629935E-02
-0.8939 9.641669E-02
-0.8739 9.653189E-02
-0.8539 9.664472E-02
-0.8339 9.675493E-02
-0.8139 9.686240E-02
-0.7939 9.696672E-02
-0.7738 9.706789E-02
-0.7538 9.716554E-02
-0.7338 9.725947E-02
-0.7138 9.734952E-02
-0.6938 9.255028E-02
-0.6738 9.751737E-02
-0.6538 9.555610E-02
-0.6338 9.766754E-02
-0.6138 9.773567E-02
-0.5938 9.779893E-02
-0.5737 9.785732E-02
-0.5537 9.791061E-02
-0.5337 9.795883E-02
-0.5137 9.800186E-02
-0.4937 9.803955E-02
-0.4737 9.807207E-02
-0.4537 9.809913E-02
-0.4337 9.812089E-02
-0.4137 9.813731E-02
-0.3937 9.814843E-02
-0.3736 9.138057E-02
-0.3536 9.815479E-02
-0.3336 9.493908E-02
-0.3136 9.814037E-02
-0.2936 9.812552E-02
-0.2736 9.810572E-02
-0.2536 9.808108E-02
-0.2336 9.805173E-02
-0.2136 9.801778E-02
-0.1936 9.797933E-02
-0.1735 9.793661E-02
-0.1535 9.788963E-02
-0.1335 9.783868E-02
-0.1135 9.778389E-02
-0.0935 9.772538E-02
-0.0735 9.766339E-02
-0.0535 9.009727E-02
-0.0335 9.752960E-02
-0.0135 9.363325E-02
0.0065 9.738391E-02
0.0266 9.730711E-02
0.0466 9.722785E-02
0.0666 9.714637E-02
0.0866 9.706294E-02
0.1066 9.697750E-02
0.1266 9.689048E-02
0.1466 9.680202E-02
0.1666 9.671222E-02
0.1866 9.662121E-02
0.2066 9.652919E-02
0.2267 9.643645E-02
0.2467 9.634297E-02
0.2667 8.911519E-02
0.2867 9.615473E-02
0.3067 9.228232E-02
0.3267 9.596569E-02
0.3467 9.587125E-02
0.3667 9.577696E-02
0.3867 9.568299E-02
0.4067 9.558952E-02
0.4268 9.549647E-02
0.4468 9.540422E-02
0.4668 9.531265E-02
0.4868 9.522201E-02
0.5068 9.513221E-02
0.5268 9.504349E-02
0.5468 9.495603E-02
0.5668 9.486962E-02
0.5868 8.860830E-02
0.6068 9.470077E-02
0.6269 9.127575E-02
0.6469 9.453750E-02
0.6669 9.445820E-02
0.6869 9.438040E-02
0.7069 9.430425E-02
0.7269 9.422990E-02
0.7469 9.415710E-02
0.7669 9.408611E-02
0.7869 9.401684E-02
0.8069 9.394959E-02
0.8270 9.388400E-02
0.8470 9.382048E-02
0.8670 9.375875E-02
0.8870 9.369899E-02
0.9070 8.864297E-02
0.9270 9.358546E-02
0.9470 9.077011E-02
0.9670 9.348000E-02
0.9870 9.343041E-02
1.0070 9.338276E-02
1.0271 9.333733E-02
1.0471 9.329393E-02
1.0671 9.325269E-02
1.0871 9.321361E-02
1.1071 9.317666E-02
1.1271 9.314185E-02
1.1471 9.310926E-02
1.1671 9.307886E-02
1.1871 9.305067E-02
1.2071 9.302466E-02
1.2272 8.924353E-02
1.2472 9.297939E-02
1.2672 9.082571E-02
1.2872 9.294312E-02
1.3072 9.292832E-02
1.3272 9.291589E-02
1.3472 9.290571E-02
1.3672 9.289780E-02
1.3872 9.289227E-02
1.4072 9.288895E-02
1.4273 9.288802E-02
1.4473 9.288943E-02
1.4673 9.289310E-02
1.4873 9.289914E-02
1.5073 9.290753E-02
1.5273 9.291828E-02
1.5473 9.035674E-02
1.5673 9.294667E-02
1.5873 9.146048E-02
1.6073 9.298456E-02
1.6274 9.300696E-02
1.6474 9.303172E-02
1.6674 9.305894E-02
1.6874 9.308830E-02
1.7074 9.312004E-02
1.7274 9.315414E-02
1.7474 9.319053E-02
1.7674 9.322922E-02
1.7874 9.327016E-02
1.8074 9.331326E-02
1.8275 9.335864E-02
1.8475 9.340626E-02
1.8675 9.176242E-02
1.8875 9.350803E-02
1.9075 9.260299E-02
1.9275 9.361826E-02
1.9475 9.367647E-02
1.9675 9.373675E-02
1.9875 9.379888E-02
2.0075 9.386302E-02
2.0276 9.392900E-02
2.0476 9.399689E-02
2.0676 9.406651E-02
2.0876 9.413783E-02
2.1076 9.421075E-02
2.1276 9.428527E-02
2.1476 9.436133E-02
2.1676 9.443879E-02
2.1876 9.302773E-02
2.2076 9.459772E-02
2.2277 9.399979E-02
2.2477 9.476144E-02
2.2677 9.484479E-02
2.2877 9.492907E-02
2.3077 9.501408E-02
2.3277 9.509995E-02
2.3477 9.518629E-02
2.3677 9.527315E-02
2.3877 9.536022E-02
2.4077 9.544768E-02
2.4278 9.553519E-02
2.4478 9.562264E-02
2.4678 9.571004E-02
2.4878 9.579712E-02
2.5078 9.366361E-02
2.5278 9.596990E-02
2.5478 9.518650E-02
2.5678 9.614003E-02
2.5878 9.622368E-02
2.6078 9.630614E-02
2.6279 9.638745E-02
2.6479 9.646739E-02
2.6679 9.654580E-02
2.6879 9.662254E-02
2.7079 9.669738E-02
2.7279 9.677041E-02
2.7479 9.684136E-02
2.7679 9.691001E-02
2.7879 9.697643E-02
2.8079 9.704032E-02
2.8280 9.349106E-02
2.8480 9.716041E-02
2.8680 9.568141E-02
2.8880 9.726925E-02
2.9080 9.731928E-02
2.9280 9.736612E-02
2.9480 9.740994E-02
2.9680 9.745042E-02
2.9880 9.748767E-02
3.0080 9.752154E-02
3.0281 9.755193E-02
3.0481 9.757889E-02
3.0681 9.760253E-02
3.0881 9.762253E-02
3.1081 9.763907E-02
3.1281 9.765205E-02
3.1481 1.127374E-01
3.1681 9.766756E-02
3.1881 9.536528E-02
3.2081 9.766924E-02
3.2282 9.766497E-02
3.2482 9.765738E-02
3.2682 9.764657E-02
3.2882 9.763251E-02
3.3082 9.761532E-02
3.3282 9.759520E-02
3.3482 9.757211E-02
3.3682 9.754624E-02
3.3882 9.751767E-02
3.4082 9.748646E-02
3.4283 9.745285E-02
3.4483 9.741683E-02
3.4683 1.150308E-01
3.4883 9.733852E-02
3.5083 1.153165E-01
