-48.5856 5.342746E-04
-48.5656 5.352733E-04
-48.5456 5.362751E-04
-48.5256 5.372798E-04
-48.5056 5.382876E-04
-48.4855 5.392983E-04
-48.4655 5.403121E-04
-48.4455 5.413289E-04
-48.4255 5.423487E-04
-48.4055 5.433715E-04
-48.3855 5.443974E-04
-48.3655 5.454265E-04
-48.3455 5.464586E-04
-48.3255 5.474938E-04
-48.3055 5.485320E-04
-48.2854 5.495735E-04
-48.2654 5.506181E-04
-48.2454 5.516658E-04
-48.2254 5.527167E-04
-48.2054 5.537707E-04
-48.1854 5.548280E-04
-48.1654 5.558885E-04
-48.1454 5.569522E-04
-48.1254 5.580191E-04
-48.1054 5.590892E-04
-48.0853 5.601626E-04
-48.0653 5.612393E-04
-48.0453 5.623193E-04
-48.0253 5.634024E-04
-48.0053 5.644890E-04
-47.9853 5.655790E-04
-47.9653 5.666722E-04
-47.9453 5.677687E-04
-47.9253 5.688687E-04
-47.9053 5.699720E-04
-47.8852 5.710787E-04
-47.8652 5.721888E-04
-47.8452 5.733024E-04
-47.8252 5.744194E-04
-47.8052 5.755398E-04
-47.7852 5.766637E-04
-47.7652 5.777912E-04
-47.7452 5.789219E-04
-47.7252 5.800564E-04
-47.7052 5.811942E-04
-47.6851 5.823357E-04
-47.6651 5.834807E-04
-47.6451 5.846292E-04
-47.6251 5.857814E-04
-47.6051 5.869372E-04
-47.5851 5.880965E-04
-47.5651 5.892595E-04
-47.5451 5.904261E-04
-47.5251 5.915964E-04
-47.5051 5.927704E-04
-47.4850 5.939480E-04
-47.4650 5.951294E-04
-47.4450 5.963144E-04
-47.4250 5.975033E-04
-47.4050 5.986959E-04
-47.3850 5.998922E-04
-47.3650 6.010924E-04
-47.3450 6.022962E-04
-47.3250 6.035040E-04
-47.3050 6.047156E-04
-47.2849 6.059311E-04
-47.2649 6.071503E-04
-47.2449 6.083735E-04
-47.2249 6.096006E-04
-47.2049 6.108316E-04
-47.1849 6.120665E-04
-47.1649 6.133055E-04
-47.1449 6.145483E-04
-47.1249 6.157952E-04
-47.1049 6.170460E-04
-47.0848 6.183009E-04
-47.0648 6.195598E-04
-47.0448 6.208228E-04
-47.0248 6.220898E-04
-47.0048 6.233610E-04
-46.9848 6.246362E-04
-46.9648 6.259155E-04
-46.9448 6.271991E-04
-46.9248 6.284867E-04
-46.9048 6.297787E-04
-46.8847 6.310747E-04
-46.8647 6.323749E-04
-46.8447 6.336795E-04
-46.8247 6.349882E-04
-46.8047 6.363014E-04
-46.7847 6.376186E-04
-46.7647 6.389402E-04
-46.7447 6.402663E-04
-46.7247 6.415966E-04
-46.7047 6.429312E-04
-46.6846 6.442704E-04
-46.6646 6.456139E-04
-46.6446 6.469618E-04
-46.6246 6.483142E-04
-46.6046 6.496710E-04
-46.5846 6.510323E-04
-46.5646 6.523983E-04
-46.5446 6.537686E-04
-46.5246 6.551435E-04
-46.5046 6.565231E-04
-46.4845 6.579071E-04
-46.4645 6.592958E-04
-46.4445 6.606890E-04
-46.4245 6.620871E-04
-46.4045 6.634897E-04
-46.3845 6.648970E-04
-46.3645 6.663090E-04
-46.3445 6.677260E-04
-46.3245 6.691475E-04
-46.3045 6.705738E-04
-46.2844 6.720049E-04
-46.2644 6.734408E-04
-46.2444 6.748817E-04
-46.2244 6.763273E-04
-46.2044 6.777779E-04
-46.1844 6.792333E-04
-46.1644 6.806936E-04
-46.1444 6.821590E-04
-46.1244 6.836294E-04
-46.1044 6.851047E-04
-46.0843 6.865851E-04
-46.0643 6.880704E-04
-46.0443 6.895609E-04
-46.0243 6.910565E-04
-46.0043 6.925571E-04
-45.9843 6.940629E-04
-45.9643 6.955739E-04
-45.9443 6.970902E-04
-45.9243 6.986116E-04
-45.9043 7.001383E-04
-45.8842 7.016701E-04
-45.8642 7.032073E-04
-45.8442 7.047498E-04
-45.8242 7.062976E-04
-45.8042 7.078508E-04
-45.7842 7.094094E-04
-45.7642 7.109733E-04
-45.7442 7.125428E-04
-45.7242 7.141177E-04
-45.7042 7.156980E-04
-45.6841 7.172839E-04
-45.6641 7.188754E-04
-45.6441 7.204724E-04
-45.6241 7.220749E-04
-45.6041 7.236832E-04
-45.5841 7.252970E-04
-45.5641 7.269166E-04
-45.5441 7.285418E-04
-45.5241 7.301728E-04
-45.5041 7.318095E-04
-45.4840 7.334519E-04
-45.4640 7.351001E-04
-45.4440 7.367542E-04
-45.4240 7.384142E-04
-45.4040 7.400801E-04
-45.3840 7.417520E-04
-45.3640 7.434297E-04
-45.3440 7.451135E-04
-45.3240 7.468032E-04
-45.3040 7.484990E-04
-45.2839 7.502007E-04
-45.2639 7.519086E-04
-45.2439 7.536227E-04
-45.2239 7.553429E-04
-45.2039 7.570693E-04
-45.1839 7.588019E-04
-45.1639 7.605407E-04
-45.1439 7.622858E-04
-45.1239 7.640372E-04
-45.1039 7.657950E-04
-45.0838 7.675590E-04
-45.0638 7.693295E-04
-45.0438 7.711064E-04
-45.0238 7.728899E-04
-45.0038 7.746796E-04
-44.9838 7.764760E-04
-44.9638 7.782790E-04
-44.9438 7.800886E-04
-44.9238 7.819048E-04
-44.9038 7.837276E-04
-44.8837 7.855572E-04
-44.8637 7.873932E-04
-44.8437 7.892362E-04
-44.8237 7.910861E-04
-44.8037 7.929425E-04
-44.7837 7.948060E-04
-44.7637 7.966764E-04
-44.7437 7.985534E-04
-44.7237 8.004377E-04
-44.7037 8.023289E-04
-44.6836 8.042270E-04
-44.6636 8.061323E-04
-44.6436 8.080445E-04
-44.6236 8.099641E-04
-44.6036 8.118907E-04
-44.5836 8.138245E-04
-44.5636 8.157657E-04
-44.5436 8.177139E-04
-44.5236 8.196696E-04
-44.5036 8.216325E-04
-44.4835 8.236030E-04
-44.4635 8.255809E-04
-44.4435 8.275661E-04
-44.4235 8.295589E-04
-44.4035 8.315592E-04
-44.3835 8.335671E-04
-44.3635 8.355826E-04
-44.3435 8.376058E-04
-44.3235 8.396366E-04
-44.3035 8.416752E-04
-44.2834 8.437216E-04
-44.2634 8.457757E-04
-44.2434 8.478378E-04
-44.2234 8.499076E-04
-44.2034 8.519856E-04
-44.1834 8.540713E-04
-44.1634 8.561652E-04
-44.1434 8.582671E-04
-44.1234 8.603770E-04
-44.1034 8.624953E-04
-44.0833 8.646215E-04
-44.0633 8.667562E-04
-44.0433 8.688989E-04
-44.0233 8.710500E-04
-44.0033 8.732095E-04
-43.9833 8.753774E-04
-43.9633 8.775536E-04
-43.9433 8.797385E-04
-43.9233 8.819319E-04
-43.9033 8.841337E-04
-43.8832 8.863443E-04
-43.8632 8.885635E-04
-43.8432 8.907914E-04
-43.8232 8.930280E-04
-43.8032 8.952737E-04
-43.7832 8.975279E-04
-43.7632 8.997910E-04
-43.7432 9.020633E-04
-43.7232 9.043445E-04
-43.7032 9.066347E-04
-43.6831 9.089340E-04
-43.6631 9.112424E-04
-43.6431 9.135601E-04
-43.6231 9.158870E-04
-43.6031 9.182230E-04
-43.5831 9.205685E-04
-43.5631 9.229235E-04
-43.5431 9.252878E-04
-43.5231 9.276616E-04
-43.5031 9.300450E-04
-43.4830 9.324379E-04
-43.4630 9.348405E-04
-43.4430 9.372527E-04
-43.4230 9.396749E-04
-43.4030 9.421067E-04
-43.3830 9.445485E-04
-43.3630 9.470001E-04
-43.3430 9.494616E-04
-43.3230 9.519332E-04
-43.3030 9.544149E-04
-43.2829 9.569066E-04
-43.2629 9.594086E-04
-43.2429 9.619208E-04
-43.2229 9.644433E-04
-43.2029 9.669764E-04
-43.1829 9.695196E-04
-43.1629 9.720734E-04
-43.1429 9.746377E-04
-43.1229 9.772126E-04
-43.1029 9.797981E-04
-43.0828 9.823943E-04
-43.0628 9.850013E-04
-43.0428 9.876191E-04
-43.0228 9.902478E-04
-43.0028 9.928874E-04
-42.9828 9.955381E-04
-42.9628 9.981998E-04
-42.9428 1.000873E-03
-42.9228 1.003557E-03
-42.9028 1.006252E-03
-42.8827 1.008958E-03
-42.8627 1.011676E-03
-42.8427 1.014406E-03
-42.8227 1.017147E-03
-42.8027 1.019899E-03
-42.7827 1.022664E-03
-42.7627 1.025440E-03
-42.7427 1.028227E-03
-42.7227 1.031027E-03
-42.7027 1.033838E-03
-42.6826 1.036661E-03
-42.6626 1.039497E-03
-42.6426 1.042345E-03
-42.6226 1.045204E-03
-42.6026 1.048076E-03
-42.5826 1.050961E-03
-42.5626 1.053857E-03
-42.5426 1.056767E-03
-42.5226 1.059689E-03
-42.5026 1.062623E-03
-42.4825 1.065570E-03
-42.4625 1.068530E-03
-42.4425 1.071502E-03
-42.4225 1.074488E-03
-42.4025 1.077487E-03
-42.3825 1.080498E-03
-42.3625 1.083523E-03
-42.3425 1.086561E-03
-42.3225 1.089612E-03
-42.3025 1.092677E-03
-42.2824 1.095755E-03
-42.2624 1.098847E-03
-42.2424 1.101952E-03
-42.2224 1.105071E-03
-42.2024 1.108204E-03
-42.1824 1.111351E-03
-42.1624 1.114511E-03
-42.1424 1.117686E-03
-42.1224 1.120874E-03
-42.1024 1.124077E-03
-42.0823 1.127294E-03
-42.0623 1.130526E-03
-42.0423 1.133772E-03
-42.0223 1.137032E-03
-42.0023 1.140308E-03
-41.9823 1.143597E-03
-41.9623 1.146902E-03
-41.9423 1.150222E-03
-41.9223 1.153556E-03
-41.9023 1.156906E-03
-41.8822 1.160270E-03
-41.8622 1.163650E-03
-41.8422 1.167046E-03
-41.8222 1.170457E-03
-41.8022 1.173883E-03
-41.7822 1.177325E-03
-41.7622 1.180782E-03
-41.7422 1.184256E-03
-41.7222 1.187745E-03
-41.7022 1.191251E-03
-41.6821 1.194772E-03
-41.6621 1.198310E-03
-41.6421 1.201864E-03
-41.6221 1.205435E-03
-41.6021 1.209022E-03
-41.5821 1.212626E-03
-41.5621 1.216246E-03
-41.5421 1.219883E-03
-41.5221 1.223538E-03
-41.5021 1.227209E-03
-41.4820 1.230897E-03
-41.4620 1.234603E-03
-41.4420 1.238326E-03
-41.4220 1.242066E-03
-41.4020 1.245824E-03
-41.3820 1.249600E-03
-41.3620 1.253394E-03
-41.3420 1.257205E-03
-41.3220 1.261035E-03
-41.3020 1.264882E-03
-41.2819 1.268748E-03
-41.2619 1.272633E-03
-41.2419 1.276536E-03
-41.2219 1.280457E-03
-41.2019 1.284397E-03
-41.1819 1.288357E-03
-41.1619 1.292335E-03
-41.1419 1.296332E-03
-41.1219 1.300348E-03
-41.1019 1.304384E-03
-41.0818 1.308439E-03
-41.0618 1.312514E-03
-41.0418 1.316608E-03
-41.0218 1.320723E-03
-41.0018 1.324858E-03
-40.9818 1.329012E-03
-40.9618 1.333187E-03
-40.9418 1.337382E-03
-40.9218 1.341598E-03
-40.9018 1.345834E-03
-40.8817 1.350091E-03
-40.8617 1.354369E-03
-40.8417 1.358668E-03
-40.8217 1.362989E-03
-40.8017 1.367331E-03
-40.7817 1.371694E-03
-40.7617 1.376078E-03
-40.7417 1.380485E-03
-40.7217 1.384913E-03
-40.7017 1.389364E-03
-40.6816 1.393837E-03
-40.6616 1.398332E-03
-40.6416 1.402850E-03
-40.6216 1.407390E-03
-40.6016 1.411953E-03
-40.5816 1.416539E-03
-40.5616 1.421149E-03
-40.5416 1.425781E-03
-40.5216 1.430437E-03
-40.5016 1.435117E-03
-40.4815 1.439820E-03
-40.4615 1.444547E-03
-40.4415 1.449299E-03
-40.4215 1.454074E-03
-40.4015 1.458874E-03
-40.3815 1.463699E-03
-40.3615 1.468549E-03
-40.3415 1.473423E-03
-40.3215 1.478322E-03
-40.3015 1.483247E-03
-40.2814 1.488197E-03
-40.2614 1.493173E-03
-40.2414 1.498174E-03
-40.2214 1.503202E-03
-40.2014 1.508256E-03
-40.1814 1.513336E-03
-40.1614 1.518442E-03
-40.1414 1.523576E-03
-40.1214 1.528736E-03
-40.1014 1.533923E-03
-40.0813 1.539138E-03
-40.0613 1.544380E-03
-40.0413 1.549650E-03
-40.0213 1.554947E-03
-40.0013 1.560273E-03
-39.9813 1.565627E-03
-39.9613 1.571010E-03
-39.9413 1.576421E-03
-39.9213 1.581861E-03
-39.9013 1.587330E-03
-39.8812 1.592828E-03
-39.8612 1.598356E-03
-39.8412 1.603914E-03
-39.8212 1.609501E-03
-39.8012 1.615119E-03
-39.7812 1.620767E-03
-39.7612 1.626446E-03
-39.7412 1.632155E-03
-39.7212 1.637896E-03
-39.7012 1.643668E-03
-39.6811 1.649471E-03
-39.6611 1.655306E-03
-39.6411 1.661173E-03
-39.6211 1.667072E-03
-39.6011 1.673004E-03
-39.5811 1.678968E-03
-39.5611 1.684965E-03
-39.5411 1.690995E-03
-39.5211 1.697059E-03
-39.5011 1.703156E-03
-39.4810 1.709288E-03
-39.4610 1.715453E-03
-39.4410 1.721653E-03
-39.4210 1.727888E-03
-39.4010 1.734157E-03
-39.3810 1.740461E-03
-39.3610 1.746802E-03
-39.3410 1.753177E-03
-39.3210 1.759589E-03
-39.3010 1.766037E-03
-39.2809 1.772522E-03
-39.2609 1.779043E-03
-39.2409 1.785602E-03
-39.2209 1.792198E-03
-39.2009 1.798831E-03
-39.1809 1.805502E-03
-39.1609 1.812212E-03
-39.1409 1.818961E-03
-39.1209 1.825748E-03
-39.1009 1.832574E-03
-39.0808 1.839440E-03
-39.0608 1.846345E-03
-39.0408 1.853291E-03
-39.0208 1.860277E-03
-39.0008 1.867303E-03
-38.9808 1.874371E-03
-38.9608 1.881480E-03
-38.9408 1.888630E-03
-38.9208 1.895823E-03
-38.9008 1.903058E-03
-38.8807 1.910335E-03
-38.8607 1.917656E-03
-38.8407 1.925020E-03
-38.8207 1.932427E-03
-38.8007 1.939879E-03
-38.7807 1.947375E-03
-38.7607 1.954915E-03
-38.7407 1.962501E-03
-38.7207 1.970132E-03
-38.7007 1.977809E-03
-38.6806 1.985532E-03
-38.6606 1.993302E-03
-38.6406 2.001118E-03
-38.6206 2.008982E-03
-38.6006 2.016894E-03
-38.5806 2.024853E-03
-38.5606 2.032861E-03
-38.5406 2.040918E-03
-38.5206 2.049025E-03
-38.5006 2.057180E-03
-38.4805 2.065386E-03
-38.4605 2.073643E-03
-38.4405 2.081950E-03
-38.4205 2.090309E-03
-38.4005 2.098719E-03
-38.3805 2.107182E-03
-38.3605 2.115697E-03
-38.3405 2.124266E-03
-38.3205 2.132887E-03
-38.3005 2.141563E-03
-38.2804 2.150294E-03
-38.2604 2.159079E-03
-38.2404 2.167919E-03
-38.2204 2.176815E-03
-38.2004 2.185767E-03
-38.1804 2.194777E-03
-38.1604 2.203843E-03
-38.1404 2.212967E-03
-38.1204 2.222149E-03
-38.1004 2.231391E-03
-38.0803 2.240691E-03
-38.0603 2.250051E-03
-38.0403 2.259471E-03
-38.0203 2.268952E-03
-38.0003 2.278494E-03
-37.9803 2.288098E-03
-37.9603 2.297765E-03
-37.9403 2.307494E-03
-37.9203 2.317287E-03
-37.9003 2.327143E-03
-37.8802 2.337064E-03
-37.8602 2.347051E-03
-37.8402 2.357103E-03
-37.8202 2.367221E-03
-37.8002 2.377406E-03
-37.7802 2.387659E-03
-37.7602 2.397980E-03
-37.7402 2.408369E-03
-37.7202 2.418828E-03
-37.7002 2.429356E-03
-37.6801 2.439956E-03
-37.6601 2.450626E-03
-37.6401 2.461368E-03
-37.6201 2.472182E-03
-37.6001 2.483070E-03
-37.5801 2.494031E-03
-37.5601 2.505067E-03
-37.5401 2.516178E-03
-37.5201 2.527365E-03
-37.5001 2.538628E-03
-37.4800 2.549968E-03
-37.4600 2.561386E-03
-37.4400 2.572883E-03
-37.4200 2.584459E-03
-37.4000 2.596116E-03
-37.3800 2.607853E-03
-37.3600 2.619672E-03
-37.3400 2.631572E-03
-37.3200 2.643557E-03
-37.3000 2.655625E-03
-37.2799 2.667778E-03
-37.2599 2.680016E-03
-37.2399 2.692340E-03
-37.2199 2.704752E-03
-37.1999 2.717252E-03
-37.1799 2.729839E-03
-37.1599 2.742518E-03
-37.1399 2.755286E-03
-37.1199 2.768145E-03
-37.0999 2.781097E-03
-37.0798 2.794142E-03
-37.0598 2.807281E-03
-37.0398 2.820515E-03
-37.0198 2.833845E-03
-36.9998 2.847271E-03
-36.9798 2.860795E-03
-36.9598 2.874418E-03
-36.9398 2.888140E-03
-36.9198 2.901963E-03
-36.8998 2.915887E-03
-36.8797 2.929914E-03
-36.8597 2.944044E-03
-36.8397 2.958280E-03
-36.8197 2.972621E-03
-36.7997 2.987068E-03
-36.7797 3.001623E-03
-36.7597 3.016287E-03
-36.7397 3.031061E-03
-36.7197 3.045947E-03
-36.6997 3.060944E-03
-36.6796 3.076054E-03
-36.6596 3.091279E-03
-36.6396 3.106620E-03
-36.6196 3.122077E-03
-36.5996 3.137653E-03
-36.5796 3.153347E-03
-36.5596 3.169162E-03
-36.5396 3.185098E-03
-36.5196 3.201158E-03
-36.4996 3.217342E-03
-36.4795 3.233651E-03
-36.4595 3.250087E-03
-36.4395 3.266651E-03
-36.4195 3.283344E-03
-36.3995 3.300168E-03
-36.3795 3.317124E-03
-36.3595 3.334214E-03
-36.3395 3.351439E-03
-36.3195 3.368800E-03
-36.2995 3.386299E-03
-36.2794 3.403938E-03
-36.2594 3.421717E-03
-36.2394 3.439638E-03
-36.2194 3.457704E-03
-36.1994 3.475914E-03
-36.1794 3.494272E-03
-36.1594 3.512777E-03
-36.1394 3.531434E-03
-36.1194 3.550242E-03
-36.0994 3.569203E-03
-36.0793 3.588320E-03
-36.0593 3.607593E-03
-36.0393 3.627025E-03
-36.0193 3.646618E-03
-35.9993 3.666371E-03
-35.9793 3.686290E-03
-35.9593 3.706373E-03
-35.9393 3.726625E-03
-35.9193 3.747046E-03
-35.8993 3.767637E-03
-35.8792 3.788403E-03
-35.8592 3.809343E-03
-35.8392 3.830460E-03
-35.8192 3.851757E-03
-35.7992 3.873236E-03
-35.7792 3.894897E-03
-35.7592 3.916743E-03
-35.7392 3.938778E-03
-35.7192 3.961002E-03
-35.6992 3.983418E-03
-35.6791 4.006028E-03
-35.6591 4.028834E-03
-35.6391 4.051839E-03
-35.6191 4.075045E-03
-35.5991 4.098454E-03
-35.5791 4.122069E-03
-35.5591 4.145891E-03
-35.5391 4.169925E-03
-35.5191 4.194171E-03
-35.4991 4.218634E-03
-35.4790 4.243314E-03
-35.4590 4.268215E-03
-35.4390 4.293340E-03
-35.4190 4.318690E-03
-35.3990 4.344269E-03
-35.3790 4.370081E-03
-35.3590 4.396126E-03
-35.3390 4.422410E-03
-35.3190 4.448933E-03
-35.2990 4.475698E-03
-35.2789 4.502711E-03
-35.2589 4.529972E-03
-35.2389 4.557486E-03
-35.2189 4.585255E-03
-35.1989 4.613283E-03
-35.1789 4.641572E-03
-35.1589 4.670127E-03
-35.1389 4.698950E-03
-35.1189 4.728045E-03
-35.0989 4.757415E-03
-35.0788 4.787064E-03
-35.0588 4.816995E-03
-35.0388 4.847212E-03
-35.0188 4.877717E-03
-34.9988 4.908517E-03
-34.9788 4.939614E-03
-34.9588 4.971011E-03
-34.9388 5.002714E-03
-34.9188 5.034725E-03
-34.8988 5.067048E-03
-34.8787 5.099689E-03
-34.8587 5.132652E-03
-34.8387 5.165938E-03
-34.8187 5.199554E-03
-34.7987 5.233505E-03
-34.7787 5.267794E-03
-34.7587 5.302426E-03
-34.7387 5.337405E-03
-34.7187 5.372737E-03
-34.6987 5.408426E-03
-34.6786 5.444477E-03
-34.6586 5.480894E-03
-34.6386 5.517683E-03
-34.6186 5.554849E-03
-34.5986 5.592397E-03
-34.5786 5.630332E-03
-34.5586 5.668661E-03
-34.5386 5.707386E-03
-34.5186 5.746516E-03
-34.4986 5.786055E-03
-34.4785 5.826009E-03
-34.4585 5.866383E-03
-34.4385 5.907186E-03
-34.4185 5.948420E-03
-34.3985 5.990095E-03
-34.3785 6.032214E-03
-34.3585 6.074785E-03
-34.3385 6.117814E-03
-34.3185 6.161307E-03
-34.2985 6.205273E-03
-34.2784 6.249718E-03
-34.2584 6.294647E-03
-34.2384 6.340068E-03
-34.2184 6.385990E-03
-34.1984 6.432418E-03
-34.1784 6.479362E-03
-34.1584 6.526827E-03
-34.1384 6.574823E-03
-34.1184 6.623357E-03
-34.0984 6.672437E-03
-34.0783 6.722072E-03
-34.0583 6.772269E-03
-34.0383 6.823038E-03
-34.0183 6.874387E-03
-33.9983 6.926324E-03
-33.9783 6.978861E-03
-33.9583 7.032004E-03
-33.9383 7.085763E-03
-33.9183 7.140151E-03
-33.8983 7.195174E-03
-33.8782 7.250841E-03
-33.8582 7.307167E-03
-33.8382 7.364159E-03
-33.8182 7.421828E-03
-33.7982 7.480187E-03
-33.7782 7.539242E-03
-33.7582 7.599010E-03
-33.7382 7.659499E-03
-33.7182 7.720721E-03
-33.6982 7.782689E-03
-33.6781 7.845414E-03
-33.6581 7.908910E-03
-33.6381 7.973189E-03
-33.6181 8.038263E-03
-33.5981 8.104146E-03
-33.5781 8.170853E-03
-33.5581 8.238393E-03
-33.5381 8.306788E-03
-33.5181 8.376044E-03
-33.4981 8.446182E-03
-33.4780 8.517213E-03
-33.4580 8.589154E-03
-33.4380 8.662021E-03
-33.4180 8.735829E-03
-33.3980 8.810594E-03
-33.3780 8.886335E-03
-33.3580 8.963067E-03
-33.3380 9.040808E-03
-33.3180 9.119576E-03
-33.2980 9.199389E-03
-33.2779 9.280265E-03
-33.2579 9.362224E-03
-33.2379 9.445285E-03
-33.2179 9.529468E-03
-33.1979 9.614795E-03
-33.1779 9.701284E-03
-33.1579 9.788955E-03
-33.1379 9.877835E-03
-33.1179 9.967945E-03
-33.0979 1.005931E-02
-33.0778 1.015194E-02
-33.0578 1.024587E-02
-33.0378 1.034113E-02
-33.0178 1.043773E-02
-32.9978 1.053571E-02
-32.9778 1.063509E-02
-32.9578 1.073590E-02
-32.9378 1.083816E-02
-32.9178 1.094190E-02
-32.8978 1.104716E-02
-32.8777 1.115395E-02
-32.8577 1.126232E-02
-32.8377 1.137229E-02
-32.8177 1.148390E-02
-32.7977 1.159717E-02
-32.7777 1.171215E-02
-32.7577 1.182886E-02
-32.7377 1.194734E-02
-32.7177 1.206762E-02
-32.6977 1.218975E-02
-32.6776 1.231376E-02
-32.6576 1.243970E-02
-32.6376 1.256759E-02
-32.6176 1.269748E-02
-32.5976 1.282942E-02
-32.5776 1.296344E-02
-32.5576 1.309960E-02
-32.5376 1.323793E-02
-32.5176 1.337849E-02
-32.4976 1.352132E-02
-32.4775 1.366647E-02
-32.4575 1.381399E-02
-32.4375 1.396394E-02
-32.4175 1.411637E-02
-32.3975 1.427133E-02
-32.3775 1.442887E-02
-32.3575 1.458907E-02
-32.3375 1.475197E-02
-32.3175 1.491764E-02
-32.2975 1.508615E-02
-32.2774 1.525756E-02
-32.2574 1.543193E-02
-32.2374 1.560933E-02
-32.2174 1.578984E-02
-32.1974 1.597353E-02
-32.1774 1.616048E-02
-32.1574 1.635075E-02
-32.1374 1.654444E-02
-32.1174 1.674162E-02
-32.0974 1.694238E-02
-32.0773 1.714681E-02
-32.0573 1.735499E-02
-32.0373 1.756703E-02
-32.0173 1.778301E-02
-31.9973 1.800303E-02
-31.9773 1.822721E-02
-31.9573 1.845564E-02
-31.9373 1.868842E-02
-31.9173 1.892569E-02
-31.8973 1.916754E-02
-31.8772 1.941410E-02
-31.8572 1.966549E-02
-31.8372 1.992185E-02
-31.8172 2.018329E-02
-31.7972 2.044997E-02
-31.7772 2.072202E-02
-31.7572 2.099958E-02
-31.7372 2.128282E-02
-31.7172 2.157188E-02
-31.6972 2.186692E-02
-31.6771 2.216811E-02
-31.6571 2.247563E-02
-31.6371 2.278966E-02
-31.6171 2.311037E-02
-31.5971 2.343798E-02
-31.5771 2.377266E-02
-31.5571 2.411464E-02
-31.5371 2.446412E-02
-31.5171 2.482133E-02
-31.4971 2.518650E-02
-31.4770 2.555987E-02
-31.4570 2.594168E-02
-31.4370 2.633221E-02
-31.4170 2.673171E-02
-31.3970 2.714046E-02
-31.3770 2.755875E-02
-31.3570 2.798690E-02
-31.3370 2.842520E-02
-31.3170 2.887399E-02
-31.2970 2.933360E-02
-31.2769 2.980438E-02
-31.2569 3.028672E-02
-31.2369 3.078098E-02
-31.2169 3.128758E-02
-31.1969 3.180693E-02
-31.1769 3.233945E-02
-31.1569 3.288561E-02
-31.1369 3.344588E-02
-31.1169 3.402076E-02
-31.0969 3.461076E-02
-31.0768 3.521640E-02
-31.0568 3.583828E-02
-31.0368 3.647697E-02
-31.0168 3.713309E-02
-30.9968 3.780728E-02
-30.9768 3.850023E-02
-30.9568 3.921263E-02
-30.9368 3.994524E-02
-30.9168 4.069883E-02
-30.8968 4.147424E-02
-30.8767 4.227229E-02
-30.8567 4.309391E-02
-30.8367 4.394002E-02
-30.8167 4.481164E-02
-30.7967 4.570981E-02
-30.7767 4.663563E-02
-30.7567 4.759025E-02
-30.7367 4.857490E-02
-30.7167 4.959086E-02
-30.6967 5.063952E-02
-30.6766 5.172229E-02
-30.6566 5.284067E-02
-30.6366 5.399629E-02
-30.6166 5.519082E-02
-30.5966 5.642608E-02
-30.5766 5.770396E-02
-30.5566 5.902644E-02
-30.5366 6.039566E-02
-30.5166 6.181392E-02
-30.4966 6.328360E-02
-30.4765 6.480723E-02
-30.4565 6.638757E-02
-30.4365 6.802749E-02
-30.4165 6.973012E-02
-30.3965 7.149866E-02
-30.3765 7.333668E-02
-30.3565 7.524795E-02
-30.3365 7.723646E-02
-30.3165 7.930651E-02
-30.2965 8.146271E-02
-30.2764 8.370997E-02
-30.2564 8.605365E-02
-30.2364 8.849943E-02
-30.2164 9.105349E-02
-30.1964 9.372241E-02
-30.1764 9.651337E-02
-30.1564 9.943414E-02
-30.1364 1.024930E-01
-30.1164 1.056991E-01
-30.0964 1.090622E-01
-30.0763 1.125931E-01
-30.0563 1.163033E-01
-30.0363 1.202058E-01
-30.0163 1.243141E-01
-29.9963 1.286437E-01
-29.9763 1.332111E-01
-29.9563 1.380346E-01
-29.9363 1.431345E-01
-29.9163 1.485330E-01
-29.8963 1.542546E-01
-29.8762 1.603266E-01
-29.8562 1.667795E-01
-29.8362 1.736467E-01
-29.8162 1.809665E-01
-29.7962 1.887806E-01
-29.7762 1.971373E-01
-29.7562 2.060898E-01
-29.7362 2.156994E-01
-29.7162 2.260347E-01
-29.6962 2.371751E-01
-29.6761 2.492107E-01
-29.6561 2.622464E-01
-29.6361 2.764025E-01
-29.6161 2.918195E-01
-29.5961 3.086627E-01
-29.5761 3.271257E-01
-29.5561 3.474399E-01
-29.5361 3.698806E-01
-29.5161 3.947817E-01
-29.4961 4.225501E-01
-29.4760 4.536860E-01
-29.4560 4.888155E-01
-29.4360 5.287294E-01
-29.4160 5.744421E-01
-29.3960 6.272802E-01
-29.3760 6.890132E-01
-29.3560 7.620504E-01
-29.3360 8.497584E-01
-29.3160 9.569707E-01
-29.2960 1.090812E+00
-29.2759 1.262009E+00
-29.2559 1.486714E+00
-29.2359 1.787643E+00
-29.2159 2.188194E+00
-29.1959 2.681895E+00
-29.1759 3.188010E+00
-29.1559 3.644321E+00
-29.1359 4.176182E+00
-29.1159 4.923761E+00
-29.0959 5.810070E+00
-29.0758 6.639742E+00
-29.0558 7.345347E+00
-29.0358 8.012173E+00
-29.0158 8.957746E+00
-28.9958 1.038464E+01
-28.9758 1.198035E+01
-28.9558 1.308229E+01
-28.9358 1.324315E+01
-28.9158 1.284502E+01
-28.8958 1.271063E+01
-28.8757 1.298133E+01
-28.8557 1.299988E+01
-28.8357 1.237157E+01
-28.8157 1.141551E+01
-28.7957 1.044461E+01
-28.7757 9.695648E+00
-28.7557 9.403202E+00
-28.7357 9.617547E+00
-28.7157 1.023477E+01
-28.6957 1.095141E+01
-28.6756 1.144354E+01
-28.6556 1.176403E+01
-28.6356 1.225515E+01
-28.6156 1.299361E+01
-28.5956 1.361943E+01
-28.5756 1.372773E+01
-28.5556 1.313182E+01
-28.5356 1.215210E+01
-28.5156 1.136306E+01
-28.4956 1.095789E+01
-28.4755 1.091454E+01
-28.4555 1.107769E+01
-28.4355 1.106281E+01
-28.4155 1.053026E+01
-28.3955 9.421575E+00
-28.3755 7.799708E+00
-28.3555 6.054439E+00
-28.3355 4.612058E+00
-28.3155 3.562940E+00
-28.2955 2.822892E+00
-28.2754 2.294597E+00
-28.2554 1.907697E+00
-28.2354 1.616415E+00
-28.2154 1.391416E+00
-28.1954 1.213632E+00
-28.1754 1.070366E+00
-28.1554 9.529370E-01
-28.1354 8.552615E-01
-28.1154 7.729743E-01
-28.0954 7.028736E-01
-28.0753 6.425665E-01
-28.0553 5.902336E-01
-28.0353 5.444677E-01
-28.0153 5.041681E-01
-27.9953 4.684613E-01
-27.9753 4.366455E-01
-27.9553 4.081525E-01
-27.9353 3.825163E-01
-27.9153 3.593520E-01
-27.8953 3.383397E-01
-27.8752 3.192105E-01
-27.8552 3.017379E-01
-27.8352 2.857288E-01
-27.8152 2.710184E-01
-27.7952 2.574649E-01
-27.7752 2.449466E-01
-27.7552 2.333567E-01
-27.7352 2.226030E-01
-27.7152 2.126042E-01
-27.6952 2.032894E-01
-27.6751 1.945954E-01
-27.6551 1.864669E-01
-27.6351 1.788544E-01
-27.6151 1.717140E-01
-27.5951 1.650064E-01
-27.5751 1.586964E-01
-27.5551 1.527525E-01
-27.5351 1.471460E-01
-27.5151 1.418513E-01
-27.4951 1.368453E-01
-27.4750 1.321068E-01
-27.4550 1.276167E-01
-27.4350 1.233574E-01
-27.4150 1.193132E-01
-27.3950 1.154694E-01
-27.3750 1.118129E-01
-27.3550 1.083313E-01
-27.3350 1.050135E-01
-27.3150 1.018492E-01
-27.2950 9.882886E-02
-27.2749 9.594373E-02
-27.2549 9.318574E-02
-27.2349 9.054738E-02
-27.2149 8.802172E-02
-27.1949 8.560232E-02
-27.1749 8.328322E-02
-27.1549 8.105884E-02
-27.1349 7.892404E-02
-27.1149 7.687397E-02
-27.0949 7.490418E-02
-27.0748 7.301046E-02
-27.0548 7.118887E-02
-27.0348 6.943576E-02
-27.0148 6.774768E-02
-26.9948 6.612142E-02
-26.9748 6.455395E-02
-26.9548 6.304245E-02
-26.9348 6.158424E-02
-26.9148 6.017682E-02
-26.8948 5.881782E-02
-26.8747 5.750505E-02
-26.8547 5.623637E-02
-26.8347 5.500983E-02
-26.8147 5.382356E-02
-26.7947 5.267579E-02
-26.7747 5.156486E-02
-26.7547 5.048920E-02
-26.7347 4.944731E-02
-26.7147 4.843777E-02
-26.6947 4.745926E-02
-26.6746 4.651050E-02
-26.6546 4.559028E-02
-26.6346 4.469746E-02
-26.6146 4.383095E-02
-26.5946 4.298972E-02
-26.5746 4.217279E-02
-26.5546 4.137921E-02
-26.5346 4.060812E-02
-26.5146 3.985865E-02
-26.4946 3.913000E-02
-26.4745 3.842139E-02
-26.4545 3.773210E-02
-26.4345 3.706142E-02
-26.4145 3.640869E-02
-26.3945 3.577326E-02
-26.3745 3.515452E-02
-26.3545 3.455188E-02
-26.3345 3.396480E-02
-26.3145 3.339274E-02
-26.2945 3.283518E-02
-26.2744 3.229164E-02
-26.2544 3.176165E-02
-26.2344 3.124475E-02
-26.2144 3.074052E-02
-26.1944 3.024854E-02
-26.1744 2.976842E-02
-26.1544 2.929978E-02
-26.1344 2.884225E-02
-26.1144 2.839548E-02
-26.0944 2.795914E-02
-26.0743 2.753290E-02
-26.0543 2.711645E-02
-26.0343 2.670949E-02
-26.0143 2.631174E-02
-25.9943 2.592290E-02
-25.9743 2.554273E-02
-25.9543 2.517097E-02
-25.9343 2.480736E-02
-25.9143 2.445166E-02
-25.8943 2.410366E-02
-25.8742 2.376313E-02
-25.8542 2.342985E-02
-25.8342 2.310361E-02
-25.8142 2.278423E-02
-25.7942 2.247151E-02
-25.7742 2.216527E-02
-25.7542 2.186532E-02
-25.7342 2.157150E-02
-25.7142 2.128363E-02
-25.6942 2.100156E-02
-25.6741 2.072514E-02
-25.6541 2.045421E-02
-25.6341 2.018862E-02
-25.6141 1.992825E-02
-25.5941 1.967294E-02
-25.5741 1.942257E-02
-25.5541 1.917702E-02
-25.5341 1.893615E-02
-25.5141 1.869986E-02
-25.4941 1.846802E-02
-25.4740 1.824053E-02
-25.4540 1.801727E-02
-25.4340 1.779814E-02
-25.4140 1.758305E-02
-25.3940 1.737188E-02
-25.3740 1.716455E-02
-25.3540 1.696097E-02
-25.3340 1.676103E-02
-25.3140 1.656467E-02
-25.2940 1.637178E-02
-25.2739 1.618229E-02
-25.2539 1.599612E-02
-25.2339 1.581320E-02
-25.2139 1.563345E-02
-25.1939 1.545679E-02
-25.1739 1.528315E-02
-25.1539 1.511247E-02
-25.1339 1.494468E-02
-25.1139 1.477971E-02
-25.0939 1.461750E-02
-25.0738 1.445799E-02
-25.0538 1.430112E-02
-25.0338 1.414684E-02
-25.0138 1.399507E-02
-24.9938 1.384578E-02
-24.9738 1.369891E-02
-24.9538 1.355440E-02
-24.9338 1.341220E-02
-24.9138 1.327227E-02
-24.8938 1.313456E-02
-24.8737 1.299902E-02
-24.8537 1.286560E-02
-24.8337 1.273426E-02
-24.8137 1.260497E-02
-24.7937 1.247767E-02
-24.7737 1.235232E-02
-24.7537 1.222889E-02
-24.7337 1.210734E-02
-24.7137 1.198762E-02
-24.6937 1.186970E-02
-24.6736 1.175356E-02
-24.6536 1.163914E-02
-24.6336 1.152642E-02
-24.6136 1.141536E-02
-24.5936 1.130594E-02
-24.5736 1.119811E-02
-24.5536 1.109185E-02
-24.5336 1.098713E-02
-24.5136 1.088391E-02
-24.4936 1.078218E-02
-24.4735 1.068190E-02
-24.4535 1.058304E-02
-24.4335 1.048557E-02
-24.4135 1.038948E-02
-24.3935 1.029474E-02
-24.3735 1.020131E-02
-24.3535 1.010918E-02
-24.3335 1.001833E-02
-24.3135 9.928721E-03
-24.2935 9.840339E-03
-24.2734 9.753162E-03
-24.2534 9.667167E-03
-24.2334 9.582332E-03
-24.2134 9.498638E-03
-24.1934 9.416065E-03
-24.1734 9.334591E-03
-24.1534 9.254199E-03
-24.1334 9.174868E-03
-24.1134 9.096580E-03
-24.0934 9.019318E-03
-24.0733 8.943062E-03
-24.0533 8.867797E-03
-24.0333 8.793505E-03
-24.0133 8.720169E-03
-23.9933 8.647774E-03
-23.9733 8.576303E-03
-23.9533 8.505740E-03
-23.9333 8.436071E-03
-23.9133 8.367280E-03
-23.8933 8.299353E-03
-23.8732 8.232275E-03
-23.8532 8.166032E-03
-23.8332 8.100611E-03
-23.8132 8.035998E-03
-23.7932 7.972181E-03
-23.7732 7.909144E-03
-23.7532 7.846879E-03
-23.7332 7.785370E-03
-23.7132 7.724606E-03
-23.6932 7.664575E-03
-23.6731 7.605265E-03
-23.6531 7.546665E-03
-23.6331 7.488764E-03
-23.6131 7.431551E-03
-23.5931 7.375015E-03
-23.5731 7.319145E-03
-23.5531 7.263930E-03
-23.5331 7.209363E-03
-23.5131 7.155431E-03
-23.4931 7.102125E-03
-23.4730 7.049437E-03
-23.4530 6.997355E-03
-23.4330 6.945872E-03
-23.4130 6.894977E-03
-23.3930 6.844664E-03
-23.3730 6.794921E-03
-23.3530 6.745741E-03
-23.3330 6.697116E-03
-23.3130 6.649037E-03
-23.2930 6.601498E-03
-23.2729 6.554488E-03
-23.2529 6.507999E-03
-23.2329 6.462027E-03
-23.2129 6.416562E-03
-23.1929 6.371597E-03
-23.1729 6.327126E-03
-23.1529 6.283140E-03
-23.1329 6.239633E-03
-23.1129 6.196599E-03
-23.0929 6.154030E-03
-23.0728 6.111920E-03
-23.0528 6.070262E-03
-23.0328 6.029050E-03
-23.0128 5.988278E-03
-22.9928 5.947940E-03
-22.9728 5.908029E-03
-22.9528 5.868540E-03
-22.9328 5.829467E-03
-22.9128 5.790804E-03
-22.8928 5.752545E-03
-22.8727 5.714686E-03
-22.8527 5.677220E-03
-22.8327 5.640143E-03
-22.8127 5.603448E-03
-22.7927 5.567132E-03
-22.7727 5.531188E-03
-22.7527 5.495613E-03
-22.7327 5.460401E-03
-22.7127 5.425547E-03
-22.6927 5.391046E-03
-22.6726 5.356894E-03
-22.6526 5.323086E-03
-22.6326 5.289620E-03
-22.6126 5.256488E-03
-22.5926 5.223686E-03
-22.5726 5.191212E-03
-22.5526 5.159061E-03
-22.5326 5.127227E-03
-22.5126 5.095708E-03
-22.4926 5.064499E-03
-22.4725 5.033598E-03
-22.4525 5.002998E-03
-22.4325 4.972699E-03
-22.4125 4.942693E-03
-22.3925 4.912979E-03
-22.3725 4.883553E-03
-22.3525 4.854411E-03
-22.3325 4.825549E-03
-22.3125 4.796966E-03
-22.2925 4.768656E-03
-22.2724 4.740616E-03
-22.2524 4.712844E-03
-22.2324 4.685336E-03
-22.2124 4.658089E-03
-22.1924 4.631100E-03
-22.1724 4.604365E-03
-22.1524 4.577882E-03
-22.1324 4.551647E-03
-22.1124 4.525658E-03
-22.0924 4.499911E-03
-22.0723 4.474406E-03
-22.0523 4.449137E-03
-22.0323 4.424103E-03
-22.0123 4.399300E-03
-21.9923 4.374727E-03
-21.9723 4.350380E-03
-21.9523 4.326257E-03
-21.9323 4.302355E-03
-21.9123 4.278672E-03
-21.8923 4.255205E-03
-21.8722 4.231952E-03
-21.8522 4.208911E-03
-21.8322 4.186079E-03
-21.8122 4.163456E-03
-21.7922 4.141035E-03
-21.7722 4.118817E-03
-21.7522 4.096799E-03
-21.7322 4.074978E-03
-21.7122 4.053355E-03
-21.6922 4.031925E-03
-21.6721 4.010688E-03
-21.6521 3.989639E-03
-21.6321 3.968780E-03
-21.6121 3.948105E-03
-21.5921 3.927615E-03
-21.5721 3.907308E-03
-21.5521 3.887178E-03
-21.5321 3.867230E-03
-21.5121 3.847455E-03
-21.4921 3.827858E-03
-21.4720 3.808435E-03
-21.4520 3.789179E-03
-21.4320 3.770096E-03
-21.4120 3.751180E-03
-21.3920 3.732433E-03
-21.3720 3.713849E-03
-21.3520 3.695428E-03
-21.3320 3.677169E-03
-21.3120 3.659074E-03
-21.2920 3.641135E-03
-21.2719 3.623354E-03
-21.2519 3.605728E-03
-21.2319 3.588258E-03
-21.2119 3.570946E-03
-21.1919 3.553783E-03
-21.1719 3.536772E-03
-21.1519 3.519910E-03
-21.1319 3.503196E-03
-21.1119 3.486634E-03
-21.0919 3.470213E-03
-21.0718 3.453943E-03
-21.0518 3.437814E-03
-21.0318 3.421834E-03
-21.0118 3.405995E-03
-20.9918 3.390294E-03
-20.9718 3.374743E-03
-20.9518 3.359325E-03
-20.9318 3.344045E-03
-20.9118 3.328909E-03
-20.8918 3.313913E-03
-20.8717 3.299049E-03
-20.8517 3.284329E-03
-20.8317 3.269744E-03
-20.8117 3.255300E-03
-20.7917 3.240996E-03
-20.7717 3.226820E-03
-20.7517 3.212789E-03
-20.7317 3.198891E-03
-20.7117 3.185125E-03
-20.6917 3.171510E-03
-20.6716 3.158023E-03
-20.6516 3.144686E-03
-20.6316 3.131484E-03
-20.6116 3.118416E-03
-20.5916 3.105494E-03
-20.5716 3.092716E-03
-20.5516 3.080083E-03
-20.5316 3.067610E-03
-20.5116 3.055279E-03
-20.4916 3.043108E-03
-20.4715 3.031077E-03
-20.4515 3.019205E-03
-20.4315 3.007515E-03
-20.4115 2.995987E-03
-20.3915 2.984646E-03
-20.3715 2.973468E-03
-20.3515 2.962482E-03
-20.3315 2.951690E-03
-20.3115 2.941133E-03
-20.2915 2.930746E-03
-20.2714 2.920605E-03
-20.2514 2.910722E-03
-20.2314 2.901108E-03
-20.2114 2.891779E-03
-20.1914 2.882748E-03
-20.1714 2.874036E-03
-20.1514 2.865719E-03
-20.1314 2.857834E-03
-20.1114 2.850351E-03
-20.0914 2.843380E-03
-20.0713 2.837056E-03
-20.0513 2.831290E-03
-20.0313 2.826330E-03
-20.0113 2.822304E-03
-19.9913 2.819238E-03
-19.9713 2.817416E-03
-19.9513 2.817068E-03
-19.9313 2.818641E-03
-19.9113 2.822213E-03
-19.8913 2.828623E-03
-19.8712 2.838584E-03
-19.8512 2.852848E-03
-19.8312 2.872950E-03
-19.8112 2.901093E-03
-19.7912 2.939474E-03
-19.7712 2.992809E-03
-19.7512 3.067066E-03
-19.7312 3.171843E-03
-19.7112 3.323723E-03
-19.6912 3.545939E-03
-19.6711 3.874480E-03
-19.6511 4.346963E-03
-19.6311 4.954809E-03
-19.6111 5.554222E-03
-19.5911 5.941117E-03
-19.5711 5.974145E-03
-19.5511 5.546071E-03
-19.5311 4.849976E-03
-19.5111 4.210603E-03
-19.4911 3.737482E-03
-19.4710 3.412265E-03
-19.4510 3.190426E-03
-19.4310 3.030895E-03
-19.4110 2.914594E-03
-19.3910 2.825717E-03
-19.3710 2.769434E-03
-19.3510 2.700354E-03
-19.3310 2.681543E-03
-19.3110 2.655045E-03
-19.2910 2.650297E-03
-19.2709 2.593114E-03
-19.2509 2.545368E-03
-19.2309 2.511208E-03
-19.2109 2.532551E-03
-19.1909 2.287992E-03
-19.1709 2.392945E-03
-19.1509 2.291805E-03
-19.1309 2.653058E-03
-19.1109 2.693982E-03
-19.0909 2.559958E-03
-19.0708 2.594950E-03
-19.0508 2.548518E-03
-19.0308 2.489655E-03
-19.0108 2.552069E-03
-18.9908 2.565831E-03
-18.9708 2.548694E-03
-18.9508 2.567230E-03
-18.9308 2.586434E-03
-18.9108 2.604024E-03
-18.8908 2.619705E-03
-18.8707 2.635263E-03
-18.8507 2.655359E-03
-18.8307 2.671136E-03
-18.8107 2.691138E-03
-18.7907 2.714121E-03
-18.7707 2.736020E-03
-18.7507 2.763180E-03
-18.7307 2.785994E-03
-18.7107 2.811344E-03
-18.6907 2.841280E-03
-18.6706 2.866523E-03
-18.6506 2.898123E-03
-18.6306 2.931434E-03
-18.6106 2.964849E-03
-18.5906 3.000470E-03
-18.5706 3.036655E-03
-18.5506 3.075752E-03
-18.5306 3.115784E-03
-18.5106 3.157655E-03
-18.4906 3.201301E-03
-18.4705 3.246548E-03
-18.4505 3.293291E-03
-18.4305 3.341350E-03
-18.4105 3.389442E-03
-18.3905 3.439874E-03
-18.3705 3.492011E-03
-18.3505 3.543335E-03
-18.3305 3.596632E-03
-18.3105 3.650316E-03
-18.2905 3.705531E-03
-18.2704 3.761640E-03
-18.2504 3.819023E-03
-18.2304 3.878552E-03
-18.2104 3.939003E-03
-18.1904 4.001074E-03
-18.1704 4.065195E-03
-18.1504 4.130297E-03
-18.1304 4.196814E-03
-18.1104 4.264588E-03
-18.0904 4.333497E-03
-18.0703 4.403697E-03
-18.0503 4.474334E-03
-18.0303 4.545914E-03
-18.0103 4.617538E-03
-17.9903 4.689448E-03
-17.9703 4.761393E-03
-17.9503 4.833411E-03
-17.9303 4.904875E-03
-17.9103 4.975813E-03
-17.8903 5.045992E-03
-17.8702 5.115576E-03
-17.8502 5.183891E-03
-17.8302 5.251218E-03
-17.8102 5.316902E-03
-17.7902 5.381177E-03
-17.7702 5.444036E-03
-17.7502 5.504983E-03
-17.7302 5.564223E-03
-17.7102 5.621444E-03
-17.6902 5.676866E-03
-17.6701 5.730101E-03
-17.6501 5.781423E-03
-17.6301 5.830443E-03
-17.6101 5.877567E-03
-17.5901 5.922585E-03
-17.5701 5.965382E-03
-17.5501 6.006392E-03
-17.5301 6.045109E-03
-17.5101 6.081983E-03
-17.4901 6.116945E-03
-17.4700 6.150055E-03
-17.4500 6.181400E-03
-17.4300 6.211049E-03
-17.4100 6.239021E-03
-17.3900 6.265660E-03
-17.3700 6.290772E-03
-17.3500 6.314594E-03
-17.3300 6.337169E-03
-17.3100 6.358715E-03
-17.2900 6.379171E-03
-17.2699 6.398796E-03
-17.2499 6.417572E-03
-17.2299 6.435467E-03
-17.2099 6.452914E-03
-17.1899 6.469824E-03
-17.1699 6.486179E-03
-17.1499 6.502279E-03
-17.1299 6.518202E-03
-17.1099 6.533746E-03
-17.0899 6.549251E-03
-17.0698 6.564700E-03
-17.0498 6.580180E-03
-17.0298 6.595800E-03
-17.0098 6.611499E-03
-16.9898 6.627321E-03
-16.9698 6.643522E-03
-16.9498 6.659938E-03
-16.9298 6.676757E-03
-16.9098 6.693872E-03
-16.8898 6.711466E-03
-16.8697 6.729483E-03
-16.8497 6.747904E-03
-16.8297 6.766937E-03
-16.8097 6.786391E-03
-16.7897 6.806402E-03
-16.7697 6.826936E-03
-16.7497 6.848032E-03
-16.7297 6.869758E-03
-16.7097 6.891996E-03
-16.6897 6.914835E-03
-16.6696 6.938332E-03
-16.6496 6.962379E-03
-16.6296 6.987057E-03
-16.6096 7.012402E-03
-16.5896 7.038389E-03
-16.5696 7.065018E-03
-16.5496 7.092345E-03
-16.5296 7.120229E-03
-16.5096 7.148892E-03
-16.4896 7.178189E-03
-16.4695 7.208166E-03
-16.4495 7.238842E-03
-16.4295 7.270276E-03
-16.4095 7.302435E-03
-16.3895 7.335325E-03
-16.3695 7.368908E-03
-16.3495 7.403246E-03
-16.3295 7.438394E-03
-16.3095 7.474362E-03
-16.2895 7.511079E-03
-16.2694 7.548585E-03
-16.2494 7.586959E-03
-16.2294 7.626092E-03
-16.2094 7.666058E-03
-16.1894 7.706890E-03
-16.1694 7.748578E-03
-16.1494 7.791055E-03
-16.1294 7.834492E-03
-16.1094 7.878699E-03
-16.0894 7.923853E-03
-16.0693 7.969837E-03
-16.0493 8.016690E-03
-16.0293 8.064462E-03
-16.0093 8.113112E-03
-15.9893 8.162558E-03
-15.9693 8.212943E-03
-15.9493 8.264226E-03
-15.9293 8.316382E-03
-15.9093 8.369386E-03
-15.8893 8.423269E-03
-15.8692 8.478038E-03
-15.8492 8.533640E-03
-15.8292 8.590085E-03
-15.8092 8.647393E-03
-15.7892 8.705528E-03
-15.7692 8.764460E-03
-15.7492 8.824287E-03
-15.7292 8.884839E-03
-15.7092 8.946238E-03
-15.6892 9.008338E-03
-15.6691 9.071281E-03
-15.6491 9.134934E-03
-15.6291 9.199364E-03
-15.6091 9.264471E-03
-15.5891 9.330304E-03
-15.5691 9.396839E-03
-15.5491 9.464028E-03
-15.5291 9.531884E-03
-15.5091 9.600361E-03
-15.4891 9.669491E-03
-15.4690 9.739153E-03
-15.4490 9.809427E-03
-15.4290 9.880265E-03
-15.4090 9.951622E-03
-15.3890 1.002351E-02
-15.3690 1.009586E-02
-15.3490 1.016867E-02
-15.3290 1.024193E-02
-15.3090 1.031563E-02
-15.2890 1.010367E-02
-15.2689 1.046419E-02
-15.2489 1.053900E-02
-15.2289 1.061413E-02
-15.2089 1.068955E-02
-15.1889 1.076529E-02
-15.1689 1.084129E-02
-15.1489 1.091748E-02
-15.1289 1.099389E-02
-15.1089 1.107047E-02
-15.0889 1.114726E-02
-15.0688 1.122416E-02
-15.0488 1.130117E-02
-15.0288 1.098143E-02
-15.0088 1.145544E-02
-14.9888 1.153263E-02
-14.9688 1.084070E-02
-14.9488 1.168713E-02
-14.9288 1.176437E-02
-14.9088 1.184159E-02
-14.8888 1.191872E-02
-14.8687 1.199583E-02
-14.8487 1.207282E-02
-14.8287 1.214971E-02
-14.8087 1.222649E-02
-14.7887 1.230313E-02
-14.7687 1.237959E-02
-14.7487 1.245594E-02
-14.7287 1.253210E-02
-14.7087 1.160666E-02
-14.6887 1.268380E-02
-14.6686 1.275939E-02
-14.6486 1.235320E-02
-14.6286 1.290985E-02
-14.6086 1.298475E-02
-14.5886 1.305940E-02
-14.5686 1.313383E-02
-14.5486 1.320802E-02
-14.5286 1.328197E-02
-14.5086 1.335567E-02
-14.4886 1.342911E-02
-14.4685 1.350232E-02
-14.4485 1.357528E-02
-14.4285 1.364800E-02
-14.4085 1.372050E-02
-14.3885 1.265676E-02
-14.3685 1.386477E-02
-14.3485 1.334144E-02
-14.3285 1.400814E-02
-14.3085 1.407951E-02
-14.2885 1.415067E-02
-14.2684 1.422162E-02
-14.2484 1.429245E-02
-14.2284 1.436303E-02
-14.2084 1.443349E-02
-14.1884 1.450378E-02
-14.1684 1.457393E-02
-14.1484 1.464398E-02
-14.1284 1.471387E-02
-14.1084 1.478368E-02
-14.0884 1.485341E-02
-14.0683 1.375305E-02
-14.0483 1.499261E-02
-14.0283 1.443108E-02
-14.0083 1.513165E-02
-13.9883 1.520110E-02
-13.9683 1.527059E-02
-13.9483 1.534008E-02
-13.9283 1.540957E-02
-13.9083 1.547911E-02
-13.8883 1.554872E-02
-13.8682 1.561839E-02
-13.8482 1.568816E-02
-13.8282 1.575802E-02
-13.8082 1.582802E-02
-13.7882 1.589813E-02
-13.7682 1.596841E-02
-13.7482 1.493474E-02
-13.7282 1.610947E-02
-13.7082 1.557235E-02
-13.6882 1.625128E-02
-13.6681 1.632253E-02
-13.6481 1.639399E-02
-13.6281 1.646573E-02
-13.6081 1.653773E-02
-13.5881 1.661001E-02
-13.5681 1.668258E-02
-13.5481 1.675545E-02
-13.5281 1.682862E-02
-13.5081 1.690216E-02
-13.4881 1.697600E-02
-13.4680 1.705021E-02
-13.4480 1.712480E-02
-13.4280 1.621813E-02
-13.4080 1.727504E-02
-13.3880 1.680717E-02
-13.3680 1.742688E-02
-13.3480 1.750339E-02
-13.3280 1.758031E-02
-13.3080 1.765767E-02
-13.2880 1.773546E-02
-13.2679 1.781366E-02
-13.2479 1.789231E-02
-13.2279 1.797139E-02
-13.2079 1.805092E-02
-13.1879 1.813090E-02
-13.1679 1.821135E-02
-13.1479 1.829223E-02
-13.1279 1.837358E-02
-13.1079 1.758865E-02
-13.0879 1.853766E-02
-13.0678 1.814870E-02
-13.0478 1.870351E-02
-13.0278 1.878714E-02
-13.0078 1.887119E-02
-12.9878 1.895569E-02
-12.9678 1.904064E-02
-12.9478 1.912606E-02
-12.9278 1.921188E-02
-12.9078 1.929811E-02
-12.8878 1.938477E-02
-12.8677 1.947187E-02
-12.8477 1.955936E-02
-12.8277 1.964726E-02
-12.8077 1.973553E-02
-12.7877 1.900968E-02
-12.7677 1.991322E-02
-12.7477 1.957572E-02
-12.7277 2.009236E-02
-12.7077 2.018246E-02
-12.6877 2.027287E-02
-12.6676 2.036362E-02
-12.6476 2.045466E-02
-12.6276 2.054603E-02
-12.6076 2.063765E-02
-12.5876 2.072953E-02
-12.5676 2.082171E-02
-12.5476 2.091412E-02
-12.5276 2.100675E-02
-12.5076 2.109963E-02
-12.4876 2.119270E-02
-12.4675 2.044636E-02
-12.4475 2.137944E-02
-12.4275 2.104593E-02
-12.4075 2.156683E-02
-12.3875 2.166076E-02
-12.3675 2.175482E-02
-12.3475 2.184901E-02
-12.3275 2.194329E-02
-12.3075 2.203769E-02
-12.2875 2.213216E-02
-12.2674 2.222672E-02
-12.2474 2.232134E-02
-12.2274 2.241600E-02
-12.2074 2.251071E-02
-12.1874 2.260547E-02
-12.1674 2.270025E-02
-12.1474 2.189011E-02
-12.1274 2.288983E-02
-12.1074 2.252361E-02
-12.0874 2.307946E-02
-12.0673 2.317425E-02
-12.0473 2.326902E-02
-12.0273 2.336378E-02
-12.0073 2.345853E-02
-11.9873 2.355322E-02
-11.9673 2.364792E-02
-11.9473 2.374256E-02
-11.9273 2.383717E-02
-11.9073 2.393175E-02
-11.8873 2.402631E-02
-11.8672 2.412081E-02
-11.8472 2.421528E-02
-11.8272 2.336904E-02
-11.8072 2.440413E-02
-11.7872 2.400489E-02
-11.7672 2.459290E-02
-11.7472 2.468727E-02
-11.7272 2.478162E-02
-11.7072 2.487598E-02
-11.6872 2.497032E-02
-11.6671 2.506469E-02
-11.6471 2.515906E-02
-11.6271 2.525349E-02
-11.6071 2.534793E-02
-11.5871 2.544244E-02
-11.5671 2.553701E-02
-11.5471 2.563165E-02
-11.5271 2.572637E-02
-11.5071 2.494245E-02
-11.4871 2.591610E-02
-11.4670 2.552580E-02
-11.4470 2.610636E-02
-11.4270 2.620171E-02
-11.4070 2.629723E-02
-11.3870 2.639292E-02
-11.3670 2.648881E-02
-11.3470 2.658494E-02
-11.3270 2.668130E-02
-11.3070 2.677791E-02
-11.2870 2.687479E-02
-11.2669 2.697198E-02
-11.2469 2.706945E-02
-11.2269 2.716728E-02
-11.2069 2.726545E-02
-11.1869 2.668814E-02
-11.1669 2.746289E-02
-11.1469 2.715411E-02
-11.1269 2.766197E-02
-11.1069 2.776219E-02
-11.0869 2.786288E-02
-11.0668 2.796405E-02
-11.0468 2.806574E-02
-11.0268 2.816799E-02
-11.0068 2.827079E-02
-10.9868 2.837417E-02
-10.9668 2.847815E-02
-10.9468 2.858277E-02
-10.9268 2.868802E-02
-10.9068 2.879396E-02
-10.8868 2.890059E-02
-10.8667 2.868653E-02
-10.8467 2.911605E-02
-10.8267 2.897458E-02
-10.8067 2.933457E-02
-10.7867 2.944506E-02
-10.7667 2.955635E-02
-10.7467 2.966853E-02
-10.7267 2.978158E-02
-10.7067 2.989555E-02
-10.6867 3.001042E-02
-10.6666 3.012625E-02
-10.6466 3.024306E-02
-10.6266 3.036088E-02
-10.6066 3.047969E-02
-10.5866 3.059956E-02
-10.5666 3.072048E-02
-10.5466 3.099625E-02
-10.5266 3.096563E-02
-10.5066 3.107117E-02
-10.4866 3.121525E-02
-10.4665 3.134179E-02
-10.4465 3.146954E-02
-10.4265 3.159847E-02
-10.4065 3.172865E-02
-10.3865 3.186003E-02
-10.3665 3.199269E-02
-10.3465 3.212666E-02
-10.3265 3.226185E-02
-10.3065 3.239840E-02
-10.2865 3.253625E-02
-10.2664 3.267543E-02
-10.2464 3.281595E-02
-10.2264 3.361390E-02
-10.2064 3.310110E-02
-10.1864 3.349924E-02
-10.1664 3.339174E-02
-10.1464 3.353915E-02
-10.1264 3.368796E-02
-10.1064 3.383814E-02
-10.0864 3.398978E-02
-10.0663 3.414278E-02
-10.0463 3.429722E-02
-10.0263 3.445305E-02
-10.0063 3.461031E-02
-9.9863 3.476895E-02
-9.9663 3.492898E-02
-9.9463 3.509043E-02
-9.9263 3.525323E-02
-9.9063 3.643121E-02
-9.8863 3.558293E-02
-9.8662 3.624108E-02
-9.8462 3.591796E-02
-9.8262 3.608742E-02
-9.8062 3.625818E-02
-9.7862 3.643023E-02
-9.7662 3.660345E-02
-9.7462 3.677789E-02
-9.7262 3.695353E-02
-9.7062 3.713029E-02
-9.6862 3.730816E-02
-9.6661 3.748710E-02
-9.6461 3.766707E-02
-9.6261 3.784801E-02
-9.6061 3.802994E-02
-9.5861 3.924433E-02
-9.5661 3.839642E-02
-9.5461 3.916417E-02
-9.5261 3.876613E-02
-9.5061 3.895206E-02
-9.4861 3.913865E-02
-9.4660 3.932583E-02
-9.4460 3.951357E-02
-9.4260 3.970177E-02
-9.4060 3.989038E-02
-9.3860 4.007937E-02
-9.3660 4.026864E-02
-9.3460 4.045815E-02
-9.3260 4.064782E-02
-9.3060 4.083758E-02
-9.2860 4.102741E-02
-9.2659 4.185750E-02
-9.2459 4.140689E-02
-9.2259 4.204428E-02
-9.2059 4.178573E-02
-9.1859 4.197477E-02
-9.1659 4.216344E-02
-9.1459 4.235172E-02
-9.1259 4.253950E-02
-9.1059 4.272675E-02
-9.0859 4.291342E-02
-9.0658 4.309941E-02
-9.0458 4.328472E-02
-9.0258 4.346925E-02
-9.0058 4.365300E-02
-8.9858 4.383584E-02
-8.9658 4.401780E-02
-8.9458 3.749649E-02
-8.9258 4.437879E-02
-8.9058 4.468621E-02
-8.8858 4.473563E-02
-8.8657 4.491243E-02
-8.8457 4.508805E-02
-8.8257 4.526254E-02
-8.8057 4.543579E-02
-8.7857 4.560788E-02
-8.7657 4.577873E-02
-8.7457 4.594831E-02
-8.7257 4.611666E-02
-8.7057 4.628370E-02
-8.6857 4.644950E-02
-8.6656 4.661398E-02
-8.6456 4.677720E-02
-8.6256 3.965414E-02
-8.6056 4.709982E-02
-8.5856 3.992683E-02
