-31.5333 5.966136E-04
-31.5133 5.977657E-04
-31.4933 5.989213E-04
-31.4733 6.000800E-04
-31.4533 6.012428E-04
-31.4332 6.024090E-04
-31.4132 6.035786E-04
-31.3932 6.047521E-04
-31.3732 6.059293E-04
-31.3532 6.071101E-04
-31.3332 6.082944E-04
-31.3132 6.094825E-04
-31.2932 6.106743E-04
-31.2732 6.118701E-04
-31.2532 6.130695E-04
-31.2331 6.142724E-04
-31.2131 6.154792E-04
-31.1931 6.166898E-04
-31.1731 6.179042E-04
-31.1531 6.191224E-04
-31.1331 6.203444E-04
-31.1131 6.215704E-04
-31.0931 6.228000E-04
-31.0731 6.240335E-04
-31.0531 6.252714E-04
-31.0330 6.265127E-04
-31.0130 6.277580E-04
-30.9930 6.290077E-04
-30.9730 6.302607E-04
-30.9530 6.315182E-04
-30.9330 6.327794E-04
-30.9130 6.340449E-04
-30.8930 6.353142E-04
-30.8730 6.365877E-04
-30.8530 6.378652E-04
-30.8329 6.391468E-04
-30.8129 6.404326E-04
-30.7929 6.417224E-04
-30.7729 6.430163E-04
-30.7529 6.443147E-04
-30.7329 6.456170E-04
-30.7129 6.469235E-04
-30.6929 6.482341E-04
-30.6729 6.495490E-04
-30.6529 6.508684E-04
-30.6328 6.521920E-04
-30.6128 6.535198E-04
-30.5928 6.548518E-04
-30.5728 6.561882E-04
-30.5528 6.575293E-04
-30.5328 6.588745E-04
-30.5128 6.602239E-04
-30.4928 6.615778E-04
-30.4728 6.629365E-04
-30.4528 6.642993E-04
-30.4327 6.656668E-04
-30.4127 6.670383E-04
-30.3927 6.684149E-04
-30.3727 6.697955E-04
-30.3527 6.711811E-04
-30.3327 6.725710E-04
-30.3127 6.739655E-04
-30.2927 6.753646E-04
-30.2727 6.767684E-04
-30.2527 6.781769E-04
-30.2326 6.795900E-04
-30.2126 6.810077E-04
-30.1926 6.824305E-04
-30.1726 6.838575E-04
-30.1526 6.852897E-04
-30.1326 6.867263E-04
-30.1126 6.881680E-04
-30.0926 6.896144E-04
-30.0726 6.910659E-04
-30.0526 6.925221E-04
-30.0325 6.939829E-04
-30.0125 6.954490E-04
-29.9925 6.969196E-04
-29.9725 6.983955E-04
-29.9525 6.998764E-04
-29.9325 7.013622E-04
-29.9125 7.028530E-04
-29.8925 7.043491E-04
-29.8725 7.058500E-04
-29.8525 7.073561E-04
-29.8324 7.088673E-04
-29.8124 7.103836E-04
-29.7924 7.119049E-04
-29.7724 7.134320E-04
-29.7524 7.149635E-04
-29.7324 7.165007E-04
-29.7124 7.180433E-04
-29.6924 7.195909E-04
-29.6724 7.211441E-04
-29.6524 7.227022E-04
-29.6323 7.242659E-04
-29.6123 7.258349E-04
-29.5923 7.274094E-04
-29.5723 7.289893E-04
-29.5523 7.305749E-04
-29.5323 7.321656E-04
-29.5123 7.337620E-04
-29.4923 7.353640E-04
-29.4723 7.369715E-04
-29.4523 7.385847E-04
-29.4322 7.402034E-04
-29.4122 7.418279E-04
-29.3922 7.434577E-04
-29.3722 7.450934E-04
-29.3522 7.467351E-04
-29.3322 7.483823E-04
-29.3122 7.500354E-04
-29.2922 7.516942E-04
-29.2722 7.533588E-04
-29.2522 7.550295E-04
-29.2321 7.567056E-04
-29.2121 7.583879E-04
-29.1921 7.600763E-04
-29.1721 7.617706E-04
-29.1521 7.634709E-04
-29.1321 7.651773E-04
-29.1121 7.668897E-04
-29.0921 7.686080E-04
-29.0721 7.703324E-04
-29.0521 7.720632E-04
-29.0320 7.738005E-04
-29.0120 7.755434E-04
-28.9920 7.772929E-04
-28.9720 7.790486E-04
-28.9520 7.808107E-04
-28.9320 7.825789E-04
-28.9120 7.843537E-04
-28.8920 7.861349E-04
-28.8720 7.879224E-04
-28.8520 7.897164E-04
-28.8319 7.915169E-04
-28.8119 7.933236E-04
-28.7919 7.951371E-04
-28.7719 7.969578E-04
-28.7519 7.987845E-04
-28.7319 8.006177E-04
-28.7119 8.024582E-04
-28.6919 8.043047E-04
-28.6719 8.061583E-04
-28.6519 8.080191E-04
-28.6318 8.098861E-04
-28.6118 8.117601E-04
-28.5918 8.136415E-04
-28.5718 8.155290E-04
-28.5518 8.174239E-04
-28.5318 8.193259E-04
-28.5118 8.212348E-04
-28.4918 8.231506E-04
-28.4718 8.250738E-04
-28.4518 8.270037E-04
-28.4317 8.289414E-04
-28.4117 8.308860E-04
-28.3917 8.328379E-04
-28.3717 8.347969E-04
-28.3517 8.367634E-04
-28.3317 8.387372E-04
-28.3117 8.407184E-04
-28.2917 8.427071E-04
-28.2717 8.447027E-04
-28.2517 8.467064E-04
-28.2316 8.487176E-04
-28.2116 8.507367E-04
-28.1916 8.527626E-04
-28.1716 8.547966E-04
-28.1516 8.568384E-04
-28.1316 8.588879E-04
-28.1116 8.609452E-04
-28.0916 8.630103E-04
-28.0716 8.650832E-04
-28.0516 8.671637E-04
-28.0315 8.692529E-04
-28.0115 8.713493E-04
-27.9915 8.734545E-04
-27.9715 8.755674E-04
-27.9515 8.776883E-04
-27.9315 8.798171E-04
-27.9115 8.819544E-04
-27.8915 8.841005E-04
-27.8715 8.862540E-04
-27.8515 8.884166E-04
-27.8314 8.905866E-04
-27.8114 8.927656E-04
-27.7914 8.949535E-04
-27.7714 8.971495E-04
-27.7514 8.993535E-04
-27.7314 9.015666E-04
-27.7114 9.037888E-04
-27.6914 9.060187E-04
-27.6714 9.082580E-04
-27.6514 9.105058E-04
-27.6313 9.127626E-04
-27.6113 9.150281E-04
-27.5913 9.173028E-04
-27.5713 9.195862E-04
-27.5513 9.218787E-04
-27.5313 9.241803E-04
-27.5113 9.264910E-04
-27.4913 9.288104E-04
-27.4713 9.311400E-04
-27.4513 9.334783E-04
-27.4312 9.358260E-04
-27.4112 9.381830E-04
-27.3912 9.405488E-04
-27.3712 9.429253E-04
-27.3512 9.453102E-04
-27.3312 9.477051E-04
-27.3112 9.501096E-04
-27.2912 9.525245E-04
-27.2712 9.549479E-04
-27.2512 9.573822E-04
-27.2311 9.598254E-04
-27.2111 9.622788E-04
-27.1911 9.647422E-04
-27.1711 9.672156E-04
-27.1511 9.696990E-04
-27.1311 9.721932E-04
-27.1111 9.746968E-04
-27.0911 9.772102E-04
-27.0711 9.797350E-04
-27.0511 9.822690E-04
-27.0310 9.848145E-04
-27.0110 9.873693E-04
-26.9910 9.899352E-04
-26.9710 9.925114E-04
-26.9510 9.950986E-04
-26.9310 9.976962E-04
-26.9110 1.000305E-03
-26.8910 1.002925E-03
-26.8710 1.005554E-03
-26.8510 1.008196E-03
-26.8309 1.010847E-03
-26.8109 1.013511E-03
-26.7909 1.016185E-03
-26.7709 1.018871E-03
-26.7509 1.021567E-03
-26.7309 1.024275E-03
-26.7109 1.026994E-03
-26.6909 1.029725E-03
-26.6709 1.032467E-03
-26.6509 1.035221E-03
-26.6308 1.037986E-03
-26.6108 1.040763E-03
-26.5908 1.043552E-03
-26.5708 1.046353E-03
-26.5508 1.049165E-03
-26.5308 1.051990E-03
-26.5108 1.054826E-03
-26.4908 1.057675E-03
-26.4708 1.060536E-03
-26.4508 1.063409E-03
-26.4307 1.066294E-03
-26.4107 1.069192E-03
-26.3907 1.072102E-03
-26.3707 1.075026E-03
-26.3507 1.077960E-03
-26.3307 1.080909E-03
-26.3107 1.083870E-03
-26.2907 1.086843E-03
-26.2707 1.089830E-03
-26.2507 1.092830E-03
-26.2306 1.095842E-03
-26.2106 1.098868E-03
-26.1906 1.101907E-03
-26.1706 1.104959E-03
-26.1506 1.108024E-03
-26.1306 1.111103E-03
-26.1106 1.114196E-03
-26.0906 1.117302E-03
-26.0706 1.120422E-03
-26.0506 1.123557E-03
-26.0305 1.126704E-03
-26.0105 1.129866E-03
-25.9905 1.133041E-03
-25.9705 1.136231E-03
-25.9505 1.139435E-03
-25.9305 1.142653E-03
-25.9105 1.145886E-03
-25.8905 1.149132E-03
-25.8705 1.152393E-03
-25.8505 1.155669E-03
-25.8304 1.158960E-03
-25.8104 1.162267E-03
-25.7904 1.165586E-03
-25.7704 1.168923E-03
-25.7504 1.172274E-03
-25.7304 1.175638E-03
-25.7104 1.179020E-03
-25.6904 1.182417E-03
-25.6704 1.185828E-03
-25.6504 1.189256E-03
-25.6303 1.192699E-03
-25.6103 1.196158E-03
-25.5903 1.199632E-03
-25.5703 1.203123E-03
-25.5503 1.206629E-03
-25.5303 1.210152E-03
-25.5103 1.213693E-03
-25.4903 1.217247E-03
-25.4703 1.220819E-03
-25.4503 1.224407E-03
-25.4302 1.228012E-03
-25.4102 1.231635E-03
-25.3902 1.235273E-03
-25.3702 1.238929E-03
-25.3502 1.242602E-03
-25.3302 1.246293E-03
-25.3102 1.249999E-03
-25.2902 1.253724E-03
-25.2702 1.257467E-03
-25.2502 1.261226E-03
-25.2301 1.265004E-03
-25.2101 1.268799E-03
-25.1901 1.272614E-03
-25.1701 1.276444E-03
-25.1501 1.280294E-03
-25.1301 1.284162E-03
-25.1101 1.288048E-03
-25.0901 1.291954E-03
-25.0701 1.295878E-03
-25.0501 1.299822E-03
-25.0300 1.303782E-03
-25.0100 1.307762E-03
-24.9900 1.311762E-03
-24.9700 1.315781E-03
-24.9500 1.319820E-03
-24.9300 1.323878E-03
-24.9100 1.327955E-03
-24.8900 1.332053E-03
-24.8700 1.336171E-03
-24.8500 1.340308E-03
-24.8299 1.344466E-03
-24.8099 1.348644E-03
-24.7899 1.352843E-03
-24.7699 1.357062E-03
-24.7499 1.361303E-03
-24.7299 1.365564E-03
-24.7099 1.369846E-03
-24.6899 1.374149E-03
-24.6699 1.378472E-03
-24.6499 1.382820E-03
-24.6298 1.387187E-03
-24.6098 1.391576E-03
-24.5898 1.395988E-03
-24.5698 1.400420E-03
-24.5498 1.404876E-03
-24.5298 1.409354E-03
-24.5098 1.413854E-03
-24.4898 1.418375E-03
-24.4698 1.422923E-03
-24.4498 1.427492E-03
-24.4297 1.432084E-03
-24.4097 1.436700E-03
-24.3897 1.441338E-03
-24.3697 1.445998E-03
-24.3497 1.450687E-03
-24.3297 1.455397E-03
-24.3097 1.460129E-03
-24.2897 1.464889E-03
-24.2697 1.469671E-03
-24.2497 1.474476E-03
-24.2296 1.479308E-03
-24.2096 1.484166E-03
-24.1896 1.489050E-03
-24.1696 1.493955E-03
-24.1496 1.498891E-03
-24.1296 1.503849E-03
-24.1096 1.508834E-03
-24.0896 1.513845E-03
-24.0696 1.518879E-03
-24.0496 1.523945E-03
-24.0295 1.529034E-03
-24.0095 1.534150E-03
-23.9895 1.539294E-03
-23.9695 1.544465E-03
-23.9495 1.549661E-03
-23.9295 1.554889E-03
-23.9095 1.560141E-03
-23.8895 1.565421E-03
-23.8695 1.570731E-03
-23.8495 1.576070E-03
-23.8294 1.581438E-03
-23.8094 1.586831E-03
-23.7894 1.592258E-03
-23.7694 1.597710E-03
-23.7494 1.603193E-03
-23.7294 1.608706E-03
-23.7094 1.614245E-03
-23.6894 1.619820E-03
-23.6694 1.625420E-03
-23.6494 1.631056E-03
-23.6293 1.636720E-03
-23.6093 1.642415E-03
-23.5893 1.648142E-03
-23.5693 1.653895E-03
-23.5493 1.659687E-03
-23.5293 1.665506E-03
-23.5093 1.671363E-03
-23.4893 1.677248E-03
-23.4693 1.683166E-03
-23.4493 1.689118E-03
-23.4292 1.695098E-03
-23.4092 1.701118E-03
-23.3892 1.707166E-03
-23.3692 1.713255E-03
-23.3492 1.719374E-03
-23.3292 1.725527E-03
-23.3092 1.731716E-03
-23.2892 1.737940E-03
-23.2692 1.744194E-03
-23.2492 1.750491E-03
-23.2291 1.756818E-03
-23.2091 1.763188E-03
-23.1891 1.769589E-03
-23.1691 1.776027E-03
-23.1491 1.782503E-03
-23.1291 1.789010E-03
-23.1091 1.795562E-03
-23.0891 1.802153E-03
-23.0691 1.808775E-03
-23.0491 1.815438E-03
-23.0290 1.822146E-03
-23.0090 1.828887E-03
-22.9890 1.835668E-03
-22.9690 1.842482E-03
-22.9490 1.849344E-03
-22.9290 1.856248E-03
-22.9090 1.863185E-03
-22.8890 1.870172E-03
-22.8690 1.877193E-03
-22.8490 1.884255E-03
-22.8289 1.891361E-03
-22.8089 1.898511E-03
-22.7889 1.905703E-03
-22.7689 1.912931E-03
-22.7489 1.920210E-03
-22.7289 1.927534E-03
-22.7089 1.934896E-03
-22.6889 1.942301E-03
-22.6689 1.949753E-03
-22.6489 1.957251E-03
-22.6288 1.964794E-03
-22.6088 1.972384E-03
-22.5888 1.980021E-03
-22.5688 1.987707E-03
-22.5488 1.995430E-03
-22.5288 2.003211E-03
-22.5088 2.011030E-03
-22.4888 2.018900E-03
-22.4688 2.026818E-03
-22.4488 2.034787E-03
-22.4287 2.042805E-03
-22.4087 2.050873E-03
-22.3887 2.058993E-03
-22.3687 2.067166E-03
-22.3487 2.075378E-03
-22.3287 2.083655E-03
-22.3087 2.091972E-03
-22.2887 2.100344E-03
-22.2687 2.108769E-03
-22.2487 2.117260E-03
-22.2286 2.125794E-03
-22.2086 2.134372E-03
-22.1886 2.143016E-03
-22.1686 2.151716E-03
-22.1486 2.160475E-03
-22.1286 2.169276E-03
-22.1086 2.178149E-03
-22.0886 2.187066E-03
-22.0686 2.196042E-03
-22.0486 2.205078E-03
-22.0285 2.214186E-03
-22.0085 2.223341E-03
-21.9885 2.232556E-03
-21.9685 2.241819E-03
-21.9485 2.251157E-03
-21.9285 2.260557E-03
-21.9085 2.270022E-03
-21.8885 2.279534E-03
-21.8685 2.289111E-03
-21.8485 2.298765E-03
-21.8284 2.308472E-03
-21.8084 2.318244E-03
-21.7884 2.328081E-03
-21.7684 2.338002E-03
-21.7484 2.347958E-03
-21.7284 2.357998E-03
-21.7084 2.368106E-03
-21.6884 2.378285E-03
-21.6684 2.388534E-03
-21.6484 2.398835E-03
-21.6283 2.409226E-03
-21.6083 2.419670E-03
-21.5883 2.430188E-03
-21.5683 2.440798E-03
-21.5483 2.451461E-03
-21.5283 2.462200E-03
-21.5083 2.473015E-03
-21.4883 2.483905E-03
-21.4683 2.494872E-03
-21.4483 2.505917E-03
-21.4282 2.517041E-03
-21.4082 2.528222E-03
-21.3882 2.539503E-03
-21.3682 2.550845E-03
-21.3482 2.562288E-03
-21.3282 2.573793E-03
-21.3082 2.585403E-03
-21.2882 2.597072E-03
-21.2682 2.608827E-03
-21.2482 2.620667E-03
-21.2281 2.632593E-03
-21.2081 2.644606E-03
-21.1881 2.656707E-03
-21.1681 2.668896E-03
-21.1481 2.681174E-03
-21.1281 2.693546E-03
-21.1081 2.705979E-03
-21.0881 2.718531E-03
-21.0681 2.731179E-03
-21.0481 2.743891E-03
-21.0280 2.756698E-03
-21.0080 2.769630E-03
-20.9880 2.782631E-03
-20.9680 2.795729E-03
-20.9480 2.808957E-03
-20.9280 2.822254E-03
-20.9080 2.835652E-03
-20.8880 2.849151E-03
-20.8680 2.862753E-03
-20.8480 2.876425E-03
-20.8279 2.890236E-03
-20.8079 2.904154E-03
-20.7879 2.918181E-03
-20.7679 2.932277E-03
-20.7479 2.946521E-03
-20.7279 2.960839E-03
-20.7079 2.975305E-03
-20.6879 2.989847E-03
-20.6679 3.004544E-03
-20.6479 3.019313E-03
-20.6278 3.034200E-03
-20.6078 3.049206E-03
-20.5878 3.064329E-03
-20.5678 3.079573E-03
-20.5478 3.094939E-03
-20.5278 3.110428E-03
-20.5078 3.126041E-03
-20.4878 3.141781E-03
-20.4678 3.157647E-03
-20.4478 3.173642E-03
-20.4277 3.189718E-03
-20.4077 3.205975E-03
-20.3877 3.222368E-03
-20.3677 3.238838E-03
-20.3477 3.255502E-03
-20.3277 3.272244E-03
-20.3077 3.289126E-03
-20.2877 3.306205E-03
-20.2677 3.323369E-03
-20.2477 3.340676E-03
-20.2276 3.358126E-03
-20.2076 3.375725E-03
-20.1876 3.393537E-03
-20.1676 3.411434E-03
-20.1476 3.429483E-03
-20.1276 3.447615E-03
-20.1076 3.465972E-03
-20.0876 3.484488E-03
-20.0676 3.503162E-03
-20.0476 3.522000E-03
-20.0275 3.540921E-03
-20.0075 3.560085E-03
-19.9875 3.579419E-03
-19.9675 3.598837E-03
-19.9475 3.618512E-03
-19.9275 3.638272E-03
-19.9075 3.658206E-03
-19.8875 3.678404E-03
-19.8675 3.698694E-03
-19.8475 3.719163E-03
-19.8274 3.739913E-03
-19.8074 3.760749E-03
-19.7874 3.781774E-03
-19.7674 3.802989E-03
-19.7474 3.824396E-03
-19.7274 3.845996E-03
-19.7074 3.867795E-03
-19.6874 3.889795E-03
-19.6674 3.911996E-03
-19.6474 3.934284E-03
-19.6273 3.956897E-03
-19.6073 3.979721E-03
-19.5873 4.002760E-03
-19.5673 4.025883E-03
-19.5473 4.049356E-03
-19.5273 4.072915E-03
-19.5073 4.096835E-03
-19.4873 4.120841E-03
-19.4673 4.145221E-03
-19.4473 4.169685E-03
-19.4272 4.194539E-03
-19.4072 4.219476E-03
-19.3872 4.244650E-03
-19.3672 4.270069E-03
-19.3472 4.295911E-03
-19.3272 4.321832E-03
-19.3072 4.348005E-03
-19.2872 4.374439E-03
-19.2672 4.401133E-03
-19.2472 4.428093E-03
-19.2271 4.455322E-03
-19.2071 4.482824E-03
-19.1871 4.510604E-03
-19.1671 4.538443E-03
-19.1471 4.566790E-03
-19.1271 4.595426E-03
-19.1071 4.624359E-03
-19.0871 4.653342E-03
-19.0671 4.682875E-03
-19.0471 4.712721E-03
-19.0270 4.742611E-03
-19.0070 4.773089E-03
-18.9870 4.803599E-03
-18.9670 4.834728E-03
-18.9470 4.865884E-03
-18.9270 4.897370E-03
-18.9070 4.929518E-03
-18.8870 4.961679E-03
-18.8670 4.994189E-03
-18.8470 5.027045E-03
-18.8269 5.060258E-03
-18.8069 5.094220E-03
-18.7869 5.128175E-03
-18.7669 5.162507E-03
-18.7469 5.197219E-03
-18.7269 5.232318E-03
-18.7069 5.267820E-03
-18.6869 5.303715E-03
-18.6669 5.339548E-03
-18.6469 5.376261E-03
-18.6268 5.413410E-03
-18.6068 5.450999E-03
-18.5868 5.488470E-03
-18.5668 5.526939E-03
-18.5468 5.565870E-03
-18.5268 5.604658E-03
-18.5068 5.644531E-03
-18.4868 5.684237E-03
-18.4668 5.725088E-03
-18.4468 5.765745E-03
-18.4267 5.806881E-03
-18.4067 5.849288E-03
-18.3867 5.891434E-03
-18.3667 5.934107E-03
-18.3467 5.977284E-03
-18.3267 6.021912E-03
-18.3067 6.066222E-03
-18.2867 6.111090E-03
-18.2667 6.156546E-03
-18.2467 6.202577E-03
-18.2266 6.249231E-03
-18.2066 6.296512E-03
-18.1866 6.343206E-03
-18.1666 6.391747E-03
-18.1466 6.440962E-03
-18.1266 6.490865E-03
-18.1066 6.540057E-03
-18.0866 6.591376E-03
-18.0666 6.643462E-03
-18.0466 6.694686E-03
-18.0265 6.748333E-03
-18.0065 6.801016E-03
-17.9865 6.854429E-03
-17.9665 6.910586E-03
-17.9465 6.965617E-03
-17.9265 7.021436E-03
-17.9065 7.078083E-03
-17.8865 7.135637E-03
-17.8665 7.194056E-03
-17.8465 7.253429E-03
-17.8264 7.313758E-03
-17.8064 7.375153E-03
-17.7864 7.437689E-03
-17.7664 7.501225E-03
-17.7464 7.566134E-03
-17.7264 7.628437E-03
-17.7064 7.695772E-03
-17.6864 7.760193E-03
-17.6664 7.830337E-03
-17.6464 7.897244E-03
-17.6263 7.965481E-03
-17.6063 8.040359E-03
-17.5863 8.111609E-03
-17.5663 8.184333E-03
-17.5463 8.258707E-03
-17.5263 8.334910E-03
-17.5063 8.405299E-03
-17.4863 8.485324E-03
-17.4663 8.567498E-03
-17.4463 8.642807E-03
-17.4262 8.730382E-03
-17.4062 8.810076E-03
-17.3862 8.904275E-03
-17.3662 8.989430E-03
-17.3462 9.077618E-03
-17.3262 9.168969E-03
-17.3062 9.264794E-03
-17.2862 9.346097E-03
-17.2662 9.450377E-03
-17.2462 9.538427E-03
-17.2261 9.656235E-03
-17.2061 9.754448E-03
-17.1861 9.859532E-03
-17.1661 9.972789E-03
-17.1461 1.009546E-02
-17.1261 1.023351E-02
-17.1061 1.033587E-02
-17.0861 1.044687E-02
-17.0661 1.057530E-02
-17.0461 1.071803E-02
-17.0260 1.089484E-02
-17.0060 1.110375E-02
-16.9860 1.125752E-02
-16.9660 1.144037E-02
-16.9460 1.169021E-02
-16.9260 1.183467E-02
-16.9060 1.229046E-02
-16.8860 1.265275E-02
-16.8660 1.289033E-02
-16.8460 1.374966E-02
-16.8259 1.452410E-02
-16.8059 1.542976E-02
-16.7859 1.743583E-02
-16.7659 1.905327E-02
-16.7459 2.041254E-02
-16.7259 2.324874E-02
-16.7059 2.027447E-02
-16.6859 2.022148E-02
-16.6659 1.878704E-02
-16.6459 1.740482E-02
-16.6258 1.665713E-02
-16.6058 1.618329E-02
-16.5858 1.592720E-02
-16.5658 1.584833E-02
-16.5458 1.578028E-02
-16.5258 1.583608E-02
-16.5058 1.593738E-02
-16.4858 1.607692E-02
-16.4658 1.624731E-02
-16.4458 1.644381E-02
-16.4257 1.663749E-02
-16.4057 1.685621E-02
-16.3857 1.709550E-02
-16.3657 1.735253E-02
-16.3457 1.761052E-02
-16.3257 1.787237E-02
-16.3057 1.816477E-02
-16.2857 1.846041E-02
-16.2657 1.877176E-02
-16.2457 1.909775E-02
-16.2256 1.942966E-02
-16.2056 1.977688E-02
-16.1856 2.013187E-02
-16.1656 2.050990E-02
-16.1456 2.090231E-02
-16.1256 2.130438E-02
-16.1056 2.172844E-02
-16.0856 2.216337E-02
-16.0656 2.261540E-02
-16.0456 2.308532E-02
-16.0255 2.357832E-02
-16.0055 2.409393E-02
-15.9855 2.462498E-02
-15.9655 2.518066E-02
-15.9455 2.575749E-02
-15.9255 2.636375E-02
-15.9055 2.698966E-02
-15.8855 2.764356E-02
-15.8655 2.832881E-02
-15.8455 2.904069E-02
-15.8254 2.978617E-02
-15.8054 3.056325E-02
-15.7854 3.137329E-02
-15.7654 3.221753E-02
-15.7454 3.309986E-02
-15.7254 3.402133E-02
-15.7054 3.498103E-02
-15.6854 3.598484E-02
-15.6654 3.703177E-02
-15.6454 3.812332E-02
-15.6253 3.926315E-02
-15.6053 4.045249E-02
-15.5853 4.168856E-02
-15.5653 4.298118E-02
-15.5453 4.432747E-02
-15.5253 4.572897E-02
-15.5053 4.718699E-02
-15.4853 4.870861E-02
-15.4653 5.028738E-02
-15.4453 5.193208E-02
-15.4252 5.364018E-02
-15.4052 5.541283E-02
-15.3852 5.725786E-02
-15.3652 5.916779E-02
-15.3452 6.115040E-02
-15.3252 6.320318E-02
-15.3052 6.533196E-02
-15.2852 6.753424E-02
-15.2652 6.981407E-02
-15.2452 7.217232E-02
-15.2251 7.460652E-02
-15.2051 7.712437E-02
-15.1851 7.972495E-02
-15.1651 8.240991E-02
-15.1451 8.518072E-02
-15.1251 8.804238E-02
-15.1051 9.099727E-02
-15.0851 9.404969E-02
-15.0651 9.720119E-02
-15.0451 1.004610E-01
-15.0250 1.038321E-01
-15.0050 1.073206E-01
-14.9850 1.109361E-01
-14.9650 1.146890E-01
-14.9450 1.185868E-01
-14.9250 1.226445E-01
-14.9050 1.268782E-01
-14.8850 1.313017E-01
-14.8650 1.359367E-01
-14.8450 1.408054E-01
-14.8249 1.459322E-01
-14.8049 1.513467E-01
-14.7849 1.570892E-01
-14.7649 1.631945E-01
-14.7449 1.697106E-01
-14.7249 1.766971E-01
-14.7049 1.842116E-01
-14.6849 1.923381E-01
-14.6649 2.011670E-01
-14.6449 2.108022E-01
-14.6248 2.213801E-01
-14.6048 2.330641E-01
-14.5848 2.460377E-01
-14.5648 2.605594E-01
-14.5448 2.769209E-01
-14.5248 2.955116E-01
-14.5048 3.168136E-01
-14.4848 3.414565E-01
-14.4648 3.702535E-01
-14.4448 4.042816E-01
-14.4247 4.449653E-01
-14.4047 4.942266E-01
-14.3847 5.545897E-01
-14.3647 6.294350E-01
-14.3447 7.230823E-01
-14.3247 8.405888E-01
-14.3047 9.865489E-01
-14.2847 1.161073E+00
-14.2647 1.350000E+00
-14.2447 1.509967E+00
-14.2246 1.572046E+00
-14.2046 1.500098E+00
-14.1846 1.339085E+00
-14.1646 1.163483E+00
-14.1446 1.016242E+00
-14.1246 9.078855E-01
-14.1046 8.348565E-01
-14.0846 7.905083E-01
-14.0646 7.689454E-01
-14.0446 7.659293E-01
-14.0245 7.788345E-01
-14.0045 8.065578E-01
-13.9845 8.494744E-01
-13.9645 9.095970E-01
-13.9445 9.908753E-01
-13.9245 1.099429E+00
-13.9045 1.243347E+00
-13.8845 1.431552E+00
-13.8645 1.670109E+00
-13.8445 1.953772E+00
-13.8244 2.251514E+00
-13.8044 2.499417E+00
-13.7844 2.640856E+00
-13.7644 2.687337E+00
-13.7444 2.684020E+00
-13.7244 2.664026E+00
-13.7044 2.655401E+00
-13.6844 2.672292E+00
-13.6644 2.695141E+00
-13.6444 2.673518E+00
-13.6243 2.569455E+00
-13.6043 2.400934E+00
-13.5843 2.224218E+00
-13.5643 2.086787E+00
-13.5443 2.007841E+00
-13.5243 1.984110E+00
-13.5043 2.000812E+00
-13.4843 2.046529E+00
-13.4643 2.123961E+00
-13.4443 2.234232E+00
-13.4242 2.353428E+00
-13.4042 2.429677E+00
-13.3842 2.414758E+00
-13.3642 2.307929E+00
-13.3442 2.155890E+00
-13.3242 2.013323E+00
-13.3042 1.918899E+00
-13.2842 1.896272E+00
-13.2642 1.958727E+00
-13.2442 2.104444E+00
-13.2241 2.305439E+00
-13.2041 2.511671E+00
-13.1841 2.681574E+00
-13.1641 2.803572E+00
-13.1441 2.878066E+00
-13.1241 2.903345E+00
-13.1041 2.884477E+00
-13.0841 2.829396E+00
-13.0641 2.737170E+00
-13.0441 2.611902E+00
-13.0240 2.467753E+00
-13.0040 2.308364E+00
-12.9840 2.138648E+00
-12.9640 1.986257E+00
-12.9440 1.883020E+00
-12.9240 1.844874E+00
-12.9040 1.875531E+00
-12.8840 1.976954E+00
-12.8640 2.155763E+00
-12.8440 2.419379E+00
-12.8239 2.760958E+00
-12.8039 3.149518E+00
-12.7839 3.555343E+00
-12.7639 3.977186E+00
-12.7439 4.368877E+00
-12.7239 4.596756E+00
-12.7039 4.615899E+00
-12.6839 4.555638E+00
-12.6639 4.540146E+00
-12.6439 4.587054E+00
-12.6238 4.666082E+00
-12.6038 4.753070E+00
-12.5838 4.830989E+00
-12.5638 4.861240E+00
-12.5438 4.781837E+00
-12.5238 4.562864E+00
-12.5038 4.256883E+00
-12.4838 3.961103E+00
-12.4638 3.727503E+00
-12.4438 3.520568E+00
-12.4237 3.282390E+00
-12.4037 3.035608E+00
-12.3837 2.851340E+00
-12.3637 2.763543E+00
-12.3437 2.763874E+00
-12.3237 2.839234E+00
-12.3037 2.990968E+00
-12.2837 3.220029E+00
-12.2637 3.499792E+00
-12.2437 3.766584E+00
-12.2236 3.950853E+00
-12.2036 4.017240E+00
-12.1836 3.962602E+00
-12.1636 3.810202E+00
-12.1436 3.620335E+00
-12.1236 3.466265E+00
-12.1036 3.386995E+00
-12.0836 3.373592E+00
-12.0636 3.391629E+00
-12.0436 3.420734E+00
-12.0235 3.466464E+00
-12.0035 3.518079E+00
-11.9835 3.538192E+00
-11.9635 3.516967E+00
-11.9435 3.477832E+00
-11.9235 3.444221E+00
-11.9035 3.434122E+00
-11.8835 3.441991E+00
-11.8635 3.419489E+00
-11.8435 3.319490E+00
-11.8234 3.168332E+00
-11.8034 3.027337E+00
-11.7834 2.925621E+00
-11.7634 2.866634E+00
-11.7434 2.852367E+00
-11.7234 2.887711E+00
-11.7034 2.975343E+00
-11.6834 3.115197E+00
-11.6634 3.309775E+00
-11.6434 3.568564E+00
-11.6233 3.914541E+00
-11.6033 4.371856E+00
-11.5833 4.890394E+00
-11.5633 5.293762E+00
-11.5433 5.449615E+00
-11.5233 5.437441E+00
-11.5033 5.345238E+00
-11.4833 5.123793E+00
-11.4633 4.841152E+00
-11.4433 4.701267E+00
-11.4232 4.728211E+00
-11.4032 4.625846E+00
-11.3832 4.092345E+00
-11.3632 3.293294E+00
-11.3432 2.561723E+00
-11.3232 2.016197E+00
-11.3032 1.633426E+00
-11.2832 1.364573E+00
-11.2632 1.171234E+00
-11.2432 1.028026E+00
-11.2231 9.188089E-01
-11.2031 8.332607E-01
-11.1831 7.646236E-01
-11.1631 7.083882E-01
-11.1431 6.614512E-01
-11.1231 6.216272E-01
-11.1031 5.873549E-01
-11.0831 5.574792E-01
-11.0631 5.311422E-01
-11.0431 5.076916E-01
-11.0230 4.866248E-01
-11.0030 4.675487E-01
-10.9830 4.501506E-01
-10.9630 4.341858E-01
-10.9430 4.194519E-01
-10.9230 4.057861E-01
-10.9030 3.930538E-01
-10.8830 3.811446E-01
-10.8630 3.699655E-01
-10.8430 3.594371E-01
-10.8229 3.494940E-01
-10.8029 3.400801E-01
-10.7829 3.311472E-01
-10.7629 3.226531E-01
-10.7429 3.145616E-01
-10.7229 3.068408E-01
-10.7029 2.994637E-01
-10.6829 2.924055E-01
-10.6629 2.856448E-01
-10.6429 2.791626E-01
-10.6228 2.729408E-01
-10.6028 2.669645E-01
-10.5828 2.612192E-01
-10.5628 2.556923E-01
-10.5428 2.503723E-01
-10.5228 2.452490E-01
-10.5028 2.403117E-01
-10.4828 2.355522E-01
-10.4628 2.309618E-01
-10.4428 2.265328E-01
-10.4227 2.222582E-01
-10.4027 2.181312E-01
-10.3827 2.141454E-01
-10.3627 2.102951E-01
-10.3427 2.065745E-01
-10.3227 2.029786E-01
-10.3027 1.995021E-01
-10.2827 1.961406E-01
-10.2627 1.928899E-01
-10.2427 1.897453E-01
-10.2226 1.867029E-01
-10.2026 1.837590E-01
-10.1826 1.809098E-01
-10.1626 1.781519E-01
-10.1426 1.754819E-01
-10.1226 1.728967E-01
-10.1026 1.703932E-01
-10.0826 1.679683E-01
-10.0626 1.656192E-01
-10.0426 1.633434E-01
-10.0225 1.611380E-01
-10.0025 1.590010E-01
-9.9825 1.569295E-01
-9.9625 1.549214E-01
-9.9425 1.529740E-01
-9.9225 1.510859E-01
-9.9025 1.492546E-01
-9.8825 1.474783E-01
-9.8625 1.457545E-01
-9.8425 1.440821E-01
-9.8224 1.424587E-01
-9.8024 1.408828E-01
-9.7824 1.393530E-01
-9.7624 1.378671E-01
-9.7424 1.364240E-01
-9.7224 1.350217E-01
-9.7024 1.336593E-01
-9.6824 1.323352E-01
-9.6624 1.310478E-01
-9.6424 1.297960E-01
-9.6223 1.285786E-01
-9.6023 1.273942E-01
-9.5823 1.262416E-01
-9.5623 1.251198E-01
-9.5423 1.240277E-01
-9.5223 1.229642E-01
-9.5023 1.219282E-01
-9.4823 1.209188E-01
-9.4623 1.199351E-01
-9.4423 1.189761E-01
-9.4222 1.180410E-01
-9.4022 1.171290E-01
-9.3822 1.162391E-01
-9.3622 1.153707E-01
-9.3422 1.145231E-01
-9.3222 1.136955E-01
-9.3022 1.128872E-01
-9.2822 1.120976E-01
-9.2622 1.113260E-01
-9.2422 1.105719E-01
-9.2221 1.098348E-01
-9.2021 1.091139E-01
-9.1821 1.084089E-01
-9.1621 1.077194E-01
-9.1421 1.070445E-01
-9.1221 1.063841E-01
-9.1021 1.057378E-01
-9.0821 1.051049E-01
-9.0621 1.044853E-01
-9.0421 1.038783E-01
-9.0220 1.032838E-01
-9.0020 1.027014E-01
-8.9820 1.021306E-01
-8.9620 1.015713E-01
-8.9420 1.010230E-01
-8.9220 1.004856E-01
-8.9020 9.995859E-02
-8.8820 9.944179E-02
-8.8620 9.893494E-02
-8.8420 9.843781E-02
-8.8219 9.794990E-02
-8.8019 9.747137E-02
-8.7819 9.700162E-02
-8.7619 9.654050E-02
-8.7419 9.608783E-02
-8.7219 9.564331E-02
-8.7019 9.520679E-02
-8.6819 9.477796E-02
-8.6619 9.435663E-02
-8.6419 9.394262E-02
-8.6218 9.353558E-02
-8.6018 9.313546E-02
-8.5818 9.274189E-02
-8.5618 9.235479E-02
-8.5418 9.197383E-02
-8.5218 9.159883E-02
-8.5018 9.122960E-02
-8.4818 9.086584E-02
-8.4618 9.050750E-02
-8.4418 9.015423E-02
-8.4217 8.980593E-02
-8.4017 8.946227E-02
-8.3817 8.912307E-02
-8.3617 8.878813E-02
-8.3417 8.845725E-02
-8.3217 8.813026E-02
-8.3017 8.780686E-02
-8.2817 8.748699E-02
-8.2617 8.717025E-02
-8.2417 8.685660E-02
-8.2216 8.654577E-02
-8.2016 8.623761E-02
-8.1816 8.593184E-02
-8.1616 8.562827E-02
-8.1416 8.532683E-02
-8.1216 8.502722E-02
-8.1016 8.472933E-02
-8.0816 8.443293E-02
-8.0616 8.413785E-02
-8.0416 8.384393E-02
-8.0215 8.355095E-02
-8.0015 8.325885E-02
-7.9815 8.296742E-02
-7.9615 8.267651E-02
-7.9415 8.238600E-02
-7.9215 8.209571E-02
-7.9015 8.180550E-02
-7.8815 8.151536E-02
-7.8615 8.122500E-02
-7.8415 8.093445E-02
-7.8214 8.064354E-02
-7.8014 8.035216E-02
-7.7814 8.006026E-02
-7.7614 7.976774E-02
-7.7414 7.947451E-02
-7.7214 7.918050E-02
-7.7014 7.888568E-02
-7.6814 7.858999E-02
-7.6614 7.829338E-02
-7.6414 7.799586E-02
-7.6213 7.769718E-02
-7.6013 7.739763E-02
-7.5813 7.709701E-02
-7.5613 7.679534E-02
-7.5413 7.649266E-02
-7.5213 7.618887E-02
-7.5013 7.588411E-02
-7.4813 7.557823E-02
-7.4613 7.527145E-02
-7.4413 7.496366E-02
-7.4212 7.465493E-02
-7.4012 7.434536E-02
-7.3812 7.403490E-02
-7.3612 7.372366E-02
-7.3412 7.341172E-02
-7.3212 7.309902E-02
-7.3012 7.278570E-02
-7.2812 7.247181E-02
-7.2612 7.215747E-02
-7.2412 7.184274E-02
-7.2211 7.152761E-02
-7.2011 7.121216E-02
-7.1811 7.089660E-02
-7.1611 7.058090E-02
-7.1411 7.026525E-02
-7.1211 6.994965E-02
-7.1011 6.963423E-02
-7.0811 6.931901E-02
-7.0611 6.900421E-02
-7.0411 6.868980E-02
-7.0210 6.837593E-02
-7.0010 6.806275E-02
-6.9810 6.775030E-02
-6.9610 6.743865E-02
-6.9410 6.712798E-02
-6.9210 6.681827E-02
-6.9010 6.650979E-02
-6.8810 6.620246E-02
-6.8610 6.589654E-02
-6.8410 6.559200E-02
-6.8209 6.528913E-02
-6.8009 6.498774E-02
-6.7809 6.468822E-02
-6.7609 6.439046E-02
-6.7409 6.409474E-02
-6.7209 6.380101E-02
-6.7009 6.350952E-02
-6.6809 6.322024E-02
-6.6609 6.293332E-02
-6.6409 6.264887E-02
-6.6208 6.236697E-02
-6.6008 6.208776E-02
-6.5808 6.181132E-02
-6.5608 6.153772E-02
-6.5408 6.126710E-02
-6.5208 6.099952E-02
-6.5008 6.073511E-02
-6.4808 6.047394E-02
-6.4608 6.021614E-02
-6.4408 5.996187E-02
-6.4207 5.971099E-02
-6.4007 5.946383E-02
-6.3807 5.922039E-02
-6.3607 5.898077E-02
-6.3407 5.874504E-02
-6.3207 5.851338E-02
-6.3007 5.828573E-02
-6.2807 5.806231E-02
-6.2607 5.784312E-02
-6.2407 5.762834E-02
-6.2206 5.741797E-02
-6.2006 5.721212E-02
-6.1806 5.701089E-02
-6.1606 5.681431E-02
-6.1406 5.662260E-02
-6.1206 5.643572E-02
-6.1006 5.625373E-02
-6.0806 5.607682E-02
-6.0606 5.590497E-02
-6.0406 5.573835E-02
-6.0205 5.557693E-02
-6.0005 5.542088E-02
-5.9805 5.527030E-02
-5.9605 5.512516E-02
-5.9405 5.498562E-02
-5.9205 5.485175E-02
-5.9005 5.472366E-02
-5.8805 5.460139E-02
-5.8605 5.448503E-02
-5.8405 5.437466E-02
-5.8204 5.427043E-02
-5.8004 5.417230E-02
-5.7804 5.408047E-02
-5.7604 5.399502E-02
-5.7404 5.391600E-02
-5.7204 5.384351E-02
-5.7004 5.377766E-02
-5.6804 5.371853E-02
-5.6604 5.366624E-02
-5.6404 5.362094E-02
-5.6203 5.358264E-02
-5.6003 5.355154E-02
-5.5803 5.352771E-02
-5.5603 5.351132E-02
-5.5403 5.350242E-02
-5.5203 5.350121E-02
-5.5003 5.350775E-02
-5.4803 5.352218E-02
-5.4603 5.354476E-02
-5.4403 5.357551E-02
-5.4202 5.361463E-02
-5.4002 5.366229E-02
-5.3802 5.371863E-02
-5.3602 5.378378E-02
-5.3402 5.385807E-02
-5.3202 5.394145E-02
-5.3002 5.403437E-02
-5.2802 5.413682E-02
-5.2602 5.424904E-02
-5.2402 5.437132E-02
-5.2201 5.450382E-02
-5.2001 5.464677E-02
-5.1801 5.480036E-02
-5.1601 5.496484E-02
-5.1401 5.514050E-02
-5.1201 5.532758E-02
-5.1001 5.552629E-02
-5.0801 5.573691E-02
-5.0601 5.595967E-02
-5.0401 5.619479E-02
-5.0200 5.644274E-02
-5.0000 5.670352E-02
-4.9800 5.697762E-02
-4.9600 5.726525E-02
-4.9400 5.756663E-02
-4.9200 5.788207E-02
-4.9000 5.821190E-02
-4.8800 5.855636E-02
-4.8600 5.891564E-02
-4.8400 5.929005E-02
-4.8199 5.967984E-02
-4.7999 6.008523E-02
-4.7799 6.050629E-02
-4.7599 6.094347E-02
-4.7399 6.139673E-02
-4.7199 6.186633E-02
-4.6999 6.235237E-02
-4.6799 6.285496E-02
-4.6599 6.337411E-02
-4.6399 6.390974E-02
-4.6198 6.446191E-02
-4.5998 6.503040E-02
-4.5798 6.561527E-02
-4.5598 6.621610E-02
-4.5398 6.683275E-02
-4.5198 6.746486E-02
-4.4998 6.811193E-02
-4.4798 6.877339E-02
-4.4598 6.944874E-02
-4.4398 7.013729E-02
-4.4197 7.083810E-02
-4.3997 7.155045E-02
-4.3797 7.227345E-02
-4.3597 7.300567E-02
-4.3397 7.374614E-02
-4.3197 7.449357E-02
-4.2997 7.524636E-02
-4.2797 7.600343E-02
-4.2597 7.676260E-02
-4.2397 7.752270E-02
-4.2196 7.828179E-02
-4.1996 7.903806E-02
-4.1796 7.978957E-02
-4.1596 8.053454E-02
-4.1396 8.127092E-02
-4.1196 8.199674E-02
-4.0996 8.270998E-02
-4.0796 8.340878E-02
-4.0596 8.409132E-02
-4.0396 8.475570E-02
-4.0195 8.539996E-02
-3.9995 8.602271E-02
-3.9795 8.662214E-02
-3.9595 8.719687E-02
-3.9395 8.774580E-02
-3.9195 8.826745E-02
-3.8995 8.876107E-02
-3.8795 8.922558E-02
-3.8595 8.966052E-02
-3.8395 9.006536E-02
-3.8194 9.043970E-02
-3.7994 9.078353E-02
-3.7794 9.109676E-02
-3.7594 9.137961E-02
-3.7394 9.163245E-02
-3.7194 9.185575E-02
-3.6994 9.205007E-02
-3.6794 9.221629E-02
-3.6594 9.235501E-02
-3.6394 9.246725E-02
-3.6193 9.255401E-02
-3.5993 9.261632E-02
-3.5793 9.265529E-02
-3.5593 9.267201E-02
-3.5393 9.266775E-02
-3.5193 9.264351E-02
-3.4993 9.260049E-02
-3.4793 9.253989E-02
-3.4593 9.246274E-02
-3.4393 9.237025E-02
-3.4192 9.226333E-02
-3.3992 9.214316E-02
-3.3792 9.201063E-02
-3.3592 9.186670E-02
-3.3392 9.171219E-02
-3.3192 9.154803E-02
-3.2992 9.137492E-02
-3.2792 9.119363E-02
-3.2592 9.100482E-02
-3.2392 9.080923E-02
-3.2191 9.060720E-02
-3.1991 9.039946E-02
-3.1791 9.018644E-02
-3.1591 8.996861E-02
-3.1391 8.974630E-02
-3.1191 8.951993E-02
-3.0991 8.928993E-02
-3.0791 8.905650E-02
-3.0591 8.881988E-02
-3.0391 8.858046E-02
-3.0190 8.833850E-02
-2.9990 8.809402E-02
-2.9790 8.784746E-02
-2.9590 8.759877E-02
-2.9390 8.734818E-02
-2.9190 8.709595E-02
-2.8990 8.684220E-02
-2.8790 8.658713E-02
-2.8590 8.633081E-02
-2.8390 8.607336E-02
-2.8189 8.581495E-02
-2.7989 8.555581E-02
-2.7789 8.529606E-02
-2.7589 8.503584E-02
-2.7389 8.477530E-02
-2.7189 8.451465E-02
-2.6989 8.425404E-02
-2.6789 8.399358E-02
-2.6589 8.373365E-02
-2.6389 8.347420E-02
-2.6188 8.321568E-02
-2.5988 8.295814E-02
-2.5788 8.270183E-02
-2.5588 8.244713E-02
-2.5388 8.219406E-02
-2.5188 8.194301E-02
-2.4988 8.169422E-02
-2.4788 8.144801E-02
-2.4588 8.120442E-02
-2.4388 8.096398E-02
-2.4187 8.072694E-02
-2.3987 8.049349E-02
-2.3787 8.026402E-02
-2.3587 8.003871E-02
-2.3387 7.981800E-02
-2.3187 7.960217E-02
-2.2987 7.939146E-02
-2.2787 7.918624E-02
-2.2587 7.898684E-02
-2.2387 7.879359E-02
-2.2186 7.860678E-02
-2.1986 7.842674E-02
-2.1786 7.825371E-02
-2.1586 7.808817E-02
-2.1386 7.793035E-02
-2.1186 7.778048E-02
-2.0986 7.763906E-02
-2.0786 7.750638E-02
-2.0586 7.738261E-02
-2.0386 7.726816E-02
-2.0185 7.716333E-02
-1.9985 7.706845E-02
-1.9785 7.698377E-02
-1.9585 7.690970E-02
-1.9385 7.684644E-02
-1.9185 7.679424E-02
-1.8985 7.675363E-02
-1.8785 7.672458E-02
-1.8585 7.670750E-02
-1.8385 7.670287E-02
-1.8184 7.671060E-02
-1.7984 7.673131E-02
-1.7784 7.676511E-02
-1.7584 7.681230E-02
-1.7384 7.687296E-02
-1.7184 7.694758E-02
-1.6984 7.703628E-02
-1.6784 7.713937E-02
-1.6584 7.725703E-02
-1.6384 7.738942E-02
-1.6183 7.753691E-02
-1.5983 7.769945E-02
-1.5783 7.787759E-02
-1.5583 7.807118E-02
-1.5383 7.828047E-02
-1.5183 7.850574E-02
-1.4983 7.874698E-02
-1.4783 7.900425E-02
-1.4583 7.927787E-02
-1.4383 7.956770E-02
-1.4182 7.987381E-02
-1.3982 8.019624E-02
-1.3782 8.053510E-02
-1.3582 8.089013E-02
-1.3382 8.126148E-02
-1.3182 8.164896E-02
-1.2982 8.205209E-02
-1.2782 8.247120E-02
-1.2582 8.290576E-02
-1.2382 8.335558E-02
-1.2181 8.382017E-02
-1.1981 8.429934E-02
-1.1781 8.479236E-02
-1.1581 8.529908E-02
-1.1381 8.581847E-02
-1.1181 8.635048E-02
-1.0981 8.689391E-02
-1.0781 8.744815E-02
-1.0581 8.801254E-02
-1.0381 8.858591E-02
-1.0180 8.916755E-02
-0.9980 8.975629E-02
-0.9780 9.035101E-02
-0.9580 9.095080E-02
-0.9380 9.155412E-02
-0.9180 9.215998E-02
-0.8980 9.276694E-02
-0.8780 9.337388E-02
-0.8580 9.397913E-02
-0.8380 9.458140E-02
-0.8179 9.517959E-02
-0.7979 9.577185E-02
-0.7779 9.635709E-02
-0.7579 9.693403E-02
-0.7379 9.750100E-02
-0.7179 9.805682E-02
-0.6979 9.860037E-02
-0.6779 9.913039E-02
-0.6579 9.964556E-02
-0.6379 1.001453E-01
-0.6178 1.006284E-01
-0.5978 1.010939E-01
-0.5778 1.015413E-01
-0.5578 1.019699E-01
-0.5378 1.023793E-01
-0.5178 1.027691E-01
-0.4978 1.031389E-01
-0.4778 1.034887E-01
-0.4578 1.038186E-01
-0.4378 1.041285E-01
-0.4177 1.044187E-01
-0.3977 1.046897E-01
-0.3777 1.049417E-01
-0.3577 1.051754E-01
-0.3377 1.053912E-01
-0.3177 1.055900E-01
-0.2977 1.057725E-01
-0.2777 1.059395E-01
-0.2577 1.060919E-01
-0.2377 1.062304E-01
-0.2176 1.063562E-01
-0.1976 1.064701E-01
-0.1776 1.065731E-01
-0.1576 1.066660E-01
-0.1376 1.067499E-01
-0.1176 1.068257E-01
-0.0976 1.068942E-01
-0.0776 1.069565E-01
-0.0576 1.070133E-01
-0.0376 1.070655E-01
-0.0175 1.071138E-01
0.0025 1.071589E-01
0.0225 1.072015E-01
0.0425 1.072424E-01
0.0625 1.072821E-01
0.0825 1.073210E-01
0.1025 1.073597E-01
0.1225 1.073988E-01
0.1425 1.074384E-01
0.1625 1.074790E-01
0.1826 1.075210E-01
0.2026 1.075644E-01
0.2226 1.076095E-01
0.2426 1.076565E-01
0.2626 1.077055E-01
0.2826 1.077564E-01
0.3026 1.078095E-01
0.3226 1.078646E-01
0.3426 1.079218E-01
0.3626 1.079807E-01
0.3827 1.080416E-01
0.4027 1.081040E-01
0.4227 1.081679E-01
0.4427 1.082332E-01
0.4627 1.082993E-01
0.4827 1.083664E-01
0.5027 1.084339E-01
0.5227 1.085017E-01
0.5427 1.085694E-01
0.5627 1.086367E-01
0.5828 1.087033E-01
0.6028 1.087689E-01
0.6228 1.088331E-01
0.6428 1.088956E-01
0.6628 1.089560E-01
0.6828 1.090140E-01
0.7028 1.090693E-01
0.7228 1.091214E-01
0.7428 1.091701E-01
0.7628 1.092150E-01
0.7829 1.092558E-01
0.8029 1.092923E-01
0.8229 1.093242E-01
0.8429 1.093511E-01
0.8629 1.093727E-01
0.8829 1.093890E-01
0.9029 1.093996E-01
0.9229 1.094043E-01
0.9429 1.094030E-01
0.9629 1.093955E-01
0.9830 1.093817E-01
1.0030 1.093615E-01
1.0230 1.093348E-01
1.0430 1.093016E-01
1.0630 1.092617E-01
1.0830 1.092152E-01
1.1030 1.091622E-01
1.1230 1.091025E-01
1.1430 1.090365E-01
1.1630 1.089641E-01
1.1831 1.088854E-01
1.2031 1.088005E-01
1.2231 1.087095E-01
1.2431 1.086129E-01
1.2631 1.085105E-01
1.2831 1.084026E-01
1.3031 1.082896E-01
1.3231 1.081714E-01
1.3431 1.080486E-01
1.3631 1.079212E-01
1.3832 1.077895E-01
1.4032 1.076538E-01
1.4232 1.075144E-01
1.4432 1.073714E-01
1.4632 1.072254E-01
1.4832 1.070764E-01
1.5032 1.069249E-01
1.5232 1.067709E-01
1.5432 1.066149E-01
1.5632 1.064571E-01
1.5833 1.062978E-01
1.6033 1.061372E-01
1.6233 1.059757E-01
1.6433 1.058133E-01
1.6633 1.056503E-01
1.6833 1.054873E-01
1.7033 1.053241E-01
1.7233 1.051611E-01
1.7433 1.049986E-01
1.7633 1.013190E-01
1.7834 1.046753E-01
1.8034 1.045150E-01
1.8234 1.043559E-01
1.8434 1.041981E-01
1.8634 1.040417E-01
1.8834 1.038870E-01
1.9034 1.037339E-01
1.9234 1.035829E-01
1.9434 1.034336E-01
1.9634 1.032864E-01
1.9835 1.031414E-01
2.0035 1.029988E-01
2.0235 9.913598E-02
2.0435 1.027205E-01
2.0635 1.025852E-01
2.0835 9.657983E-02
2.1035 1.023221E-01
2.1235 1.021944E-01
2.1435 1.020696E-01
2.1635 1.019475E-01
2.1836 1.018282E-01
2.2036 1.017116E-01
2.2236 1.015979E-01
2.2436 1.014871E-01
2.2636 1.013791E-01
2.2836 1.012740E-01
2.3036 1.011718E-01
2.3236 1.010726E-01
2.3436 9.589322E-02
2.3636 1.008827E-01
2.3837 1.007923E-01
2.4037 9.805629E-02
2.4237 1.006199E-01
2.4437 1.005381E-01
2.4637 1.004593E-01
2.4837 1.003835E-01
2.5037 1.003105E-01
2.5237 1.002403E-01
2.5437 1.001732E-01
2.5637 1.001089E-01
2.5838 1.000475E-01
2.6038 9.998907E-02
2.6238 9.993354E-02
2.6438 9.988081E-02
2.6638 9.622908E-02
2.6838 9.978414E-02
2.7038 9.765544E-02
2.7238 9.969895E-02
2.7438 9.966067E-02
2.7638 9.962521E-02
2.7839 9.959270E-02
2.8039 9.956297E-02
2.8239 9.953615E-02
2.8439 9.951227E-02
2.8639 9.949109E-02
2.8839 9.947276E-02
2.9039 9.945737E-02
2.9239 9.944472E-02
2.9439 9.943501E-02
2.9639 9.942804E-02
2.9840 9.713610E-02
3.0040 9.942258E-02
3.0240 9.805915E-02
3.0440 9.942834E-02
3.0640 9.943528E-02
3.0840 9.944513E-02
3.1040 9.945767E-02
3.1240 9.947285E-02
3.1440 9.949082E-02
3.1640 9.951145E-02
3.1841 9.953461E-02
3.2041 9.956056E-02
3.2241 9.958904E-02
3.2441 9.962004E-02
3.2641 9.965350E-02
3.2841 9.968952E-02
3.3041 9.827724E-02
3.3241 9.976867E-02
3.3441 9.901406E-02
3.3641 9.985725E-02
3.3842 9.990483E-02
3.4042 9.995457E-02
3.4242 1.000065E-01
3.4442 1.000602E-01
3.4642 1.001159E-01
3.4842 1.001735E-01
3.5042 1.002329E-01
3.5242 1.002939E-01
3.5442 1.003565E-01
3.5642 1.004205E-01
3.5843 1.004859E-01
3.6043 1.005527E-01
3.6243 9.910128E-02
3.6443 1.006893E-01
3.6643 1.001438E-01
3.6843 1.008294E-01
3.7043 1.009006E-01
3.7243 1.009722E-01
3.7443 1.010442E-01
3.7643 1.011165E-01
3.7844 1.011888E-01
3.8044 1.012610E-01
3.8244 1.013331E-01
3.8444 1.014047E-01
3.8644 1.014757E-01
3.8844 1.015461E-01
3.9044 1.016157E-01
3.9244 1.016842E-01
3.9444 9.914982E-02
3.9644 1.018177E-01
3.9845 1.008757E-01
4.0045 1.019452E-01
4.0245 1.020064E-01
4.0445 1.020656E-01
4.0645 1.021228E-01
4.0845 1.021777E-01
4.1045 1.022302E-01
4.1245 1.022802E-01
4.1445 1.023277E-01
4.1645 1.023723E-01
4.1846 1.024141E-01
4.2046 1.024528E-01
4.2246 1.024886E-01
4.2446 1.025211E-01
4.2646 9.846026E-02
4.2846 1.025763E-01
4.3046 1.007886E-01
4.3246 1.026178E-01
4.3446 1.026333E-01
4.3646 1.026453E-01
4.3847 1.026537E-01
4.4047 1.026585E-01
4.4247 1.026597E-01
4.4447 1.026574E-01
4.4647 1.026514E-01
4.4847 1.026420E-01
4.5047 1.026290E-01
4.5247 1.026125E-01
4.5447 1.025928E-01
4.5647 1.025695E-01
4.5848 9.754009E-02
4.6048 1.025134E-01
4.6248 9.999489E-02
4.6448 1.024451E-01
4.6648 1.024064E-01
4.6848 1.023653E-01
4.7048 1.023214E-01
4.7248 1.022750E-01
4.7448 1.022262E-01
4.7648 1.021753E-01
4.7849 1.021223E-01
4.8049 1.020674E-01
4.8249 1.020108E-01
4.8449 1.019525E-01
4.8649 1.018930E-01
4.8849 1.018320E-01
4.9049 9.695383E-02
4.9249 1.017070E-01
4.9449 9.904401E-02
4.9649 1.015789E-01
4.9850 1.015140E-01
5.0050 1.014490E-01
5.0250 1.013836E-01
5.0450 1.013185E-01
5.0650 1.012535E-01
5.0850 1.011887E-01
5.1050 1.011245E-01
5.1250 1.010610E-01
5.1450 1.009983E-01
5.1650 1.009365E-01
5.1851 1.008757E-01
5.2051 1.008160E-01
5.2251 9.703001E-02
5.2451 1.007010E-01
5.2651 9.848981E-02
5.2851 1.005920E-01
5.3051 1.005403E-01
5.3251 1.004902E-01
5.3451 1.004423E-01
5.3651 1.003964E-01
5.3852 1.003527E-01
5.4052 1.003112E-01
5.4252 1.002721E-01
5.4452 1.002354E-01
5.4652 1.002011E-01
5.4852 1.001694E-01
5.5052 1.001404E-01
5.5252 1.001139E-01
5.5452 9.784193E-02
5.5652 1.000692E-01
5.5853 9.863032E-02
5.6053 1.000357E-01
5.6253 1.000233E-01
5.6453 1.000137E-01
5.6653 1.000071E-01
5.6853 1.000036E-01
5.7053 1.000029E-01
5.7253 1.000052E-01
5.7453 1.000105E-01
5.7653 1.000189E-01
5.7854 1.000303E-01
5.8054 1.000447E-01
5.8254 1.000621E-01
5.8454 1.000826E-01
5.8654 9.929950E-02
5.8854 1.001325E-01
5.9054 9.951329E-02
5.9254 1.001946E-01
5.9454 1.002300E-01
5.9654 1.002685E-01
5.9855 1.003099E-01
6.0055 1.003542E-01
6.0255 1.004013E-01
6.0455 1.004515E-01
6.0655 1.005044E-01
6.0855 1.005601E-01
6.1055 1.006186E-01
6.1255 1.006799E-01
6.1455 1.007440E-01
6.1655 1.008107E-01
6.1856 1.012286E-01
6.2056 1.009519E-01
6.2256 1.010321E-01
6.2456 1.011035E-01
6.2656 1.011832E-01
6.2856 1.012652E-01
6.3056 1.013497E-01
6.3256 1.014366E-01
6.3456 1.015258E-01
6.3656 1.016172E-01
6.3857 1.017109E-01
6.4057 1.018068E-01
6.4257 1.019049E-01
6.4457 1.020051E-01
6.4657 1.021072E-01
6.4857 1.022114E-01
6.5057 1.034111E-01
6.5257 1.024256E-01
6.5457 1.030026E-01
6.5657 1.026472E-01
6.5858 1.027607E-01
6.6058 1.028759E-01
6.6258 1.029926E-01
6.6458 1.031110E-01
6.6658 1.032310E-01
6.6858 1.033522E-01
6.7058 1.034750E-01
6.7258 1.035992E-01
6.7458 1.037247E-01
6.7658 1.038513E-01
6.7859 1.039793E-01
6.8059 1.041083E-01
6.8259 1.056018E-01
6.8459 1.043696E-01
6.8659 1.051988E-01
6.8859 1.046347E-01
6.9059 1.047685E-01
6.9259 1.049030E-01
6.9459 1.050384E-01
6.9659 1.051744E-01
6.9860 1.053108E-01
7.0060 1.054480E-01
7.0260 1.055855E-01
7.0460 1.057235E-01
7.0660 1.058618E-01
7.0860 1.060004E-01
7.1060 1.061392E-01
7.1260 1.062781E-01
7.1460 1.075518E-01
7.1660 1.065562E-01
7.1861 1.073695E-01
7.2061 1.068341E-01
7.2261 1.069728E-01
7.2461 1.071113E-01
7.2661 1.072495E-01
7.2861 1.073874E-01
7.3061 1.075247E-01
7.3261 1.076617E-01
7.3461 1.077980E-01
7.3661 1.079338E-01
7.3862 1.080688E-01
7.4062 1.082031E-01
7.4262 1.083366E-01
7.4462 1.084692E-01
7.4662 1.090590E-01
7.4862 1.087316E-01
7.5062 1.092647E-01
7.5262 1.089897E-01
7.5462 1.091171E-01
7.5662 1.092431E-01
7.5863 1.093680E-01
7.6063 1.094915E-01
7.6263 1.096136E-01
7.6463 1.097342E-01
7.6663 1.098533E-01
7.6863 1.099708E-01
7.7063 1.100868E-01
7.7263 1.102012E-01
7.7463 1.103138E-01
7.7663 1.104246E-01
7.7864 1.100401E-01
7.8064 1.106410E-01
7.8264 1.106912E-01
7.8464 1.108499E-01
7.8664 1.109514E-01
7.8864 1.110510E-01
7.9064 1.111485E-01
7.9264 1.112440E-01
7.9464 1.113376E-01
7.9664 1.114289E-01
7.9865 1.115183E-01
8.0065 1.116054E-01
8.0265 1.116904E-01
8.0465 1.117733E-01
8.0665 1.118540E-01
8.0865 1.119326E-01
8.1065 1.368696E-01
8.1265 1.120832E-01
8.1465 1.115845E-01
8.1665 1.122250E-01
8.1866 1.122927E-01
8.2066 1.123582E-01
8.2266 1.124216E-01
8.2466 1.124827E-01
8.2666 1.125419E-01
8.2866 1.125990E-01
8.3066 1.126539E-01
8.3266 1.127069E-01
8.3466 1.127578E-01
8.3666 1.128067E-01
8.3867 1.128537E-01
8.4067 1.128987E-01
8.4267 1.386446E-01
8.4467 1.129832E-01
8.4667 1.388649E-01
