882.208 -59.5372767000 -3.6431871412 1.0438736153E-05
892.208 -49.5372767000 -3.2631469980 1.4197821827E-05
902.208 -39.5372767000 -2.8325687666 2.0926021428E-05
912.208 -29.5372767000 -2.3235238980 3.5726522935E-05
913.708 -28.0372767000 -2.2371993015 3.9513529848E-05
915.208 -26.5372767000 -2.1474073030 4.4087780640E-05
916.708 -25.0372767000 -2.0536931453 4.9793264059E-05
918.208 -23.5372767000 -1.9554930184 5.6829557117E-05
919.708 -22.0372767000 -1.8520935636 6.5816043821E-05
921.208 -20.5372767000 -1.7425694222 7.7649951395E-05
922.208 -19.5372767000 -1.6655569459 8.7828547681E-05
922.308 -19.4370067000 -1.6576375592 8.8979524323E-05
922.408 -19.3367367000 -1.6496801555 9.0157498369E-05
922.509 -19.2364667000 -1.6416841171 9.1363366131E-05
922.609 -19.1361967000 -1.6336490721 9.2598216482E-05
922.708 -19.0372767000 -1.6256831839 9.3845682555E-05
922.709 -19.0359267000 -1.6255741803 9.3862946366E-05
922.809 -18.9356567000 -1.6174590423 9.5158582781E-05
922.91 -18.8353867000 -1.6093029169 9.6486360797E-05
923.01 -18.7351167000 -1.6011053772 9.7847300253E-05
923.11 -18.6348467000 -1.5928655165 9.9242752142E-05
923.21 -18.5345767000 -1.5845829433 1.0067386886E-04
923.311 -18.4343067000 -1.5762567142 1.0214209382E-04
923.411 -18.3340367000 -1.5678864053 1.0364878435E-04
923.511 -18.2337667000 -1.5594709654 1.0519545517E-04
923.612 -18.1334967000 -1.5510100717 1.0678363912E-04
923.712 -18.0332267000 -1.5425026312 1.0841506188E-04
923.812 -17.9329567000 -1.5339481470 1.1009143908E-04
923.912 -17.8326867000 -1.5253454788 1.1181472844E-04
924.013 -17.7324167000 -1.5166942277 1.1358689460E-04
924.113 -17.6321467000 -1.5079932752 1.1541020307E-04
924.213 -17.5318767000 -1.4992417560 1.1728708825E-04
924.313 -17.4316067000 -1.4904389222 1.1922032994E-04
924.414 -17.3313367000 -1.4815837872 1.2121308617E-04
924.514 -17.2310667000 -1.4726754799 1.2326876238E-04
924.614 -17.1307967000 -1.4637127386 1.2538971580E-04
924.714 -17.0305267000 -1.4546949961 1.2757416307E-04
924.815 -16.9302567000 -1.4456208550 1.2981695794E-04
924.915 -16.8299867000 -1.4364895429 1.3212158435E-04
925.015 -16.7297167000 -1.4272996644 1.3450024846E-04
925.116 -16.6294467000 -1.4180503057 1.3696170949E-04
925.216 -16.5291767000 -1.4087402199 1.3951196420E-04
925.316 -16.4289067000 -1.3993681949 1.4215669294E-04
925.416 -16.3286367000 -1.3899329778 1.4489822282E-04
925.517 -16.2283667000 -1.3804331956 1.4773845179E-04
925.617 -16.1280967000 -1.3708676615 1.5067507401E-04
925.717 -16.0278267000 -1.3612349110 1.5370682948E-04
925.817 -15.9275567000 -1.3515335071 1.5684036329E-04
925.918 -15.8272867000 -1.3417619604 1.6008571235E-04
926.018 -15.7270167000 -1.3319186474 1.6345274221E-04
926.118 -15.6267467000 -1.3220021260 1.6695072867E-04
926.219 -15.5264767000 -1.3120107361 1.7058840941E-04
926.319 -15.4262067000 -1.3019425089 1.7437467419E-04
926.419 -15.3259367000 -1.2917958538 1.7831894655E-04
926.519 -15.2256667000 -1.2815689078 1.8243103161E-04
926.62 -15.1253967000 -1.2712597752 1.8672167249E-04
926.72 -15.0251267000 -1.2608662290 1.9120244020E-04
926.82 -14.9248567000 -1.2503863343 1.9588577238E-04
926.92 -14.8245867000 -1.2398177300 2.0078525485E-04
927.021 -14.7243167000 -1.2291583874 2.0591565409E-04
927.121 -14.6240467000 -1.2184057940 2.1129293472E-04
927.221 -14.5237767000 -1.2075575471 2.1693472924E-04
927.321 -14.4235067000 -1.1966107337 2.2286072100E-04
927.422 -14.3232367000 -1.1855630275 2.2909309317E-04
927.522 -14.2229667000 -1.1744113546 2.3565703715E-04
927.622 -14.1226967000 -1.1631527705 2.4258185434E-04
927.723 -14.0224267000 -1.1517841401 2.4990189847E-04
927.823 -13.9221567000 -1.1403020785 2.5765767911E-04
927.923 -13.8218867000 -1.1287033597 2.6589783532E-04
928.023 -13.7216167000 -1.1169841116 2.7468092738E-04
928.124 -13.6213467000 -1.1051405960 2.8407868074E-04
928.224 -13.5210767000 -1.0931688225 2.9418002571E-04
928.324 -13.4208067000 -1.0810644319 3.0509691308E-04
928.424 -13.3205367000 -1.0688230179 3.1696565311E-04
928.525 -13.2202667000 -1.0564397670 3.2994653027E-04
928.625 -13.1199967000 -1.0439096316 3.4420126964E-04
928.725 -13.0197267000 -1.0312272060 3.5981654703E-04
928.826 -12.9194567000 -1.0183869049 3.7666183204E-04
928.926 -12.8191867000 -1.0053826795 3.9428600056E-04
929.026 -12.7189167000 -0.9922079235 4.1222968161E-04
929.126 -12.6186467000 -0.9788558601 4.3087843634E-04
929.227 -12.5183767000 -0.9653192420 4.5156155558E-04
929.327 -12.4181067000 -0.9515899696 4.7540857909E-04
929.427 -12.3178367000 -0.9376597222 5.0255679760E-04
929.527 -12.2175667000 -0.9235194056 5.3181546183E-04
929.628 -12.1172967000 -0.9091591593 5.6101243461E-04
929.728 -12.0170267000 -0.8945684516 5.8941485195E-04
929.828 -11.9167567000 -0.8797357553 6.1934762395E-04
929.929 -11.8164867000 -0.8646486783 6.5319684352E-04
930.029 -11.7162167000 -0.8492936014 6.9098293857E-04
930.129 -11.6159467000 -0.8336557478 7.3236699174E-04
930.229 -11.5156767000 -0.8177189270 7.7809212444E-04
930.33 -11.4154067000 -0.8014652382 8.2878909940E-04
930.43 -11.3151367000 -0.7848750299 8.8596905119E-04
930.53 -11.2148667000 -0.7679265267 9.5249757700E-04
930.63 -11.1145967000 -0.7505953515 1.0310882359E-03
930.731 -11.0143267000 -0.7328545008 1.1214353200E-03
930.831 -10.9140567000 -0.7146733919 1.2195562667E-03
930.931 -10.8137867000 -0.6960174865 1.3207684474E-03
931.031 -10.7135167000 -0.6768476042 1.4255611745E-03
931.132 -10.6132467000 -0.6571186629 1.5461393104E-03
931.232 -10.5129767000 -0.6367788273 1.7041710103E-03
931.332 -10.4127067000 -0.6157674556 1.9168794967E-03
931.433 -10.3124367000 -0.5940133589 2.1905259347E-03
931.533 -10.2121667000 -0.5714316714 2.5352655296E-03
931.633 -10.1118967000 -0.5479201518 2.9782047162E-03
931.733 -10.0116267000 -0.5233534216 3.5601337924E-03
931.834 -9.9113566500 -0.4975752087 4.3362671130E-03
931.934 -9.8110866500 -0.4703864363 5.3729055513E-03
932.034 -9.7108166500 -0.4415265684 6.7002178972E-03
932.134 -9.6105466500 -0.4106433916 8.2136107721E-03
932.235 -9.5102766500 -0.3772403825 9.6368916788E-03
932.335 -9.4100066500 -0.3405768890 1.0693487358E-02
932.435 -9.3097366500 -0.2994577017 1.1461832735E-02
932.536 -9.2094666500 -0.2517086137 1.2334550315E-02
932.636 -9.1091966500 -0.1924565597 1.3500834473E-02
932.777 -8.9680766500 0.0000000000 1.5407019997E-02
932.836 -8.9086566500 0.1248834071 1.6164609477E-02
932.937 -8.8083866500 0.2047280210 1.7220787472E-02
933.037 -8.7081166500 0.2612111243 1.7923000499E-02
933.137 -8.6078466500 0.3074881250 1.8259645327E-02
933.237 -8.5075766500 0.3476588115 1.8280963921E-02
933.338 -8.4073066500 0.3836461278 1.8064351919E-02
933.438 -8.3070366500 0.4165357771 1.7690126355E-02
933.538 -8.2067666500 0.4470120160 1.7223839089E-02
933.639 -8.1064966500 0.4755390815 1.6712689568E-02
933.739 -8.0062266500 0.5024491088 1.6190658169E-02
933.839 -7.9059566500 0.5279894151 1.5679124160E-02
933.939 -7.8056866500 0.5523499899 1.5188432513E-02
934.04 -7.7054166500 0.5756806639 1.4727123853E-02
934.14 -7.6051466500 0.5981019053 1.4301036697E-02
934.24 -7.5048766500 0.6197124962 1.3948490103E-02
934.34 -7.4046066500 0.6405945052 1.3616247663E-02
934.441 -7.3043366500 0.6608169053 1.3302618826E-02
934.541 -7.2040666500 0.6804385874 1.3004871105E-02
934.641 -7.1037966500 0.6995101048 1.2718837865E-02
934.741 -7.0035266500 0.7180752391 1.2443165340E-02
934.842 -6.9032566500 0.7361723742 1.2174037475E-02
934.942 -6.8029866500 0.7538351809 1.1907259416E-02
935.042 -6.7027166500 0.7710935063 1.1641721861E-02
935.143 -6.6024466500 0.7879738941 1.1373552330E-02
935.243 -6.5021766500 0.8045002009 1.1103255444E-02
935.343 -6.4019066500 0.8206937526 1.0829851832E-02
935.443 -6.3016366500 0.8365739364 1.0552783881E-02
935.544 -6.2013666500 0.8521582403 1.0272954398E-02
935.644 -6.1010966500 0.8674626113 9.9924325975E-03
935.744 -6.0008266500 0.8825016133 9.7127106220E-03
935.844 -5.9005566500 0.8972885600 9.4361982267E-03
935.945 -5.8002866500 0.9118357430 9.1642081578E-03
936.045 -5.7000166500 0.9261544891 8.8981419646E-03
936.145 -5.5997466500 0.9402552064 8.6418809738E-03
936.246 -5.4994766500 0.9541475055 8.3954109861E-03
936.346 -5.3992066500 0.9678404987 8.1612117894E-03
936.446 -5.2989366500 0.9813424477 7.9404480862E-03
936.546 -5.1986666500 0.9946610254 7.7341556454E-03
936.647 -5.0983966500 1.0078036603 7.5440372769E-03
936.747 -4.9981266500 1.0207771483 7.3705645718E-03
936.847 -4.8978566500 1.0335877557 7.2130493823E-03
936.947 -4.7975866500 1.0462415166 7.0746409061E-03
937.048 -4.6973166500 1.0587440547 6.9533970733E-03
937.148 -4.5970466500 1.0711007648 6.8523556953E-03
937.248 -4.4967766500 1.0833163916 6.7695052482E-03
937.348 -4.3965066500 1.0953958493 6.7069226506E-03
937.449 -4.2962366500 1.1073436421 6.6657272438E-03
937.549 -4.1959666500 1.1191637492 6.6462282485E-03
937.649 -4.0956966500 1.1308604568 6.6487602844E-03
937.75 -3.9954266500 1.1424372290 6.6758402159E-03
937.85 -3.8951566500 1.1538979984 6.7279981062E-03
937.95 -3.7948866500 1.1652460054 6.8068116960E-03
938.05 -3.6946166500 1.1764846485 6.9136108216E-03
938.151 -3.5943466500 1.1876168534 7.0483573806E-03
938.251 -3.4940766500 1.1986456300 7.2112474299E-03
938.351 -3.3938066500 1.2095739835 7.4011501032E-03
938.451 -3.2935366500 1.2204043935 7.6153173880E-03
938.552 -3.1932666500 1.2311395747 7.8485656212E-03
938.652 -3.0929966500 1.2417819111 8.0929237942E-03
938.752 -2.9927266500 1.2523338122 8.3383219873E-03
938.853 -2.8924566500 1.2627975027 8.5722508954E-03
938.953 -2.7921866500 1.2731752414 8.7818524236E-03
939.053 -2.6919166500 1.2834691130 8.9552257275E-03
939.153 -2.5916466500 1.2936810784 9.0832861337E-03
939.254 -2.4913766500 1.3038130623 9.1610905319E-03
939.354 -2.3911066500 1.3138668744 9.1886407122E-03
939.454 -2.2908366500 1.3238442958 9.1694962196E-03
939.554 -2.1905666500 1.3337472004 9.1102823869E-03
939.655 -2.0902966500 1.3435769587 9.0186681243E-03
939.755 -1.9900266500 1.3533354792 8.9027400958E-03
939.855 -1.8897566500 1.3630239795 8.7695183146E-03
939.956 -1.7894866500 1.3726442524 8.6250662458E-03
940.056 -1.6892166500 1.3821975687 8.4743477319E-03
940.156 -1.5889466500 1.3916851542 8.3215066420E-03
940.256 -1.4886766500 1.4011086480 8.1698911026E-03
940.357 -1.3884066500 1.4104690329 8.0224721337E-03
940.457 -1.2881366500 1.4197678571 7.8816972776E-03
940.557 -1.1878666500 1.4290060988 7.7501070311E-03
940.657 -1.0875966500 1.4381850734 7.6298047088E-03
940.758 -0.9873266540 1.4473056881 7.5229123092E-03
940.858 -0.8870566540 1.4563693316 7.4314075070E-03
940.958 -0.7867866540 1.4653768431 7.3569650816E-03
941.058 -0.6865166540 1.4743293236 7.3011295161E-03
941.159 -0.5862466540 1.4832278415 7.2649454969E-03
941.259 -0.4859766540 1.4920731480 7.2495477705E-03
941.359 -0.3857066540 1.5008664678 7.2552673066E-03
941.46 -0.2854366540 1.5096084978 7.2820239294E-03
941.56 -0.1851666540 1.5183001939 7.3293474205E-03
941.66 -0.0848966540 1.5269423461 7.3959394667E-03
941.76 0.0153733460 1.5355359294 7.4794410672E-03
941.861 0.1156433460 1.5440818238 7.5768614006E-03
941.961 0.2159133460 1.5525804053 7.6840712125E-03
942.061 0.3161833460 1.5610329241 7.7962421609E-03
942.161 0.4164533460 1.5694398531 7.9078721126E-03
942.208 0.4626933460 1.5733015760 7.9577419670E-03
943.708 1.9626933500 1.6938064939 8.0762575075E-03
945.208 3.4626933500 1.8062898518 7.0883556031E-03
946.708 4.9626933500 1.9121676685 6.4889567920E-03
948.208 6.4626933500 2.0124830951 6.0327365797E-03
949.708 7.9626933500 2.1080300752 5.9084299724E-03
951.208 9.4626933500 2.1994300481 5.8974967169E-03
952.208 10.4627233000 2.2583109729 5.9980610150E-03
952.708 10.9626933000 2.2871806064 6.1649370784E-03
972.208 30.4627233000 3.2170381297 7.5635496922E-03
992.208 50.4627233000 3.9495189840 6.3054481409E-03
1012.21 70.4627233000 4.5659683457 6.0290286237E-03
1032.21 90.4627233000 5.1085647361 6.3082679390E-03
1052.21 110.4627230000 5.5988211874 5.3958724682E-03
