-29.6444 6.049594E-04
-29.6244 6.061351E-04
-29.6044 6.073143E-04
-29.5844 6.084972E-04
-29.5644 6.096841E-04
-29.5443 6.108747E-04
-29.5243 6.120686E-04
-29.5043 6.132665E-04
-29.4843 6.144682E-04
-29.4643 6.156735E-04
-29.4443 6.168828E-04
-29.4243 6.180961E-04
-29.4043 6.193127E-04
-29.3843 6.205334E-04
-29.3643 6.217576E-04
-29.3442 6.229861E-04
-29.3242 6.242185E-04
-29.3042 6.254545E-04
-29.2842 6.266946E-04
-29.2642 6.279387E-04
-29.2442 6.291864E-04
-29.2242 6.304382E-04
-29.2042 6.316942E-04
-29.1842 6.329541E-04
-29.1642 6.342182E-04
-29.1441 6.354860E-04
-29.1241 6.367578E-04
-29.1041 6.380339E-04
-29.0841 6.393143E-04
-29.0641 6.405984E-04
-29.0441 6.418867E-04
-29.0241 6.431792E-04
-29.0041 6.444759E-04
-28.9841 6.457768E-04
-28.9641 6.470819E-04
-28.9440 6.483909E-04
-28.9240 6.497049E-04
-28.9040 6.510223E-04
-28.8840 6.523446E-04
-28.8640 6.536706E-04
-28.8440 6.550014E-04
-28.8240 6.563364E-04
-28.8040 6.576757E-04
-28.7840 6.590191E-04
-28.7640 6.603672E-04
-28.7439 6.617199E-04
-28.7239 6.630766E-04
-28.7039 6.644382E-04
-28.6839 6.658041E-04
-28.6639 6.671743E-04
-28.6439 6.685490E-04
-28.6239 6.699283E-04
-28.6039 6.713121E-04
-28.5839 6.727003E-04
-28.5639 6.740937E-04
-28.5438 6.754913E-04
-28.5238 6.768936E-04
-28.5038 6.783005E-04
-28.4838 6.797118E-04
-28.4638 6.811280E-04
-28.4438 6.825490E-04
-28.4238 6.839747E-04
-28.4038 6.854053E-04
-28.3838 6.868405E-04
-28.3638 6.882805E-04
-28.3437 6.897254E-04
-28.3237 6.911753E-04
-28.3037 6.926299E-04
-28.2837 6.940892E-04
-28.2637 6.955536E-04
-28.2437 6.970230E-04
-28.2237 6.984969E-04
-28.2037 6.999761E-04
-28.1837 7.014603E-04
-28.1637 7.029496E-04
-28.1436 7.044440E-04
-28.1236 7.059434E-04
-28.1036 7.074478E-04
-28.0836 7.089574E-04
-28.0636 7.104722E-04
-28.0436 7.119921E-04
-28.0236 7.135169E-04
-28.0036 7.150474E-04
-27.9836 7.165830E-04
-27.9636 7.181235E-04
-27.9435 7.196700E-04
-27.9235 7.212210E-04
-27.9035 7.227777E-04
-27.8835 7.243398E-04
-27.8635 7.259073E-04
-27.8435 7.274806E-04
-27.8235 7.290586E-04
-27.8035 7.306424E-04
-27.7835 7.322321E-04
-27.7635 7.338265E-04
-27.7434 7.354269E-04
-27.7234 7.370328E-04
-27.7034 7.386442E-04
-27.6834 7.402614E-04
-27.6634 7.418842E-04
-27.6434 7.435126E-04
-27.6234 7.451468E-04
-27.6034 7.467867E-04
-27.5834 7.484322E-04
-27.5634 7.500837E-04
-27.5433 7.517409E-04
-27.5233 7.534040E-04
-27.5033 7.550730E-04
-27.4833 7.567478E-04
-27.4633 7.584281E-04
-27.4433 7.601151E-04
-27.4233 7.618074E-04
-27.4033 7.635066E-04
-27.3833 7.652108E-04
-27.3633 7.669217E-04
-27.3432 7.686390E-04
-27.3232 7.703616E-04
-27.3032 7.720908E-04
-27.2832 7.738261E-04
-27.2632 7.755677E-04
-27.2432 7.773155E-04
-27.2232 7.790696E-04
-27.2032 7.808300E-04
-27.1832 7.825967E-04
-27.1632 7.843699E-04
-27.1431 7.861495E-04
-27.1231 7.879354E-04
-27.1031 7.897278E-04
-27.0831 7.915267E-04
-27.0631 7.933316E-04
-27.0431 7.951442E-04
-27.0231 7.969628E-04
-27.0031 7.987875E-04
-26.9831 8.006199E-04
-26.9631 8.024585E-04
-26.9430 8.043032E-04
-26.9230 8.061559E-04
-26.9030 8.080147E-04
-26.8830 8.098800E-04
-26.8630 8.117530E-04
-26.8430 8.136325E-04
-26.8230 8.155182E-04
-26.8030 8.174117E-04
-26.7830 8.193121E-04
-26.7630 8.212194E-04
-26.7429 8.231338E-04
-26.7229 8.250553E-04
-26.7029 8.269841E-04
-26.6829 8.289206E-04
-26.6629 8.308631E-04
-26.6429 8.328134E-04
-26.6229 8.347710E-04
-26.6029 8.367360E-04
-26.5829 8.387084E-04
-26.5629 8.406882E-04
-26.5428 8.426753E-04
-26.5228 8.446699E-04
-26.5028 8.466721E-04
-26.4828 8.486819E-04
-26.4628 8.506993E-04
-26.4428 8.527235E-04
-26.4228 8.547568E-04
-26.4028 8.567971E-04
-26.3828 8.588452E-04
-26.3628 8.609011E-04
-26.3427 8.629642E-04
-26.3227 8.650362E-04
-26.3027 8.671159E-04
-26.2827 8.692034E-04
-26.2627 8.712982E-04
-26.2427 8.734017E-04
-26.2227 8.755139E-04
-26.2027 8.776336E-04
-26.1827 8.797615E-04
-26.1627 8.818969E-04
-26.1426 8.840418E-04
-26.1226 8.861938E-04
-26.1026 8.883547E-04
-26.0826 8.905247E-04
-26.0626 8.927018E-04
-26.0426 8.948887E-04
-26.0226 8.970828E-04
-26.0026 8.992861E-04
-25.9826 9.014988E-04
-25.9626 9.037194E-04
-25.9425 9.059488E-04
-25.9225 9.081866E-04
-25.9025 9.104335E-04
-25.8825 9.126883E-04
-25.8625 9.149537E-04
-25.8425 9.172263E-04
-25.8225 9.195089E-04
-25.8025 9.218005E-04
-25.7825 9.241018E-04
-25.7625 9.264107E-04
-25.7424 9.287296E-04
-25.7224 9.310584E-04
-25.7024 9.333950E-04
-25.6824 9.357418E-04
-25.6624 9.380977E-04
-25.6424 9.404642E-04
-25.6224 9.428381E-04
-25.6024 9.452229E-04
-25.5824 9.476169E-04
-25.5624 9.500207E-04
-25.5423 9.524345E-04
-25.5223 9.548576E-04
-25.5023 9.572906E-04
-25.4823 9.597330E-04
-25.4623 9.621862E-04
-25.4423 9.646490E-04
-25.4223 9.671213E-04
-25.4023 9.696046E-04
-25.3823 9.720975E-04
-25.3623 9.746001E-04
-25.3422 9.771140E-04
-25.3222 9.796374E-04
-25.3022 9.821716E-04
-25.2822 9.847150E-04
-25.2622 9.872710E-04
-25.2422 9.898366E-04
-25.2222 9.924121E-04
-25.2022 9.949992E-04
-25.1822 9.975965E-04
-25.1622 1.000205E-03
-25.1421 1.002823E-03
-25.1221 1.005454E-03
-25.1021 1.008095E-03
-25.0821 1.010745E-03
-25.0621 1.013409E-03
-25.0421 1.016083E-03
-25.0221 1.018768E-03
-25.0021 1.021465E-03
-24.9821 1.024173E-03
-24.9621 1.026891E-03
-24.9420 1.029622E-03
-24.9220 1.032365E-03
-24.9020 1.035118E-03
-24.8820 1.037885E-03
-24.8620 1.040663E-03
-24.8420 1.043450E-03
-24.8220 1.046252E-03
-24.8020 1.049065E-03
-24.7820 1.051890E-03
-24.7620 1.054727E-03
-24.7419 1.057575E-03
-24.7219 1.060436E-03
-24.7019 1.063311E-03
-24.6819 1.066196E-03
-24.6619 1.069096E-03
-24.6419 1.072005E-03
-24.6219 1.074929E-03
-24.6019 1.077865E-03
-24.5819 1.080814E-03
-24.5619 1.083777E-03
-24.5418 1.086751E-03
-24.5218 1.089739E-03
-24.5018 1.092740E-03
-24.4818 1.095752E-03
-24.4618 1.098780E-03
-24.4418 1.101819E-03
-24.4218 1.104873E-03
-24.4018 1.107940E-03
-24.3818 1.111021E-03
-24.3618 1.114114E-03
-24.3417 1.117222E-03
-24.3217 1.120343E-03
-24.3017 1.123479E-03
-24.2817 1.126629E-03
-24.2617 1.129791E-03
-24.2417 1.132968E-03
-24.2217 1.136159E-03
-24.2017 1.139365E-03
-24.1817 1.142586E-03
-24.1617 1.145819E-03
-24.1416 1.149070E-03
-24.1216 1.152334E-03
-24.1016 1.155612E-03
-24.0816 1.158903E-03
-24.0616 1.162212E-03
-24.0416 1.165535E-03
-24.0216 1.168872E-03
-24.0016 1.172228E-03
-23.9816 1.175594E-03
-23.9616 1.178979E-03
-23.9415 1.182380E-03
-23.9215 1.185793E-03
-23.9015 1.189223E-03
-23.8815 1.192669E-03
-23.8615 1.196132E-03
-23.8415 1.199611E-03
-23.8215 1.203103E-03
-23.8015 1.206613E-03
-23.7815 1.210142E-03
-23.7615 1.213684E-03
-23.7414 1.217244E-03
-23.7214 1.220817E-03
-23.7014 1.224410E-03
-23.6814 1.228019E-03
-23.6614 1.231644E-03
-23.6414 1.235287E-03
-23.6214 1.238947E-03
-23.6014 1.242625E-03
-23.5814 1.246320E-03
-23.5614 1.250031E-03
-23.5413 1.253763E-03
-23.5213 1.257508E-03
-23.5013 1.261273E-03
-23.4813 1.265056E-03
-23.4613 1.268855E-03
-23.4413 1.272675E-03
-23.4213 1.276510E-03
-23.4013 1.280368E-03
-23.3813 1.284241E-03
-23.3613 1.288133E-03
-23.3412 1.292045E-03
-23.3212 1.295975E-03
-23.3012 1.299922E-03
-23.2812 1.303892E-03
-23.2612 1.307878E-03
-23.2412 1.311883E-03
-23.2212 1.315909E-03
-23.2012 1.319954E-03
-23.1812 1.324020E-03
-23.1612 1.328106E-03
-23.1411 1.332209E-03
-23.1211 1.336336E-03
-23.1011 1.340480E-03
-23.0811 1.344645E-03
-23.0611 1.348831E-03
-23.0411 1.353038E-03
-23.0211 1.357267E-03
-23.0011 1.361512E-03
-22.9811 1.365784E-03
-22.9611 1.370073E-03
-22.9410 1.374388E-03
-22.9210 1.378720E-03
-22.9010 1.383075E-03
-22.8810 1.387453E-03
-22.8610 1.391852E-03
-22.8410 1.396270E-03
-22.8210 1.400716E-03
-22.8010 1.405178E-03
-22.7810 1.409670E-03
-22.7610 1.414180E-03
-22.7409 1.418713E-03
-22.7209 1.423270E-03
-22.7009 1.427850E-03
-22.6809 1.432455E-03
-22.6609 1.437083E-03
-22.6409 1.441731E-03
-22.6209 1.446408E-03
-22.6009 1.451104E-03
-22.5809 1.455826E-03
-22.5609 1.460572E-03
-22.5408 1.465343E-03
-22.5208 1.470139E-03
-22.5008 1.474961E-03
-22.4808 1.479808E-03
-22.4608 1.484676E-03
-22.4408 1.489575E-03
-22.4208 1.494495E-03
-22.4008 1.499440E-03
-22.3808 1.504420E-03
-22.3608 1.509419E-03
-22.3407 1.514445E-03
-22.3207 1.519499E-03
-22.3007 1.524572E-03
-22.2807 1.529681E-03
-22.2607 1.534817E-03
-22.2407 1.539974E-03
-22.2207 1.545166E-03
-22.2007 1.550379E-03
-22.1807 1.555621E-03
-22.1607 1.560891E-03
-22.1406 1.566191E-03
-22.1206 1.571521E-03
-22.1006 1.576879E-03
-22.0806 1.582267E-03
-22.0606 1.587676E-03
-22.0406 1.593124E-03
-22.0206 1.598594E-03
-22.0006 1.604104E-03
-21.9806 1.609635E-03
-21.9606 1.615196E-03
-21.9405 1.620789E-03
-21.9205 1.626414E-03
-21.9005 1.632071E-03
-21.8805 1.637759E-03
-21.8605 1.643481E-03
-21.8405 1.649233E-03
-21.8205 1.655009E-03
-21.8005 1.660829E-03
-21.7805 1.666670E-03
-21.7605 1.672545E-03
-21.7404 1.678465E-03
-21.7204 1.684408E-03
-21.7004 1.690385E-03
-21.6804 1.696397E-03
-21.6604 1.702443E-03
-21.6404 1.708525E-03
-21.6204 1.714641E-03
-21.6004 1.720781E-03
-21.5804 1.726970E-03
-21.5604 1.733182E-03
-21.5403 1.739443E-03
-21.5203 1.745728E-03
-21.5003 1.752050E-03
-21.4803 1.758423E-03
-21.4603 1.764820E-03
-21.4403 1.771255E-03
-21.4203 1.777727E-03
-21.4003 1.784239E-03
-21.3803 1.790789E-03
-21.3603 1.797364E-03
-21.3402 1.803993E-03
-21.3202 1.810661E-03
-21.3002 1.817354E-03
-21.2802 1.824104E-03
-21.2602 1.830879E-03
-21.2402 1.837694E-03
-21.2202 1.844551E-03
-21.2002 1.851466E-03
-21.1802 1.858407E-03
-21.1602 1.865389E-03
-21.1401 1.872415E-03
-21.1201 1.879484E-03
-21.1001 1.886578E-03
-21.0801 1.893733E-03
-21.0601 1.900934E-03
-21.0401 1.908160E-03
-21.0201 1.915451E-03
-21.0001 1.922766E-03
-20.9801 1.930148E-03
-20.9601 1.937554E-03
-20.9400 1.945008E-03
-20.9200 1.952529E-03
-20.9000 1.960077E-03
-20.8800 1.967673E-03
-20.8600 1.975316E-03
-20.8400 1.983008E-03
-20.8200 1.990748E-03
-20.8000 1.998537E-03
-20.7800 2.006354E-03
-20.7600 2.014243E-03
-20.7399 2.022184E-03
-20.7199 2.030152E-03
-20.6999 2.038195E-03
-20.6799 2.046265E-03
-20.6599 2.054413E-03
-20.6399 2.062589E-03
-20.6199 2.070816E-03
-20.5999 2.079098E-03
-20.5799 2.087433E-03
-20.5599 2.095823E-03
-20.5398 2.104268E-03
-20.5198 2.112769E-03
-20.4998 2.121326E-03
-20.4798 2.129939E-03
-20.4598 2.138609E-03
-20.4398 2.147339E-03
-20.4198 2.156094E-03
-20.3998 2.164939E-03
-20.3798 2.173812E-03
-20.3598 2.182776E-03
-20.3397 2.191769E-03
-20.3197 2.200856E-03
-20.2997 2.209970E-03
-20.2797 2.219146E-03
-20.2597 2.228419E-03
-20.2397 2.237721E-03
-20.2197 2.247086E-03
-20.1997 2.256515E-03
-20.1797 2.266008E-03
-20.1597 2.275567E-03
-20.1396 2.285192E-03
-20.1196 2.294843E-03
-20.0996 2.304601E-03
-20.0796 2.314428E-03
-20.0596 2.324325E-03
-20.0396 2.334246E-03
-20.0196 2.344283E-03
-19.9996 2.354343E-03
-19.9796 2.364522E-03
-19.9596 2.374725E-03
-19.9395 2.385001E-03
-19.9195 2.395399E-03
-19.8995 2.405820E-03
-19.8795 2.416317E-03
-19.8595 2.426889E-03
-19.8395 2.437537E-03
-19.8195 2.448261E-03
-19.7995 2.459064E-03
-19.7795 2.469943E-03
-19.7595 2.480903E-03
-19.7394 2.491943E-03
-19.7194 2.503064E-03
-19.6994 2.514269E-03
-19.6794 2.525492E-03
-19.6594 2.536861E-03
-19.6394 2.548316E-03
-19.6194 2.559790E-03
-19.5994 2.571417E-03
-19.5794 2.583061E-03
-19.5594 2.594793E-03
-19.5393 2.606684E-03
-19.5193 2.618591E-03
-19.4993 2.630590E-03
-19.4793 2.642756E-03
-19.4593 2.654938E-03
-19.4393 2.667211E-03
-19.4193 2.679578E-03
-19.3993 2.692041E-03
-19.3793 2.704601E-03
-19.3593 2.717256E-03
-19.3392 2.730014E-03
-19.3192 2.742868E-03
-19.2992 2.755729E-03
-19.2792 2.768785E-03
-19.2592 2.781945E-03
-19.2392 2.795109E-03
-19.2192 2.808477E-03
-19.1992 2.821953E-03
-19.1792 2.835431E-03
-19.1592 2.849126E-03
-19.1391 2.862819E-03
-19.1191 2.876621E-03
-19.0991 2.890653E-03
-19.0791 2.904677E-03
-19.0591 2.918816E-03
-19.0391 2.933070E-03
-19.0191 2.947569E-03
-18.9991 2.962059E-03
-18.9791 2.976666E-03
-18.9591 2.991396E-03
-18.9390 3.006248E-03
-18.9190 3.021226E-03
-18.8990 3.036329E-03
-18.8790 3.051403E-03
-18.8590 3.066760E-03
-18.8390 3.082248E-03
-18.8190 3.097869E-03
-18.7990 3.113455E-03
-18.7790 3.129343E-03
-18.7590 3.145376E-03
-18.7389 3.161360E-03
-18.7189 3.177675E-03
-18.6989 3.193936E-03
-18.6789 3.210541E-03
-18.6589 3.227087E-03
-18.6389 3.243778E-03
-18.6189 3.260614E-03
-18.5989 3.277822E-03
-18.5789 3.294962E-03
-18.5589 3.312255E-03
-18.5388 3.329699E-03
-18.5188 3.347304E-03
-18.4988 3.365066E-03
-18.4788 3.382990E-03
-18.4588 3.401084E-03
-18.4388 3.419344E-03
-18.4188 3.437779E-03
-18.3988 3.456388E-03
-18.3788 3.474861E-03
-18.3588 3.493820E-03
-18.3387 3.512965E-03
-18.3187 3.531955E-03
-18.2987 3.551473E-03
-18.2787 3.570821E-03
-18.2587 3.590724E-03
-18.2387 3.610444E-03
-18.2187 3.630752E-03
-18.1987 3.650855E-03
-18.1787 3.671155E-03
-18.1587 3.692098E-03
-18.1386 3.712804E-03
-18.1186 3.733723E-03
-18.0986 3.754839E-03
-18.0786 3.776179E-03
-18.0586 3.797742E-03
-18.0386 3.819527E-03
-18.0186 3.841541E-03
-17.9986 3.863789E-03
-17.9786 3.886288E-03
-17.9586 3.909029E-03
-17.9385 3.931364E-03
-17.9185 3.954605E-03
-17.8985 3.978120E-03
-17.8785 4.001169E-03
-17.8585 4.025230E-03
-17.8385 4.048769E-03
-17.8185 4.073401E-03
-17.7985 4.097481E-03
-17.7785 4.121821E-03
-17.7585 4.147367E-03
-17.7384 4.172288E-03
-17.7184 4.197503E-03
-17.6984 4.223011E-03
-17.6784 4.248823E-03
-17.6584 4.274953E-03
-17.6384 4.301418E-03
-17.6184 4.328233E-03
-17.5984 4.355422E-03
-17.5784 4.382977E-03
-17.5584 4.410930E-03
-17.5383 4.437764E-03
-17.5183 4.466518E-03
-17.4983 4.494008E-03
-17.4783 4.523609E-03
-17.4583 4.551867E-03
-17.4383 4.582474E-03
-17.4183 4.611543E-03
-17.3983 4.641054E-03
-17.3783 4.670995E-03
-17.3583 4.701409E-03
-17.3382 4.732285E-03
-17.3182 4.763664E-03
-17.2982 4.795653E-03
-17.2782 4.828260E-03
-17.2582 4.861547E-03
-17.2382 4.892091E-03
-17.2182 4.926697E-03
-17.1982 4.962152E-03
-17.1782 4.994442E-03
-17.1582 5.027389E-03
-17.1381 5.065445E-03
-17.1181 5.099973E-03
-17.0981 5.135124E-03
-17.0781 5.171142E-03
-17.0581 5.208351E-03
-17.0381 5.246457E-03
-17.0181 5.286206E-03
-16.9981 5.319568E-03
-16.9781 5.361897E-03
-16.9581 5.397069E-03
-16.9380 5.443173E-03
-16.9180 5.481055E-03
-16.8980 5.520820E-03
-16.8780 5.561782E-03
-16.8580 5.605259E-03
-16.8380 5.651571E-03
-16.8180 5.684084E-03
-16.7980 5.736614E-03
-16.7780 5.772983E-03
-16.7580 5.834821E-03
-16.7379 5.878914E-03
-16.7179 5.926287E-03
-16.6979 5.980172E-03
-16.6779 6.005140E-03
-16.6579 6.073940E-03
-16.6379 6.106232E-03
-16.6179 6.202506E-03
-16.5979 6.256654E-03
-16.5779 6.332026E-03
-16.5579 6.337639E-03
-16.5378 6.450204E-03
-16.5178 6.499350E-03
-16.4978 6.570843E-03
-16.4778 6.690065E-03
-16.4578 6.673416E-03
-16.4378 6.708574E-03
-16.4178 6.777621E-03
-16.3978 7.008491E-03
-16.3778 7.116746E-03
-16.3578 7.321983E-03
-16.3377 6.779499E-03
-16.3177 6.104482E-03
-16.2977 7.766594E-03
-16.2777 7.937941E-03
-16.2577 9.108360E-03
-16.2377 9.540211E-03
-16.2177 1.047830E-02
-16.1977 1.115384E-02
-16.1777 1.150360E-02
-16.1577 1.142964E-02
-16.1376 1.112907E-02
-16.1176 1.072242E-02
-16.0976 1.039856E-02
-16.0776 1.015358E-02
-16.0576 9.963937E-03
-16.0376 9.843149E-03
-16.0176 9.775950E-03
-15.9976 9.735964E-03
-15.9776 9.731171E-03
-15.9576 9.742857E-03
-15.9375 9.778196E-03
-15.9175 9.832392E-03
-15.8975 9.894615E-03
-15.8775 9.964213E-03
-15.8575 1.004697E-02
-15.8375 1.013545E-02
-15.8175 1.022962E-02
-15.7975 1.033381E-02
-15.7775 1.045108E-02
-15.7575 1.056438E-02
-15.7374 1.068616E-02
-15.7174 1.081584E-02
-15.6974 1.094995E-02
-15.6774 1.109151E-02
-15.6574 1.123732E-02
-15.6374 1.138781E-02
-15.6174 1.154789E-02
-15.5974 1.171029E-02
-15.5774 1.187996E-02
-15.5574 1.205468E-02
-15.5373 1.223853E-02
-15.5173 1.242593E-02
-15.4973 1.262086E-02
-15.4773 1.282332E-02
-15.4573 1.303336E-02
-15.4373 1.324970E-02
-15.4173 1.347397E-02
-15.3973 1.370636E-02
-15.3773 1.394576E-02
-15.3573 1.419506E-02
-15.3372 1.445300E-02
-15.3172 1.471867E-02
-15.2972 1.499358E-02
-15.2772 1.527795E-02
-15.2572 1.557307E-02
-15.2372 1.587815E-02
-15.2172 1.619242E-02
-15.1972 1.651806E-02
-15.1772 1.685455E-02
-15.1572 1.720202E-02
-15.1371 1.756256E-02
-15.1171 1.793373E-02
-15.0971 1.831767E-02
-15.0771 1.871381E-02
-15.0571 1.912382E-02
-15.0371 1.954576E-02
-15.0171 1.998293E-02
-14.9971 2.043254E-02
-14.9771 2.089705E-02
-14.9571 2.137596E-02
-14.9370 2.186944E-02
-14.9170 2.237838E-02
-14.8970 2.290157E-02
-14.8770 2.344126E-02
-14.8570 2.399557E-02
-14.8370 2.456657E-02
-14.8170 2.515310E-02
-14.7970 2.575521E-02
-14.7770 2.637427E-02
-14.7570 2.701022E-02
-14.7369 2.766202E-02
-14.7169 2.833077E-02
-14.6969 2.901593E-02
-14.6769 2.971859E-02
-14.6569 3.043707E-02
-14.6369 3.117345E-02
-14.6169 3.192569E-02
-14.5969 3.269575E-02
-14.5769 3.348208E-02
-14.5569 3.428563E-02
-14.5368 3.510686E-02
-14.5168 3.594480E-02
-14.4968 3.679989E-02
-14.4768 3.767268E-02
-14.4568 3.856229E-02
-14.4368 3.947049E-02
-14.4168 4.039627E-02
-14.3968 4.134002E-02
-14.3768 4.230296E-02
-14.3568 4.328439E-02
-14.3367 4.428509E-02
-14.3167 4.530539E-02
-14.2967 4.634582E-02
-14.2767 4.740763E-02
-14.2567 4.849102E-02
-14.2367 4.959674E-02
-14.2167 5.072582E-02
-14.1967 5.187915E-02
-14.1767 5.305732E-02
-14.1567 5.426297E-02
-14.1366 5.549613E-02
-14.1166 5.675924E-02
-14.0966 5.805282E-02
-14.0766 5.937883E-02
-14.0566 6.073898E-02
-14.0366 6.213588E-02
-14.0166 6.357194E-02
-13.9966 6.504839E-02
-13.9766 6.656834E-02
-13.9566 6.813390E-02
-13.9365 6.974912E-02
-13.9165 7.141623E-02
-13.8965 7.313898E-02
-13.8765 7.492114E-02
-13.8565 7.676634E-02
-13.8365 7.867855E-02
-13.8165 8.066246E-02
-13.7965 8.272302E-02
-13.7765 8.486676E-02
-13.7565 8.709765E-02
-13.7364 8.942293E-02
-13.7164 9.184878E-02
-13.6964 9.438288E-02
-13.6764 9.703439E-02
-13.6564 9.981084E-02
-13.6364 1.027217E-01
-13.6164 1.057785E-01
-13.5964 1.089923E-01
-13.5764 1.123756E-01
-13.5564 1.159431E-01
-13.5363 1.197100E-01
-13.5163 1.236944E-01
-13.4963 1.279125E-01
-13.4763 1.323901E-01
-13.4563 1.371482E-01
-13.4363 1.422150E-01
-13.4163 1.476200E-01
-13.3963 1.533979E-01
-13.3763 1.595866E-01
-13.3563 1.662315E-01
-13.3362 1.733819E-01
-13.3162 1.810939E-01
-13.2962 1.894365E-01
-13.2762 1.984826E-01
-13.2562 2.083209E-01
-13.2362 2.190531E-01
-13.2162 2.307954E-01
-13.1962 2.436862E-01
-13.1762 2.578813E-01
-13.1562 2.735636E-01
-13.1361 2.909438E-01
-13.1161 3.102589E-01
-13.0961 3.317780E-01
-13.0761 3.557923E-01
-13.0561 3.826120E-01
-13.0361 4.125435E-01
-13.0161 4.458641E-01
-12.9961 4.827770E-01
-12.9761 5.233627E-01
-12.9561 5.675391E-01
-12.9360 6.150469E-01
-12.9160 6.655068E-01
-12.8960 7.185429E-01
-12.8760 7.738305E-01
-12.8560 8.307995E-01
-12.8360 8.875515E-01
-12.8160 9.388160E-01
-12.7960 9.743274E-01
-12.7760 9.810775E-01
-12.7560 9.517174E-01
-12.7359 8.923399E-01
-12.7159 8.193192E-01
-12.6959 7.486305E-01
-12.6759 6.894208E-01
-12.6559 6.445154E-01
-12.6359 6.133086E-01
-12.6159 5.940321E-01
-12.5959 5.848703E-01
-12.5759 5.843725E-01
-12.5559 5.915440E-01
-12.5358 6.058061E-01
-12.5158 6.269265E-01
-12.4958 6.549437E-01
-12.4758 6.901094E-01
-12.4558 7.328229E-01
-12.4358 7.835741E-01
-12.4158 8.428955E-01
-12.3958 9.113099E-01
-12.3758 9.893381E-01
-12.3558 1.077585E+00
-12.3357 1.177124E+00
-12.3157 1.290080E+00
-12.2957 1.420245E+00
-12.2757 1.572546E+00
-12.2557 1.749877E+00
-12.2357 1.947048E+00
-12.2157 2.145993E+00
-12.1957 2.320045E+00
-12.1757 2.441145E+00
-12.1557 2.473291E+00
-12.1356 2.390238E+00
-12.1156 2.220338E+00
-12.0956 2.021526E+00
-12.0756 1.833617E+00
-12.0556 1.672515E+00
-12.0356 1.541608E+00
-12.0156 1.439870E+00
-11.9956 1.365552E+00
-11.9756 1.317520E+00
-11.9556 1.295567E+00
-11.9355 1.299991E+00
-11.9155 1.330840E+00
-11.8955 1.388372E+00
-11.8755 1.476344E+00
-11.8555 1.604262E+00
-11.8355 1.780772E+00
-11.8155 1.996041E+00
-11.7955 2.198124E+00
-11.7755 2.295506E+00
-11.7555 2.232411E+00
-11.7354 2.058459E+00
-11.7154 1.873400E+00
-11.6954 1.742555E+00
-11.6754 1.684834E+00
-11.6554 1.695410E+00
-11.6354 1.762384E+00
-11.6154 1.872827E+00
-11.5954 2.012834E+00
-11.5754 2.163876E+00
-11.5554 2.297785E+00
-11.5353 2.379137E+00
-11.5153 2.384254E+00
-11.4953 2.323455E+00
-11.4753 2.236386E+00
-11.4553 2.162533E+00
-11.4353 2.120135E+00
-11.4153 2.108003E+00
-11.3953 2.118584E+00
-11.3753 2.144468E+00
-11.3553 2.171423E+00
-11.3352 2.170117E+00
-11.3152 2.112400E+00
-11.2952 2.009613E+00
-11.2752 1.910571E+00
-11.2552 1.856307E+00
-11.2352 1.861994E+00
-11.2152 1.929328E+00
-11.1952 2.057242E+00
-11.1752 2.242329E+00
-11.1552 2.474506E+00
-11.1351 2.732247E+00
-11.1151 2.977924E+00
-11.0951 3.166413E+00
-11.0751 3.280642E+00
-11.0551 3.355668E+00
-11.0351 3.437484E+00
-11.0151 3.524510E+00
-10.9951 3.580314E+00
-10.9751 3.598595E+00
-10.9551 3.613207E+00
-10.9350 3.656309E+00
-10.9150 3.733342E+00
-10.8950 3.830185E+00
-10.8750 3.934917E+00
-10.8550 4.046231E+00
-10.8350 4.158103E+00
-10.8150 4.243362E+00
-10.7950 4.258524E+00
-10.7750 4.167375E+00
-10.7550 3.960863E+00
-10.7349 3.666139E+00
-10.7149 3.339534E+00
-10.6949 3.026866E+00
-10.6749 2.732542E+00
-10.6549 2.455287E+00
-10.6349 2.222589E+00
-10.6149 2.058266E+00
-10.5949 1.963899E+00
-10.5749 1.933422E+00
-10.5549 1.964370E+00
-10.5348 2.059614E+00
-10.5148 2.226072E+00
-10.4948 2.470585E+00
-10.4748 2.788517E+00
-10.4548 3.146224E+00
-10.4348 3.483080E+00
-10.4148 3.754539E+00
-10.3948 3.937780E+00
-10.3748 3.975463E+00
-10.3548 3.826826E+00
-10.3347 3.560820E+00
-10.3147 3.293619E+00
-10.2947 3.093330E+00
-10.2747 2.968490E+00
-10.2547 2.893042E+00
-10.2347 2.837976E+00
-10.2147 2.802851E+00
-10.1947 2.811767E+00
-10.1747 2.876880E+00
-10.1547 2.974822E+00
-10.1346 3.053466E+00
-10.1146 3.076460E+00
-10.0946 3.063978E+00
-10.0746 3.058161E+00
-10.0546 3.066704E+00
-10.0346 3.062651E+00
-10.0146 3.022839E+00
-9.9946 2.950985E+00
-9.9746 2.864406E+00
-9.9546 2.776343E+00
-9.9345 2.694471E+00
-9.9145 2.626333E+00
-9.8945 2.580608E+00
-9.8745 2.563806E+00
-9.8545 2.579111E+00
-9.8345 2.628926E+00
-9.8145 2.716336E+00
-9.7945 2.845612E+00
-9.7745 3.024262E+00
-9.7545 3.265550E+00
-9.7344 3.584401E+00
-9.7144 3.976864E+00
-9.6944 4.381449E+00
-9.6744 4.669932E+00
-9.6544 4.760872E+00
-9.6344 4.732920E+00
-9.6144 4.696466E+00
-9.5944 4.634204E+00
-9.5744 4.479320E+00
-9.5544 4.299695E+00
-9.5343 4.240716E+00
-9.5143 4.333924E+00
-9.4943 4.388460E+00
-9.4743 4.095429E+00
-9.4543 3.450187E+00
-9.4343 2.755812E+00
-9.4143 2.201476E+00
-9.3943 1.803106E+00
-9.3743 1.521306E+00
-9.3543 1.318187E+00
-9.3342 1.167325E+00
-9.3142 1.051735E+00
-9.2942 9.605704E-01
-9.2742 8.868232E-01
-9.2542 8.258229E-01
-9.2342 7.743948E-01
-9.2142 7.303203E-01
-9.1942 6.920134E-01
-9.1742 6.583100E-01
-9.1542 6.283416E-01
-9.1341 6.014523E-01
-9.1141 5.771297E-01
-9.0941 5.549761E-01
-9.0741 5.346730E-01
-9.0541 5.159675E-01
-9.0341 4.986474E-01
-9.0141 4.825446E-01
-8.9941 4.675185E-01
-8.9741 4.534492E-01
-8.9541 4.402367E-01
-8.9340 4.277949E-01
-8.9140 4.160540E-01
-8.8940 4.049491E-01
-8.8740 3.944267E-01
-8.8540 3.844392E-01
-8.8340 3.749444E-01
-8.8140 3.659053E-01
-8.7940 3.572901E-01
-8.7740 3.490683E-01
-8.7540 3.412144E-01
-8.7339 3.337038E-01
-8.7139 3.265147E-01
-8.6939 3.196288E-01
-8.6739 3.130268E-01
-8.6539 3.066928E-01
-8.6339 3.006112E-01
-8.6139 2.947687E-01
-8.5939 2.891510E-01
-8.5739 2.837475E-01
-8.5539 2.785455E-01
-8.5338 2.735357E-01
-8.5138 2.687071E-01
-8.4938 2.640516E-01
-8.4738 2.595604E-01
-8.4538 2.552249E-01
-8.4338 2.510382E-01
-8.4138 2.469930E-01
-8.3938 2.430827E-01
-8.3738 2.393010E-01
-8.3538 2.356418E-01
-8.3337 2.321001E-01
-8.3137 2.286705E-01
-8.2937 2.253483E-01
-8.2737 2.221288E-01
-8.2537 2.190076E-01
-8.2337 2.159810E-01
-8.2137 2.130450E-01
-8.1937 2.101961E-01
-8.1737 2.074310E-01
-8.1537 2.047465E-01
-8.1336 2.021392E-01
-8.1136 1.996072E-01
-8.0936 1.971473E-01
-8.0736 1.947569E-01
-8.0536 1.924335E-01
-8.0336 1.901756E-01
-8.0136 1.879804E-01
-7.9936 1.858461E-01
-7.9736 1.837706E-01
-7.9536 1.817522E-01
-7.9335 1.797892E-01
-7.9135 1.778798E-01
-7.8935 1.760223E-01
-7.8735 1.742153E-01
-7.8535 1.724572E-01
-7.8335 1.707464E-01
-7.8135 1.690819E-01
-7.7935 1.674620E-01
-7.7735 1.658855E-01
-7.7535 1.643509E-01
-7.7334 1.628571E-01
-7.7134 1.614030E-01
-7.6934 1.599873E-01
-7.6734 1.586089E-01
-7.6534 1.572665E-01
-7.6334 1.559592E-01
-7.6134 1.546859E-01
-7.5934 1.534452E-01
-7.5734 1.522364E-01
-7.5534 1.510583E-01
-7.5333 1.499101E-01
-7.5133 1.487904E-01
-7.4933 1.476987E-01
-7.4733 1.466337E-01
-7.4533 1.455943E-01
-7.4333 1.445797E-01
-7.4133 1.435893E-01
-7.3933 1.426217E-01
-7.3733 1.416761E-01
-7.3533 1.407518E-01
-7.3332 1.398476E-01
-7.3132 1.389628E-01
-7.2932 1.380964E-01
-7.2732 1.372476E-01
-7.2532 1.364155E-01
-7.2332 1.355993E-01
-7.2132 1.347982E-01
-7.1932 1.340112E-01
-7.1732 1.332376E-01
-7.1532 1.324768E-01
-7.1331 1.317276E-01
-7.1131 1.309894E-01
-7.0931 1.302616E-01
-7.0731 1.295432E-01
-7.0531 1.288335E-01
-7.0331 1.281322E-01
-7.0131 1.274380E-01
-6.9931 1.267505E-01
-6.9731 1.260692E-01
-6.9531 1.253931E-01
-6.9330 1.247219E-01
-6.9130 1.240549E-01
-6.8930 1.233918E-01
-6.8730 1.227316E-01
-6.8530 1.220740E-01
-6.8330 1.214187E-01
-6.8130 1.207649E-01
-6.7930 1.201125E-01
-6.7730 1.194610E-01
-6.7530 1.188099E-01
-6.7329 1.181589E-01
-6.7129 1.175079E-01
-6.6929 1.168565E-01
-6.6729 1.162042E-01
-6.6529 1.155513E-01
-6.6329 1.148970E-01
-6.6129 1.142416E-01
-6.5929 1.135849E-01
-6.5729 1.129265E-01
-6.5529 1.122666E-01
-6.5328 1.116050E-01
-6.5128 1.109418E-01
-6.4928 1.102769E-01
-6.4728 1.096104E-01
-6.4528 1.089421E-01
-6.4328 1.082723E-01
-6.4128 1.076011E-01
-6.3928 1.069285E-01
-6.3728 1.062544E-01
-6.3528 1.055793E-01
-6.3327 1.049032E-01
-6.3127 1.042263E-01
-6.2927 1.035485E-01
-6.2727 1.028704E-01
-6.2527 1.021919E-01
-6.2327 1.015133E-01
-6.2127 1.008348E-01
-6.1927 1.001566E-01
-6.1727 9.947896E-02
-6.1527 9.880195E-02
-6.1326 9.812602E-02
-6.1126 9.745137E-02
-6.0926 9.677810E-02
-6.0726 9.610653E-02
-6.0526 9.543688E-02
-6.0326 9.476933E-02
-6.0126 9.410423E-02
-5.9926 9.344183E-02
-5.9726 9.278225E-02
-5.9526 9.212586E-02
-5.9325 9.147272E-02
-5.9125 9.082315E-02
-5.8925 9.017737E-02
-5.8725 8.953559E-02
-5.8525 8.889803E-02
-5.8325 8.826492E-02
-5.8125 8.763646E-02
-5.7925 8.701279E-02
-5.7725 8.639418E-02
-5.7525 8.578082E-02
-5.7324 8.517286E-02
-5.7124 8.457061E-02
-5.6924 8.397395E-02
-5.6724 8.338331E-02
-5.6524 8.279880E-02
-5.6324 8.222054E-02
-5.6124 8.164873E-02
-5.5924 8.108339E-02
-5.5724 8.052482E-02
-5.5524 7.997303E-02
-5.5323 7.942822E-02
-5.5123 7.889055E-02
-5.4923 7.836000E-02
-5.4723 7.783680E-02
-5.4523 7.732108E-02
-5.4323 7.681280E-02
-5.4123 7.631214E-02
-5.3923 7.581916E-02
-5.3723 7.533401E-02
-5.3523 7.485675E-02
-5.3322 7.438742E-02
-5.3122 7.392603E-02
-5.2922 7.347277E-02
-5.2722 7.302761E-02
-5.2522 7.259061E-02
-5.2322 7.216188E-02
-5.2122 7.174147E-02
-5.1922 7.132932E-02
-5.1722 7.092561E-02
-5.1522 7.053024E-02
-5.1321 7.014335E-02
-5.1121 6.976495E-02
-5.0921 6.939505E-02
-5.0721 6.903369E-02
-5.0521 6.868087E-02
-5.0321 6.833671E-02
-5.0121 6.800110E-02
-4.9921 6.767418E-02
-4.9721 6.735590E-02
-4.9521 6.704624E-02
-4.9320 6.674539E-02
-4.9120 6.645321E-02
-4.8920 6.616982E-02
-4.8720 6.589515E-02
-4.8520 6.562932E-02
-4.8320 6.537232E-02
-4.8120 6.512423E-02
-4.7920 6.488499E-02
-4.7720 6.465465E-02
-4.7520 6.443339E-02
-4.7319 6.422102E-02
-4.7119 6.401772E-02
-4.6919 6.382358E-02
-4.6719 6.363851E-02
-4.6519 6.346263E-02
-4.6319 6.329601E-02
-4.6119 6.313881E-02
-4.5919 6.299093E-02
-4.5719 6.285252E-02
-4.5519 6.272373E-02
-4.5318 6.260459E-02
-4.5118 6.249512E-02
-4.4918 6.239554E-02
-4.4718 6.230587E-02
-4.4518 6.222636E-02
-4.4318 6.215700E-02
-4.4118 6.209800E-02
-4.3918 6.204955E-02
-4.3718 6.201168E-02
-4.3518 6.198471E-02
-4.3317 6.196861E-02
-4.3117 6.196375E-02
-4.2917 6.197025E-02
-4.2717 6.198840E-02
-4.2517 6.201831E-02
-4.2317 6.206030E-02
-4.2117 6.211451E-02
-4.1917 6.218127E-02
-4.1717 6.226086E-02
-4.1517 6.235351E-02
-4.1316 6.245956E-02
-4.1116 6.257936E-02
-4.0916 6.271316E-02
-4.0716 6.286138E-02
-4.0516 6.302432E-02
-4.0316 6.320239E-02
-4.0116 6.339586E-02
-3.9916 6.360519E-02
-3.9716 6.383095E-02
-3.9516 6.407333E-02
-3.9315 6.433278E-02
-3.9115 6.461003E-02
-3.8915 6.490517E-02
-3.8715 6.521891E-02
-3.8515 6.555167E-02
-3.8315 6.590386E-02
-3.8115 6.627611E-02
-3.7915 6.666879E-02
-3.7715 6.708252E-02
-3.7515 6.751768E-02
-3.7314 6.797486E-02
-3.7114 6.845452E-02
-3.6914 6.895700E-02
-3.6714 6.948284E-02
-3.6514 7.003259E-02
-3.6314 7.060650E-02
-3.6114 7.120501E-02
-3.5914 7.182852E-02
-3.5714 7.247698E-02
-3.5514 7.315096E-02
-3.5313 7.385054E-02
-3.5113 7.457572E-02
-3.4913 7.532650E-02
-3.4713 7.610264E-02
-3.4513 7.690420E-02
-3.4313 7.773054E-02
-3.4113 7.858140E-02
-3.3913 7.945604E-02
-3.3713 8.035374E-02
-3.3513 8.127336E-02
-3.3312 8.221414E-02
-3.3112 8.317444E-02
-3.2912 8.415281E-02
-3.2712 8.514737E-02
-3.2512 8.615638E-02
-3.2312 8.717758E-02
-3.2112 8.820868E-02
-3.1912 8.924676E-02
-3.1712 9.028952E-02
-3.1512 9.133340E-02
-3.1311 9.237589E-02
-3.1111 9.341298E-02
-3.0911 9.444185E-02
-3.0711 9.545850E-02
-3.0511 9.645945E-02
-3.0311 9.744129E-02
-3.0111 9.840004E-02
-2.9911 9.933203E-02
-2.9711 1.002342E-01
-2.9511 1.011028E-01
-2.9310 1.019349E-01
-2.9110 1.027276E-01
-2.8910 1.034775E-01
-2.8710 1.041832E-01
-2.8510 1.048419E-01
-2.8310 1.054523E-01
-2.8110 1.060126E-01
-2.7910 1.065220E-01
-2.7710 1.069798E-01
-2.7510 1.073858E-01
-2.7309 1.077400E-01
-2.7109 1.080430E-01
-2.6909 1.082951E-01
-2.6709 1.084980E-01
-2.6509 1.086526E-01
-2.6309 1.087606E-01
-2.6109 1.088237E-01
-2.5909 1.088440E-01
-2.5709 1.088234E-01
-2.5509 1.087641E-01
-2.5308 1.086685E-01
-2.5108 1.085387E-01
-2.4908 1.083770E-01
-2.4708 1.081859E-01
-2.4508 1.079674E-01
-2.4308 1.077239E-01
-2.4108 1.074574E-01
-2.3908 1.071700E-01
-2.3708 1.068636E-01
-2.3508 1.065401E-01
-2.3307 1.062011E-01
-2.3107 1.058484E-01
-2.2907 1.054836E-01
-2.2707 1.051078E-01
-2.2507 1.047224E-01
-2.2307 1.043287E-01
-2.2107 1.039278E-01
-2.1907 1.035203E-01
-2.1707 1.031074E-01
-2.1507 1.026900E-01
-2.1306 1.022686E-01
-2.1106 1.018439E-01
-2.0906 1.014164E-01
-2.0706 1.009868E-01
-2.0506 1.005553E-01
-2.0306 1.001225E-01
-2.0106 9.968845E-02
-1.9906 9.925391E-02
-1.9706 9.881895E-02
-1.9506 9.838362E-02
-1.9305 9.794846E-02
-1.9105 9.751352E-02
-1.8905 9.707896E-02
-1.8705 9.664514E-02
-1.8505 9.621215E-02
-1.8305 9.578004E-02
-1.8105 9.534906E-02
-1.7905 9.491958E-02
-1.7705 9.449145E-02
-1.7505 9.406515E-02
-1.7304 9.364057E-02
-1.7104 9.321807E-02
-1.6904 9.279790E-02
-1.6704 9.238012E-02
-1.6504 9.196505E-02
-1.6304 9.155298E-02
-1.6104 9.114396E-02
-1.5904 9.073833E-02
-1.5704 9.033635E-02
-1.5504 8.993836E-02
-1.5303 8.954475E-02
-1.5103 8.915552E-02
-1.4903 8.877102E-02
-1.4703 8.839183E-02
-1.4503 8.801796E-02
-1.4303 8.764983E-02
-1.4103 8.728790E-02
-1.3903 8.693230E-02
-1.3703 8.658351E-02
-1.3503 8.624169E-02
-1.3302 8.590738E-02
-1.3102 8.558083E-02
-1.2902 8.526239E-02
-1.2702 8.495242E-02
-1.2502 8.465141E-02
-1.2302 8.435922E-02
-1.2102 8.407685E-02
-1.1902 8.380417E-02
-1.1702 8.354181E-02
-1.1502 8.328980E-02
-1.1301 8.304875E-02
-1.1101 8.281898E-02
-1.0901 8.260061E-02
-1.0701 8.239415E-02
-1.0501 8.219989E-02
-1.0301 8.201811E-02
-1.0101 8.184919E-02
-0.9901 8.169340E-02
-0.9701 8.155114E-02
-0.9501 8.142260E-02
-0.9300 8.130819E-02
-0.9100 8.120807E-02
-0.8900 8.112277E-02
-0.8700 8.105239E-02
-0.8500 8.099734E-02
-0.8300 8.095781E-02
-0.8100 8.093429E-02
-0.7900 8.092687E-02
-0.7700 8.093599E-02
-0.7500 8.096178E-02
-0.7299 8.100462E-02
-0.7099 8.106478E-02
-0.6899 8.114259E-02
-0.6699 8.123820E-02
-0.6499 8.135201E-02
-0.6299 8.148417E-02
-0.6099 8.163502E-02
-0.5899 8.180475E-02
-0.5699 8.199364E-02
-0.5499 8.220195E-02
-0.5298 8.242985E-02
-0.5098 8.267759E-02
-0.4898 8.294523E-02
-0.4698 8.323314E-02
-0.4498 8.354134E-02
-0.4298 8.387016E-02
-0.4098 8.421941E-02
-0.3898 8.458945E-02
-0.3698 8.498019E-02
-0.3498 8.539178E-02
-0.3297 8.582403E-02
-0.3097 8.627707E-02
-0.2897 8.675048E-02
-0.2697 8.724453E-02
-0.2497 8.775859E-02
-0.2297 8.829287E-02
-0.2097 8.884665E-02
-0.1897 8.941954E-02
-0.1697 9.001112E-02
-0.1497 9.062102E-02
-0.1296 9.124832E-02
-0.1096 9.189253E-02
-0.0896 9.255248E-02
-0.0696 9.322754E-02
-0.0496 9.391664E-02
-0.0296 9.461866E-02
-0.0096 9.533222E-02
0.0104 9.605607E-02
0.0304 9.678878E-02
0.0504 9.752907E-02
0.0705 9.827501E-02
0.0905 9.902490E-02
0.1105 9.977728E-02
0.1305 1.005299E-01
0.1505 1.012809E-01
0.1705 1.020287E-01
0.1905 1.027708E-01
0.2105 1.035055E-01
0.2305 1.042307E-01
0.2505 1.049446E-01
0.2706 1.056448E-01
0.2906 1.063296E-01
0.3106 1.069973E-01
0.3306 1.076460E-01
0.3506 1.082740E-01
0.3706 1.088800E-01
0.3906 1.094623E-01
0.4106 1.100202E-01
0.4306 1.105521E-01
0.4506 1.110574E-01
0.4707 1.115354E-01
0.4907 1.119856E-01
0.5107 1.124077E-01
0.5307 1.128016E-01
0.5507 1.131673E-01
0.5707 1.135050E-01
0.5907 1.138153E-01
0.6107 1.140989E-01
0.6307 1.143561E-01
0.6507 1.145881E-01
0.6708 1.147958E-01
0.6908 1.149803E-01
0.7108 1.151427E-01
0.7308 1.152844E-01
0.7508 1.154066E-01
0.7708 1.155107E-01
0.7908 1.155980E-01
0.8108 1.156699E-01
0.8308 1.157279E-01
0.8508 1.157732E-01
0.8709 1.158071E-01
0.8909 1.158311E-01
0.9109 1.158462E-01
0.9309 1.158538E-01
0.9509 1.158549E-01
0.9709 1.158506E-01
0.9909 1.158420E-01
1.0109 1.158299E-01
1.0309 1.158152E-01
1.0509 1.157987E-01
1.0710 1.157811E-01
1.0910 1.157630E-01
1.1110 1.157450E-01
1.1310 1.157275E-01
1.1510 1.157109E-01
1.1710 1.156958E-01
1.1910 1.156822E-01
1.2110 1.156704E-01
1.2310 1.156605E-01
1.2510 1.156526E-01
1.2711 1.156468E-01
1.2911 1.156430E-01
1.3111 1.156412E-01
1.3311 1.156415E-01
1.3511 1.156432E-01
1.3711 1.156466E-01
1.3911 1.156513E-01
1.4111 1.156570E-01
1.4311 1.156634E-01
1.4511 1.156704E-01
1.4712 1.156774E-01
1.4912 1.156842E-01
1.5112 1.156904E-01
1.5312 1.156956E-01
1.5512 1.156995E-01
1.5712 1.157016E-01
1.5912 1.157017E-01
1.6112 1.156992E-01
1.6312 1.156937E-01
1.6512 1.156850E-01
1.6713 1.156727E-01
1.6913 1.156563E-01
1.7113 1.156356E-01
1.7313 1.156102E-01
1.7513 1.155800E-01
1.7713 1.155444E-01
1.7913 1.155032E-01
1.8113 1.154565E-01
1.8313 1.154037E-01
1.8513 1.153448E-01
1.8714 1.152797E-01
1.8914 1.152080E-01
1.9114 1.151301E-01
1.9314 1.150454E-01
1.9514 1.149543E-01
1.9714 1.148566E-01
1.9914 1.147522E-01
2.0114 1.146415E-01
2.0314 1.145244E-01
2.0514 1.144008E-01
2.0715 1.142712E-01
2.0915 1.141356E-01
2.1115 1.139942E-01
2.1315 1.138471E-01
2.1515 1.136947E-01
2.1715 1.135372E-01
2.1915 1.133748E-01
2.2115 1.132078E-01
2.2315 1.130365E-01
2.2515 1.128611E-01
2.2716 1.126821E-01
2.2916 1.124998E-01
2.3116 1.123141E-01
2.3316 1.121260E-01
2.3516 1.119352E-01
2.3716 1.117423E-01
2.3916 1.115477E-01
2.4116 1.113515E-01
2.4316 1.111541E-01
2.4516 1.109559E-01
2.4717 1.107571E-01
2.4917 1.105579E-01
2.5117 1.103588E-01
2.5317 1.101599E-01
2.5517 1.099614E-01
2.5717 1.097638E-01
2.5917 1.095671E-01
2.6117 1.093716E-01
2.6317 1.091775E-01
2.6517 1.089851E-01
2.6718 1.087945E-01
2.6918 1.086057E-01
2.7118 1.084193E-01
2.7318 1.082351E-01
2.7518 1.080533E-01
2.7718 1.078742E-01
2.7918 1.076977E-01
2.8118 1.075239E-01
2.8318 1.073531E-01
2.8518 1.071853E-01
2.8719 1.070205E-01
2.8919 1.068588E-01
2.9119 1.067004E-01
2.9319 1.065452E-01
2.9519 1.063931E-01
2.9719 1.062446E-01
2.9919 1.060994E-01
3.0119 1.059574E-01
3.0319 1.058189E-01
3.0519 1.056839E-01
3.0720 1.055522E-01
3.0920 1.054240E-01
3.1120 1.052992E-01
3.1320 1.051778E-01
3.1520 1.050599E-01
3.1720 1.049454E-01
3.1920 1.048342E-01
3.2120 1.047264E-01
3.2320 1.046221E-01
3.2520 1.045211E-01
3.2721 1.044234E-01
3.2921 1.043292E-01
3.3121 1.042381E-01
3.3321 1.041505E-01
3.3521 1.040660E-01
3.3721 1.039849E-01
3.3921 1.039070E-01
3.4121 1.038323E-01
3.4321 1.037610E-01
3.4521 1.036927E-01
3.4722 1.036277E-01
3.4922 1.035658E-01
3.5122 1.035071E-01
3.5322 1.034516E-01
3.5522 1.033992E-01
3.5722 1.033499E-01
3.5922 1.033037E-01
3.6122 1.032607E-01
3.6322 1.032207E-01
3.6522 1.016959E-01
3.6723 1.031498E-01
3.6923 1.031190E-01
3.7123 1.030912E-01
3.7323 1.030666E-01
3.7523 1.030449E-01
3.7723 1.030261E-01
3.7923 1.030105E-01
3.8123 1.029977E-01
3.8323 1.029879E-01
3.8523 1.029812E-01
3.8724 1.029772E-01
3.8924 1.029762E-01
3.9124 1.017965E-01
3.9324 1.029829E-01
3.9524 1.029905E-01
3.9724 1.014034E-01
3.9924 1.030140E-01
4.0124 1.030300E-01
4.0324 1.030486E-01
4.0524 1.030699E-01
4.0725 1.030937E-01
4.0925 1.031202E-01
4.1125 1.031492E-01
4.1325 1.031806E-01
4.1525 1.032143E-01
4.1725 1.032504E-01
4.1925 1.032887E-01
4.2125 1.033293E-01
4.2325 1.019764E-01
4.2525 1.034166E-01
4.2726 1.034632E-01
4.2926 1.028962E-01
4.3126 1.035617E-01
4.3326 1.036134E-01
4.3526 1.036667E-01
4.3726 1.037214E-01
4.3926 1.037773E-01
4.4126 1.038344E-01
4.4326 1.038925E-01
4.4526 1.039516E-01
4.4727 1.040115E-01
4.4927 1.040719E-01
4.5127 1.041326E-01
4.5327 1.041938E-01
4.5527 1.022394E-01
4.5727 1.043166E-01
4.5927 1.036207E-01
4.6127 1.044386E-01
4.6327 1.044990E-01
4.6527 1.045587E-01
4.6728 1.046175E-01
4.6928 1.046755E-01
4.7128 1.047323E-01
4.7328 1.047877E-01
4.7528 1.048417E-01
4.7728 1.048940E-01
4.7928 1.049444E-01
4.8128 1.049929E-01
4.8328 1.050393E-01
4.8528 1.050833E-01
4.8729 1.016519E-01
4.8929 1.051641E-01
4.9129 1.037684E-01
4.9329 1.052339E-01
4.9529 1.052645E-01
4.9729 1.052920E-01
4.9929 1.053162E-01
5.0129 1.053373E-01
5.0329 1.053550E-01
5.0529 1.053692E-01
5.0730 1.053800E-01
5.0930 1.053870E-01
5.1130 1.053906E-01
5.1330 1.053905E-01
5.1530 1.053867E-01
5.1730 1.053792E-01
5.1930 1.005544E-01
5.2130 1.053533E-01
5.2330 1.030620E-01
5.2530 1.053127E-01
5.2731 1.052870E-01
5.2931 1.052577E-01
5.3131 1.052251E-01
5.3331 1.051890E-01
5.3531 1.051496E-01
5.3731 1.051071E-01
5.3931 1.050614E-01
5.4131 1.050128E-01
5.4331 1.049614E-01
5.4531 1.049071E-01
5.4732 1.048502E-01
5.4932 1.047909E-01
5.5132 9.956388E-02
5.5332 1.046655E-01
5.5532 1.019095E-01
5.5732 1.045322E-01
5.5932 1.044628E-01
5.6132 1.043920E-01
5.6332 1.043198E-01
5.6532 1.042465E-01
5.6733 1.041722E-01
5.6933 1.040969E-01
5.7133 1.040211E-01
5.7333 1.039447E-01
5.7533 1.038681E-01
5.7733 1.037913E-01
5.7933 1.037144E-01
5.8133 1.036378E-01
5.8333 9.914690E-02
5.8533 1.034856E-01
5.8734 1.009378E-01
5.8934 1.033360E-01
5.9134 1.032626E-01
5.9334 1.031902E-01
5.9534 1.031190E-01
5.9734 1.030492E-01
5.9934 1.029809E-01
6.0134 1.029141E-01
6.0334 1.028490E-01
6.0534 1.027858E-01
6.0735 1.027247E-01
6.0935 1.026654E-01
6.1135 1.026084E-01
6.1335 1.025535E-01
6.1535 9.948369E-02
6.1735 1.024509E-01
6.1935 1.005855E-01
6.2135 1.023582E-01
6.2335 1.023157E-01
6.2535 1.022759E-01
6.2736 1.022390E-01
6.2936 1.022048E-01
6.3136 1.021734E-01
6.3336 1.021449E-01
6.3536 1.021193E-01
6.3736 1.020967E-01
6.3936 1.020771E-01
6.4136 1.020605E-01
6.4336 1.020470E-01
6.4536 1.020365E-01
6.4737 1.005371E-01
6.4937 1.020248E-01
6.5137 1.010018E-01
6.5337 1.020256E-01
6.5537 1.020307E-01
6.5737 1.020387E-01
6.5937 1.020500E-01
6.6137 1.020644E-01
6.6337 1.020818E-01
6.6537 1.021023E-01
6.6738 1.021260E-01
6.6938 1.021526E-01
6.7138 1.021823E-01
6.7338 1.022150E-01
6.7538 1.022507E-01
6.7738 1.022893E-01
6.7938 1.021521E-01
6.8138 1.023754E-01
6.8338 1.021287E-01
6.8538 1.024730E-01
6.8739 1.025260E-01
6.8939 1.025817E-01
6.9139 1.026402E-01
6.9339 1.027015E-01
6.9539 1.027653E-01
6.9739 1.028319E-01
6.9939 1.029010E-01
7.0139 1.029726E-01
7.0339 1.030466E-01
7.0539 1.031233E-01
7.0740 1.032022E-01
7.0940 1.032836E-01
7.1140 1.041179E-01
7.1340 1.034530E-01
7.1540 1.037994E-01
7.1740 1.036315E-01
7.1940 1.037238E-01
7.2140 1.038184E-01
7.2340 1.039147E-01
7.2540 1.040131E-01
7.2741 1.041134E-01
7.2941 1.042156E-01
7.3141 1.043195E-01
7.3341 1.044253E-01
7.3541 1.045327E-01
7.3741 1.046418E-01
7.3941 1.047524E-01
7.4141 1.048645E-01
7.4341 1.061892E-01
7.4541 1.050931E-01
7.4742 1.057944E-01
7.4942 1.053270E-01
7.5142 1.054459E-01
7.5342 1.055659E-01
7.5542 1.056871E-01
7.5742 1.058092E-01
7.5942 1.059324E-01
7.6142 1.060565E-01
7.6342 1.061815E-01
7.6542 1.063072E-01
7.6743 1.064337E-01
7.6943 1.065609E-01
7.7143 1.066886E-01
7.7343 1.068170E-01
7.7543 1.081018E-01
7.7743 1.070751E-01
7.7943 1.078614E-01
7.8143 1.073344E-01
7.8343 1.074645E-01
7.8543 1.075948E-01
7.8744 1.077251E-01
7.8944 1.078553E-01
7.9144 1.079857E-01
7.9344 1.081159E-01
7.9544 1.082458E-01
7.9744 1.083756E-01
7.9944 1.085050E-01
8.0144 1.086341E-01
8.0344 1.087627E-01
8.0544 1.088908E-01
8.0745 1.096092E-01
8.0945 1.091451E-01
8.1145 1.097324E-01
8.1345 1.093964E-01
8.1545 1.095209E-01
8.1745 1.096445E-01
8.1945 1.097670E-01
8.2145 1.098885E-01
8.2345 1.100089E-01
8.2545 1.101280E-01
8.2746 1.102460E-01
8.2946 1.103626E-01
8.3146 1.104779E-01
8.3346 1.105917E-01
8.3546 1.107040E-01
8.3746 1.108148E-01
8.3946 1.105542E-01
8.4146 1.110315E-01
8.4346 1.111649E-01
8.4546 1.112413E-01
8.4747 1.113435E-01
8.4947 1.114437E-01
8.5147 1.115422E-01
8.5347 1.116386E-01
8.5547 1.117329E-01
8.5747 1.118252E-01
8.5947 1.119155E-01
8.6147 1.120036E-01
8.6347 1.120896E-01
8.6547 1.121733E-01
8.6748 1.122547E-01
8.6948 1.123340E-01
8.7148 1.109432E-01
8.7348 1.124854E-01
8.7548 1.120169E-01
8.7748 1.126275E-01
8.7948 1.126951E-01
8.8148 1.127602E-01
8.8348 1.128229E-01
8.8548 1.128832E-01
8.8749 1.129411E-01
8.8949 1.129966E-01
8.9149 1.130497E-01
8.9349 1.131003E-01
8.9549 1.131487E-01
8.9749 1.131945E-01
8.9949 1.132381E-01
9.0149 1.132792E-01
9.0349 1.109738E-01
9.0549 1.133547E-01
9.0750 1.123195E-01
9.0950 1.134211E-01
9.1150 1.134510E-01
9.1350 1.134786E-01
9.1550 1.135042E-01
9.1750 1.135276E-01
9.1950 1.135491E-01
9.2150 1.135685E-01
9.2350 1.135860E-01
9.2550 1.136017E-01
9.2751 1.136154E-01
9.2951 1.136275E-01
9.3151 1.136377E-01
9.3351 1.136464E-01
9.3551 1.109933E-01
9.3751 1.136592E-01
9.3951 1.122960E-01
9.4151 1.136664E-01
9.4351 1.136680E-01
9.4551 1.136685E-01
9.4752 1.136678E-01
9.4952 1.136662E-01
9.5152 1.136636E-01
9.5352 1.136601E-01
9.5552 1.136560E-01
9.5752 1.136512E-01
9.5952 1.136459E-01
9.6152 1.136400E-01
9.6352 1.136337E-01
9.6552 1.136273E-01
9.6753 1.114234E-01
9.6953 1.136139E-01
9.7153 1.123117E-01
9.7353 1.136007E-01
9.7553 1.135945E-01
9.7753 1.135885E-01
9.7953 1.135829E-01
9.8153 1.135779E-01
9.8353 1.135736E-01
9.8553 1.135701E-01
9.8754 1.135674E-01
9.8954 1.135658E-01
9.9154 1.135652E-01
9.9354 1.135657E-01
9.9554 1.135676E-01
9.9754 1.135710E-01
9.9954 1.429716E-01
10.0154 1.135824E-01
10.0354 1.127975E-01
10.0554 1.136006E-01
10.0755 1.136127E-01
10.0955 1.136268E-01
10.1155 1.136431E-01
10.1355 1.136617E-01
10.1555 1.136827E-01
10.1755 1.137063E-01
10.1955 1.137324E-01
10.2155 1.137613E-01
10.2355 1.137930E-01
10.2555 1.138276E-01
10.2756 1.138654E-01
10.2956 1.139063E-01
10.3156 1.445693E-01
10.3356 1.139980E-01
10.3556 1.447674E-01
