-51.9092 5.307441E-04
-51.8892 5.317377E-04
-51.8692 5.327342E-04
-51.8492 5.337339E-04
-51.8292 5.347363E-04
-51.8091 5.357419E-04
-51.7891 5.367504E-04
-51.7691 5.377618E-04
-51.7491 5.387764E-04
-51.7291 5.397939E-04
-51.7091 5.408145E-04
-51.6891 5.418383E-04
-51.6691 5.428650E-04
-51.6491 5.438949E-04
-51.6291 5.449278E-04
-51.6090 5.459639E-04
-51.5890 5.470031E-04
-51.5690 5.480454E-04
-51.5490 5.490908E-04
-51.5290 5.501394E-04
-51.5090 5.511912E-04
-51.4890 5.522462E-04
-51.4690 5.533044E-04
-51.4490 5.543658E-04
-51.4290 5.554304E-04
-51.4089 5.564983E-04
-51.3889 5.575694E-04
-51.3689 5.586438E-04
-51.3489 5.597214E-04
-51.3289 5.608024E-04
-51.3089 5.618866E-04
-51.2889 5.629742E-04
-51.2689 5.640652E-04
-51.2489 5.651595E-04
-51.2289 5.662570E-04
-51.2088 5.673580E-04
-51.1888 5.684624E-04
-51.1688 5.695703E-04
-51.1488 5.706815E-04
-51.1288 5.717962E-04
-51.1088 5.729143E-04
-51.0888 5.740358E-04
-51.0688 5.751609E-04
-51.0488 5.762894E-04
-51.0288 5.774215E-04
-51.0087 5.785570E-04
-50.9887 5.796961E-04
-50.9687 5.808388E-04
-50.9487 5.819850E-04
-50.9287 5.831348E-04
-50.9087 5.842881E-04
-50.8887 5.854452E-04
-50.8687 5.866058E-04
-50.8487 5.877701E-04
-50.8287 5.889380E-04
-50.8086 5.901096E-04
-50.7886 5.912849E-04
-50.7686 5.924639E-04
-50.7486 5.936466E-04
-50.7286 5.948329E-04
-50.7086 5.960232E-04
-50.6886 5.972172E-04
-50.6686 5.984149E-04
-50.6486 5.996165E-04
-50.6286 6.008218E-04
-50.6085 6.020310E-04
-50.5885 6.032441E-04
-50.5685 6.044610E-04
-50.5485 6.056818E-04
-50.5285 6.069064E-04
-50.5085 6.081350E-04
-50.4885 6.093676E-04
-50.4685 6.106039E-04
-50.4485 6.118445E-04
-50.4285 6.130888E-04
-50.4084 6.143373E-04
-50.3884 6.155898E-04
-50.3684 6.168463E-04
-50.3484 6.181068E-04
-50.3284 6.193714E-04
-50.3084 6.206401E-04
-50.2884 6.219129E-04
-50.2684 6.231898E-04
-50.2484 6.244709E-04
-50.2284 6.257562E-04
-50.2083 6.270455E-04
-50.1883 6.283392E-04
-50.1683 6.296370E-04
-50.1483 6.309390E-04
-50.1283 6.322453E-04
-50.1083 6.335558E-04
-50.0883 6.348708E-04
-50.0683 6.361900E-04
-50.0483 6.375135E-04
-50.0283 6.388413E-04
-50.0082 6.401735E-04
-49.9882 6.415101E-04
-49.9682 6.428511E-04
-49.9482 6.441966E-04
-49.9282 6.455465E-04
-49.9082 6.469009E-04
-49.8882 6.482597E-04
-49.8682 6.496230E-04
-49.8482 6.509909E-04
-49.8282 6.523633E-04
-49.8081 6.537402E-04
-49.7881 6.551218E-04
-49.7681 6.565080E-04
-49.7481 6.578987E-04
-49.7281 6.592942E-04
-49.7081 6.606943E-04
-49.6881 6.620991E-04
-49.6681 6.635087E-04
-49.6481 6.649230E-04
-49.6281 6.663420E-04
-49.6080 6.677657E-04
-49.5880 6.691943E-04
-49.5680 6.706278E-04
-49.5480 6.720660E-04
-49.5280 6.735090E-04
-49.5080 6.749571E-04
-49.4880 6.764100E-04
-49.4680 6.778677E-04
-49.4480 6.793306E-04
-49.4280 6.807984E-04
-49.4079 6.822711E-04
-49.3879 6.837489E-04
-49.3679 6.852316E-04
-49.3479 6.867196E-04
-49.3279 6.882126E-04
-49.3079 6.897107E-04
-49.2879 6.912140E-04
-49.2679 6.927223E-04
-49.2479 6.942358E-04
-49.2279 6.957547E-04
-49.2078 6.972787E-04
-49.1878 6.988081E-04
-49.1678 7.003426E-04
-49.1478 7.018825E-04
-49.1278 7.034277E-04
-49.1078 7.049783E-04
-49.0878 7.065342E-04
-49.0678 7.080957E-04
-49.0478 7.096624E-04
-49.0278 7.112347E-04
-49.0077 7.128124E-04
-48.9877 7.143957E-04
-48.9677 7.159845E-04
-48.9477 7.175789E-04
-48.9277 7.191788E-04
-48.9077 7.207844E-04
-48.8877 7.223956E-04
-48.8677 7.240125E-04
-48.8477 7.256350E-04
-48.8277 7.272633E-04
-48.8076 7.288974E-04
-48.7876 7.305371E-04
-48.7676 7.321827E-04
-48.7476 7.338342E-04
-48.7276 7.354914E-04
-48.7076 7.371546E-04
-48.6876 7.388237E-04
-48.6676 7.404988E-04
-48.6476 7.421799E-04
-48.6276 7.438668E-04
-48.6075 7.455599E-04
-48.5875 7.472591E-04
-48.5675 7.489644E-04
-48.5475 7.506756E-04
-48.5275 7.523932E-04
-48.5075 7.541168E-04
-48.4875 7.558467E-04
-48.4675 7.575828E-04
-48.4475 7.593252E-04
-48.4275 7.610739E-04
-48.4074 7.628289E-04
-48.3874 7.645902E-04
-48.3674 7.663580E-04
-48.3474 7.681322E-04
-48.3274 7.699129E-04
-48.3074 7.717000E-04
-48.2874 7.734936E-04
-48.2674 7.752937E-04
-48.2474 7.771006E-04
-48.2274 7.789140E-04
-48.2073 7.807340E-04
-48.1873 7.825607E-04
-48.1673 7.843941E-04
-48.1473 7.862344E-04
-48.1273 7.880813E-04
-48.1073 7.899351E-04
-48.0873 7.917958E-04
-48.0673 7.936633E-04
-48.0473 7.955377E-04
-48.0273 7.974191E-04
-48.0072 7.993073E-04
-47.9872 8.012028E-04
-47.9672 8.031052E-04
-47.9472 8.050148E-04
-47.9272 8.069315E-04
-47.9072 8.088554E-04
-47.8872 8.107863E-04
-47.8672 8.127247E-04
-47.8472 8.146702E-04
-47.8272 8.166230E-04
-47.8071 8.185832E-04
-47.7871 8.205507E-04
-47.7671 8.225257E-04
-47.7471 8.245081E-04
-47.7271 8.264981E-04
-47.7071 8.284955E-04
-47.6871 8.305006E-04
-47.6671 8.325133E-04
-47.6471 8.345335E-04
-47.6271 8.365616E-04
-47.6070 8.385973E-04
-47.5870 8.406408E-04
-47.5670 8.426920E-04
-47.5470 8.447512E-04
-47.5270 8.468183E-04
-47.5070 8.488932E-04
-47.4870 8.509762E-04
-47.4670 8.530671E-04
-47.4470 8.551661E-04
-47.4270 8.572732E-04
-47.4069 8.593885E-04
-47.3869 8.615119E-04
-47.3669 8.636435E-04
-47.3469 8.657833E-04
-47.3269 8.679315E-04
-47.3069 8.700881E-04
-47.2869 8.722531E-04
-47.2669 8.744264E-04
-47.2469 8.766084E-04
-47.2269 8.787987E-04
-47.2068 8.809977E-04
-47.1868 8.832054E-04
-47.1668 8.854216E-04
-47.1468 8.876466E-04
-47.1268 8.898803E-04
-47.1068 8.921229E-04
-47.0868 8.943742E-04
-47.0668 8.966345E-04
-47.0468 8.989036E-04
-47.0268 9.011819E-04
-47.0067 9.034692E-04
-46.9867 9.057655E-04
-46.9667 9.080710E-04
-46.9467 9.103856E-04
-46.9267 9.127095E-04
-46.9067 9.150427E-04
-46.8867 9.173852E-04
-46.8667 9.197371E-04
-46.8467 9.220985E-04
-46.8267 9.244693E-04
-46.8066 9.268497E-04
-46.7866 9.292395E-04
-46.7666 9.316392E-04
-46.7466 9.340485E-04
-46.7266 9.364675E-04
-46.7066 9.388963E-04
-46.6866 9.413350E-04
-46.6666 9.437835E-04
-46.6466 9.462421E-04
-46.6266 9.487106E-04
-46.6065 9.511891E-04
-46.5865 9.536780E-04
-46.5665 9.561769E-04
-46.5465 9.586860E-04
-46.5265 9.612055E-04
-46.5065 9.637354E-04
-46.4865 9.662756E-04
-46.4665 9.688262E-04
-46.4465 9.713874E-04
-46.4265 9.739592E-04
-46.4064 9.765416E-04
-46.3864 9.791348E-04
-46.3664 9.817387E-04
-46.3464 9.843534E-04
-46.3264 9.869789E-04
-46.3064 9.896155E-04
-46.2864 9.922631E-04
-46.2664 9.949216E-04
-46.2464 9.975913E-04
-46.2264 1.000272E-03
-46.2063 1.002964E-03
-46.1863 1.005668E-03
-46.1663 1.008383E-03
-46.1463 1.011109E-03
-46.1263 1.013847E-03
-46.1063 1.016596E-03
-46.0863 1.019357E-03
-46.0663 1.022130E-03
-46.0463 1.024914E-03
-46.0263 1.027711E-03
-46.0062 1.030519E-03
-45.9862 1.033339E-03
-45.9662 1.036172E-03
-45.9462 1.039016E-03
-45.9262 1.041872E-03
-45.9062 1.044741E-03
-45.8862 1.047622E-03
-45.8662 1.050516E-03
-45.8462 1.053422E-03
-45.8262 1.056341E-03
-45.8061 1.059272E-03
-45.7861 1.062216E-03
-45.7661 1.065172E-03
-45.7461 1.068142E-03
-45.7261 1.071124E-03
-45.7061 1.074119E-03
-45.6861 1.077128E-03
-45.6661 1.080149E-03
-45.6461 1.083184E-03
-45.6261 1.086232E-03
-45.6060 1.089293E-03
-45.5860 1.092368E-03
-45.5660 1.095457E-03
-45.5460 1.098559E-03
-45.5260 1.101674E-03
-45.5060 1.104804E-03
-45.4860 1.107947E-03
-45.4660 1.111104E-03
-45.4460 1.114276E-03
-45.4260 1.117461E-03
-45.4059 1.120661E-03
-45.3859 1.123874E-03
-45.3659 1.127103E-03
-45.3459 1.130345E-03
-45.3259 1.133603E-03
-45.3059 1.136874E-03
-45.2859 1.140161E-03
-45.2659 1.143462E-03
-45.2459 1.146778E-03
-45.2259 1.150109E-03
-45.2058 1.153456E-03
-45.1858 1.156817E-03
-45.1658 1.160194E-03
-45.1458 1.163586E-03
-45.1258 1.166993E-03
-45.1058 1.170416E-03
-45.0858 1.173854E-03
-45.0658 1.177309E-03
-45.0458 1.180779E-03
-45.0258 1.184265E-03
-45.0057 1.187767E-03
-44.9857 1.191285E-03
-44.9657 1.194819E-03
-44.9457 1.198370E-03
-44.9257 1.201937E-03
-44.9057 1.205521E-03
-44.8857 1.209121E-03
-44.8657 1.212738E-03
-44.8457 1.216372E-03
-44.8257 1.220022E-03
-44.8056 1.223690E-03
-44.7856 1.227375E-03
-44.7656 1.231077E-03
-44.7456 1.234797E-03
-44.7256 1.238534E-03
-44.7056 1.242288E-03
-44.6856 1.246060E-03
-44.6656 1.249851E-03
-44.6456 1.253658E-03
-44.6256 1.257485E-03
-44.6055 1.261329E-03
-44.5855 1.265191E-03
-44.5655 1.269072E-03
-44.5455 1.272971E-03
-44.5255 1.276889E-03
-44.5055 1.280826E-03
-44.4855 1.284781E-03
-44.4655 1.288756E-03
-44.4455 1.292749E-03
-44.4255 1.296762E-03
-44.4054 1.300795E-03
-44.3854 1.304846E-03
-44.3654 1.308917E-03
-44.3454 1.313008E-03
-44.3254 1.317119E-03
-44.3054 1.321250E-03
-44.2854 1.325401E-03
-44.2654 1.329572E-03
-44.2454 1.333763E-03
-44.2254 1.337975E-03
-44.2053 1.342208E-03
-44.1853 1.346461E-03
-44.1653 1.350736E-03
-44.1453 1.355031E-03
-44.1253 1.359348E-03
-44.1053 1.363686E-03
-44.0853 1.368045E-03
-44.0653 1.372426E-03
-44.0453 1.376829E-03
-44.0253 1.381254E-03
-44.0052 1.385701E-03
-43.9852 1.390170E-03
-43.9652 1.394661E-03
-43.9452 1.399175E-03
-43.9252 1.403712E-03
-43.9052 1.408271E-03
-43.8852 1.412853E-03
-43.8652 1.417459E-03
-43.8452 1.422088E-03
-43.8252 1.426740E-03
-43.8051 1.431415E-03
-43.7851 1.436115E-03
-43.7651 1.440838E-03
-43.7451 1.445586E-03
-43.7251 1.450358E-03
-43.7051 1.455154E-03
-43.6851 1.459975E-03
-43.6651 1.464820E-03
-43.6451 1.469690E-03
-43.6251 1.474586E-03
-43.6050 1.479507E-03
-43.5850 1.484453E-03
-43.5650 1.489425E-03
-43.5450 1.494422E-03
-43.5250 1.499446E-03
-43.5050 1.504495E-03
-43.4850 1.509571E-03
-43.4650 1.514674E-03
-43.4450 1.519804E-03
-43.4250 1.524960E-03
-43.4049 1.530143E-03
-43.3849 1.535354E-03
-43.3649 1.540592E-03
-43.3449 1.545857E-03
-43.3249 1.551151E-03
-43.3049 1.556472E-03
-43.2849 1.561822E-03
-43.2649 1.567201E-03
-43.2449 1.572608E-03
-43.2249 1.578044E-03
-43.2048 1.583509E-03
-43.1848 1.589003E-03
-43.1648 1.594526E-03
-43.1448 1.600080E-03
-43.1248 1.605663E-03
-43.1048 1.611277E-03
-43.0848 1.616921E-03
-43.0648 1.622595E-03
-43.0448 1.628300E-03
-43.0248 1.634037E-03
-43.0047 1.639804E-03
-42.9847 1.645603E-03
-42.9647 1.651434E-03
-42.9447 1.657296E-03
-42.9247 1.663191E-03
-42.9047 1.669119E-03
-42.8847 1.675078E-03
-42.8647 1.681071E-03
-42.8447 1.687097E-03
-42.8247 1.693156E-03
-42.8046 1.699249E-03
-42.7846 1.705376E-03
-42.7646 1.711537E-03
-42.7446 1.717733E-03
-42.7246 1.723963E-03
-42.7046 1.730227E-03
-42.6846 1.736528E-03
-42.6646 1.742863E-03
-42.6446 1.749234E-03
-42.6246 1.755642E-03
-42.6045 1.762085E-03
-42.5845 1.768565E-03
-42.5645 1.775082E-03
-42.5445 1.781636E-03
-42.5245 1.788227E-03
-42.5045 1.794856E-03
-42.4845 1.801523E-03
-42.4645 1.808228E-03
-42.4445 1.814971E-03
-42.4245 1.821754E-03
-42.4044 1.828575E-03
-42.3844 1.835436E-03
-42.3644 1.842337E-03
-42.3444 1.849278E-03
-42.3244 1.856259E-03
-42.3044 1.863280E-03
-42.2844 1.870343E-03
-42.2644 1.877447E-03
-42.2444 1.884593E-03
-42.2244 1.891781E-03
-42.2043 1.899011E-03
-42.1843 1.906283E-03
-42.1643 1.913599E-03
-42.1443 1.920957E-03
-42.1243 1.928360E-03
-42.1043 1.935806E-03
-42.0843 1.943297E-03
-42.0643 1.950833E-03
-42.0443 1.958413E-03
-42.0243 1.966039E-03
-42.0042 1.973711E-03
-41.9842 1.981429E-03
-41.9642 1.989193E-03
-41.9442 1.997004E-03
-41.9242 2.004863E-03
-41.9042 2.012769E-03
-41.8842 2.020723E-03
-41.8642 2.028726E-03
-41.8442 2.036778E-03
-41.8242 2.044879E-03
-41.8041 2.053029E-03
-41.7841 2.061230E-03
-41.7641 2.069480E-03
-41.7441 2.077782E-03
-41.7241 2.086135E-03
-41.7041 2.094540E-03
-41.6841 2.102997E-03
-41.6641 2.111507E-03
-41.6441 2.120070E-03
-41.6241 2.128686E-03
-41.6040 2.137356E-03
-41.5840 2.146080E-03
-41.5640 2.154859E-03
-41.5440 2.163694E-03
-41.5240 2.172584E-03
-41.5040 2.181531E-03
-41.4840 2.190534E-03
-41.4640 2.199594E-03
-41.4440 2.208713E-03
-41.4240 2.217889E-03
-41.4039 2.227124E-03
-41.3839 2.236418E-03
-41.3639 2.245772E-03
-41.3439 2.255185E-03
-41.3239 2.264660E-03
-41.3039 2.274196E-03
-41.2839 2.283794E-03
-41.2639 2.293454E-03
-41.2439 2.303177E-03
-41.2239 2.312963E-03
-41.2038 2.322813E-03
-41.1838 2.332728E-03
-41.1638 2.342707E-03
-41.1438 2.352753E-03
-41.1238 2.362864E-03
-41.1038 2.373043E-03
-41.0838 2.383289E-03
-41.0638 2.393603E-03
-41.0438 2.403985E-03
-41.0238 2.414437E-03
-41.0037 2.424958E-03
-40.9837 2.435550E-03
-40.9637 2.446213E-03
-40.9437 2.456948E-03
-40.9237 2.467756E-03
-40.9037 2.478636E-03
-40.8837 2.489590E-03
-40.8637 2.500618E-03
-40.8437 2.511722E-03
-40.8237 2.522901E-03
-40.8036 2.534156E-03
-40.7836 2.545489E-03
-40.7636 2.556900E-03
-40.7436 2.568389E-03
-40.7236 2.579957E-03
-40.7036 2.591606E-03
-40.6836 2.603335E-03
-40.6636 2.615145E-03
-40.6436 2.627038E-03
-40.6236 2.639014E-03
-40.6035 2.651074E-03
-40.5835 2.663218E-03
-40.5635 2.675448E-03
-40.5435 2.687764E-03
-40.5235 2.700167E-03
-40.5035 2.712658E-03
-40.4835 2.725238E-03
-40.4635 2.737907E-03
-40.4435 2.750666E-03
-40.4235 2.763517E-03
-40.4034 2.776460E-03
-40.3834 2.789495E-03
-40.3634 2.802625E-03
-40.3434 2.815849E-03
-40.3234 2.829170E-03
-40.3034 2.842586E-03
-40.2834 2.856101E-03
-40.2634 2.869714E-03
-40.2434 2.883426E-03
-40.2234 2.897239E-03
-40.2033 2.911154E-03
-40.1833 2.925171E-03
-40.1633 2.939291E-03
-40.1433 2.953516E-03
-40.1233 2.967846E-03
-40.1033 2.982283E-03
-40.0833 2.996828E-03
-40.0633 3.011481E-03
-40.0433 3.026244E-03
-40.0233 3.041118E-03
-40.0032 3.056105E-03
-39.9832 3.071204E-03
-39.9632 3.086417E-03
-39.9432 3.101747E-03
-39.9232 3.117192E-03
-39.9032 3.132756E-03
-39.8832 3.148438E-03
-39.8632 3.164241E-03
-39.8432 3.180166E-03
-39.8232 3.196213E-03
-39.8031 3.212384E-03
-39.7831 3.228680E-03
-39.7631 3.245104E-03
-39.7431 3.261655E-03
-39.7231 3.278335E-03
-39.7031 3.295146E-03
-39.6831 3.312089E-03
-39.6631 3.329165E-03
-39.6431 3.346376E-03
-39.6231 3.363723E-03
-39.6030 3.381208E-03
-39.5830 3.398832E-03
-39.5630 3.416597E-03
-39.5430 3.434504E-03
-39.5230 3.452554E-03
-39.5030 3.470750E-03
-39.4830 3.489092E-03
-39.4630 3.507583E-03
-39.4430 3.526223E-03
-39.4230 3.545015E-03
-39.4029 3.563961E-03
-39.3829 3.583061E-03
-39.3629 3.602318E-03
-39.3429 3.621733E-03
-39.3229 3.641308E-03
-39.3029 3.661045E-03
-39.2829 3.680946E-03
-39.2629 3.701012E-03
-39.2429 3.721246E-03
-39.2229 3.741648E-03
-39.2028 3.762222E-03
-39.1828 3.782968E-03
-39.1628 3.803890E-03
-39.1428 3.824988E-03
-39.1228 3.846266E-03
-39.1028 3.867724E-03
-39.0828 3.889365E-03
-39.0628 3.911192E-03
-39.0428 3.933205E-03
-39.0228 3.955408E-03
-39.0027 3.977803E-03
-38.9827 4.000391E-03
-38.9627 4.023175E-03
-38.9427 4.046158E-03
-38.9227 4.069341E-03
-38.9027 4.092727E-03
-38.8827 4.116319E-03
-38.8627 4.140118E-03
-38.8427 4.164127E-03
-38.8227 4.188349E-03
-38.8026 4.212787E-03
-38.7826 4.237442E-03
-38.7626 4.262318E-03
-38.7426 4.287416E-03
-38.7226 4.312741E-03
-38.7026 4.338293E-03
-38.6826 4.364077E-03
-38.6626 4.390095E-03
-38.6426 4.416350E-03
-38.6226 4.442844E-03
-38.6025 4.469581E-03
-38.5825 4.496564E-03
-38.5625 4.523796E-03
-38.5425 4.551279E-03
-38.5225 4.579017E-03
-38.5025 4.607013E-03
-38.4825 4.635270E-03
-38.4625 4.663792E-03
-38.4425 4.692582E-03
-38.4225 4.721643E-03
-38.4024 4.750978E-03
-38.3824 4.780592E-03
-38.3624 4.810487E-03
-38.3424 4.840668E-03
-38.3224 4.871137E-03
-38.3024 4.901900E-03
-38.2824 4.932958E-03
-38.2624 4.964317E-03
-38.2424 4.995979E-03
-38.2224 5.027950E-03
-38.2023 5.060233E-03
-38.1823 5.092832E-03
-38.1623 5.125751E-03
-38.1423 5.158995E-03
-38.1223 5.192567E-03
-38.1023 5.226473E-03
-38.0823 5.260716E-03
-38.0623 5.295302E-03
-38.0423 5.330234E-03
-38.0223 5.365517E-03
-38.0022 5.401157E-03
-37.9822 5.437157E-03
-37.9622 5.473523E-03
-37.9422 5.510260E-03
-37.9222 5.547373E-03
-37.9022 5.584867E-03
-37.8822 5.622747E-03
-37.8622 5.661019E-03
-37.8422 5.699687E-03
-37.8222 5.738759E-03
-37.8021 5.778238E-03
-37.7821 5.818131E-03
-37.7621 5.858444E-03
-37.7421 5.899182E-03
-37.7221 5.940353E-03
-37.7021 5.981961E-03
-37.6821 6.024013E-03
-37.6621 6.066515E-03
-37.6421 6.109474E-03
-37.6221 6.152896E-03
-37.6020 6.196789E-03
-37.5820 6.241159E-03
-37.5620 6.286012E-03
-37.5420 6.331357E-03
-37.5220 6.377199E-03
-37.5020 6.423548E-03
-37.4820 6.470408E-03
-37.4620 6.517790E-03
-37.4420 6.565701E-03
-37.4220 6.614147E-03
-37.4019 6.663138E-03
-37.3819 6.712681E-03
-37.3619 6.762785E-03
-37.3419 6.813459E-03
-37.3219 6.864710E-03
-37.3019 6.916549E-03
-37.2819 6.968983E-03
-37.2619 7.022023E-03
-37.2419 7.075677E-03
-37.2219 7.129955E-03
-37.2018 7.184867E-03
-37.1818 7.240423E-03
-37.1618 7.296632E-03
-37.1418 7.353506E-03
-37.1218 7.411054E-03
-37.1018 7.469288E-03
-37.0818 7.528218E-03
-37.0618 7.587855E-03
-37.0418 7.648212E-03
-37.0218 7.709299E-03
-37.0017 7.771128E-03
-36.9817 7.833712E-03
-36.9617 7.897063E-03
-36.9417 7.961194E-03
-36.9217 8.026117E-03
-36.9017 8.091845E-03
-36.8817 8.158392E-03
-36.8617 8.225772E-03
-36.8417 8.293998E-03
-36.8217 8.363085E-03
-36.8016 8.433048E-03
-36.7816 8.503901E-03
-36.7616 8.575659E-03
-36.7416 8.648339E-03
-36.7216 8.721955E-03
-36.7016 8.796525E-03
-36.6816 8.872063E-03
-36.6616 8.948589E-03
-36.6416 9.026119E-03
-36.6216 9.104670E-03
-36.6015 9.184261E-03
-36.5815 9.264910E-03
-36.5615 9.346636E-03
-36.5415 9.429458E-03
-36.5215 9.513396E-03
-36.5015 9.598471E-03
-36.4815 9.684702E-03
-36.4615 9.772111E-03
-36.4415 9.860720E-03
-36.4215 9.950550E-03
-36.4014 1.004163E-02
-36.3814 1.013397E-02
-36.3614 1.022760E-02
-36.3414 1.032255E-02
-36.3214 1.041884E-02
-36.3014 1.051649E-02
-36.2814 1.061554E-02
-36.2614 1.071600E-02
-36.2414 1.081791E-02
-36.2214 1.092130E-02
-36.2013 1.102618E-02
-36.1813 1.113260E-02
-36.1613 1.124058E-02
-36.1413 1.135014E-02
-36.1213 1.146134E-02
-36.1013 1.157419E-02
-36.0813 1.168873E-02
-36.0613 1.180499E-02
-36.0413 1.192301E-02
-36.0213 1.204282E-02
-36.0012 1.216446E-02
-35.9812 1.228797E-02
-35.9612 1.241339E-02
-35.9412 1.254076E-02
-35.9212 1.267010E-02
-35.9012 1.280148E-02
-35.8812 1.293493E-02
-35.8612 1.307049E-02
-35.8412 1.320822E-02
-35.8212 1.334814E-02
-35.8011 1.349033E-02
-35.7811 1.363481E-02
-35.7611 1.378165E-02
-35.7411 1.393089E-02
-35.7211 1.408258E-02
-35.7011 1.423679E-02
-35.6811 1.439356E-02
-35.6611 1.455296E-02
-35.6411 1.471504E-02
-35.6211 1.487987E-02
-35.6010 1.504750E-02
-35.5810 1.521801E-02
-35.5610 1.539145E-02
-35.5410 1.556789E-02
-35.5210 1.574742E-02
-35.5010 1.593008E-02
-35.4810 1.611597E-02
-35.4610 1.630516E-02
-35.4410 1.649772E-02
-35.4210 1.669374E-02
-35.4009 1.689331E-02
-35.3809 1.709650E-02
-35.3609 1.730340E-02
-35.3409 1.751411E-02
-35.3209 1.772873E-02
-35.3009 1.794734E-02
-35.2809 1.817006E-02
-35.2609 1.839697E-02
-35.2409 1.862820E-02
-35.2209 1.886384E-02
-35.2008 1.910402E-02
-35.1808 1.934885E-02
-35.1608 1.959845E-02
-35.1408 1.985295E-02
-35.1208 2.011247E-02
-35.1008 2.037716E-02
-35.0808 2.064714E-02
-35.0608 2.092257E-02
-35.0408 2.120359E-02
-35.0208 2.149034E-02
-35.0007 2.178300E-02
-34.9807 2.208173E-02
-34.9607 2.238668E-02
-34.9407 2.269805E-02
-34.9207 2.301600E-02
-34.9007 2.334074E-02
-34.8807 2.367244E-02
-34.8607 2.401133E-02
-34.8407 2.435760E-02
-34.8207 2.471146E-02
-34.8006 2.507316E-02
-34.7806 2.544292E-02
-34.7606 2.582097E-02
-34.7406 2.620759E-02
-34.7206 2.660302E-02
-34.7006 2.700753E-02
-34.6806 2.742142E-02
-34.6606 2.784496E-02
-34.6406 2.827847E-02
-34.6206 2.872227E-02
-34.6005 2.917668E-02
-34.5805 2.964204E-02
-34.5605 3.011871E-02
-34.5405 3.060707E-02
-34.5205 3.110750E-02
-34.5005 3.162040E-02
-34.4805 3.214619E-02
-34.4605 3.268532E-02
-34.4405 3.323824E-02
-34.4205 3.380542E-02
-34.4004 3.438737E-02
-34.3804 3.498460E-02
-34.3604 3.559766E-02
-34.3404 3.622711E-02
-34.3204 3.687355E-02
-34.3004 3.753760E-02
-34.2804 3.821991E-02
-34.2604 3.892116E-02
-34.2404 3.964206E-02
-34.2204 4.038335E-02
-34.2003 4.114583E-02
-34.1803 4.193030E-02
-34.1603 4.273763E-02
-34.1403 4.356873E-02
-34.1203 4.442453E-02
-34.1003 4.530605E-02
-34.0803 4.621432E-02
-34.0603 4.715045E-02
-34.0403 4.811560E-02
-34.0203 4.911100E-02
-34.0002 5.013792E-02
-33.9802 5.119772E-02
-33.9602 5.229184E-02
-33.9402 5.342179E-02
-33.9202 5.458916E-02
-33.9002 5.579565E-02
-33.8802 5.704302E-02
-33.8602 5.833318E-02
-33.8402 5.966811E-02
-33.8202 6.104994E-02
-33.8001 6.248091E-02
-33.7801 6.396340E-02
-33.7601 6.549993E-02
-33.7401 6.709322E-02
-33.7201 6.874610E-02
-33.7001 7.046164E-02
-33.6801 7.224306E-02
-33.6601 7.409383E-02
-33.6401 7.601764E-02
-33.6201 7.801844E-02
-33.6000 8.010046E-02
-33.5800 8.226817E-02
-33.5600 8.452643E-02
-33.5400 8.688042E-02
-33.5200 8.933571E-02
-33.5000 9.189829E-02
-33.4800 9.457460E-02
-33.4600 9.737156E-02
-33.4400 1.002967E-01
-33.4200 1.033580E-01
-33.3999 1.065643E-01
-33.3799 1.099250E-01
-33.3599 1.134504E-01
-33.3399 1.171515E-01
-33.3199 1.210407E-01
-33.2999 1.251309E-01
-33.2799 1.294367E-01
-33.2599 1.339738E-01
-33.2399 1.387593E-01
-33.2199 1.438122E-01
-33.1998 1.491533E-01
-33.1798 1.548054E-01
-33.1598 1.607937E-01
-33.1398 1.671463E-01
-33.1198 1.738940E-01
-33.0998 1.810712E-01
-33.0798 1.887162E-01
-33.0598 1.968719E-01
-33.0398 2.055862E-01
-33.0198 2.149130E-01
-32.9997 2.249131E-01
-32.9797 2.356553E-01
-32.9597 2.472176E-01
-32.9397 2.596890E-01
-32.9197 2.731714E-01
-32.8997 2.877817E-01
-32.8797 3.036553E-01
-32.8597 3.209490E-01
-32.8397 3.398463E-01
-32.8197 3.605622E-01
-32.7996 3.833513E-01
-32.7796 4.085163E-01
-32.7596 4.364206E-01
-32.7396 4.675038E-01
-32.7196 5.023033E-01
-32.6996 5.414820E-01
-32.6796 5.858682E-01
-32.6596 6.365099E-01
-32.6396 6.947538E-01
-32.6196 7.623598E-01
-32.5995 8.416698E-01
-32.5795 9.358718E-01
-32.5595 1.049407E+00
-32.5395 1.188630E+00
-32.5195 1.362864E+00
-32.4995 1.586078E+00
-32.4795 1.879145E+00
-32.4595 2.271119E+00
-32.4395 2.791506E+00
-32.4195 3.435344E+00
-32.3994 4.131180E+00
-32.3794 4.865223E+00
-32.3594 5.770678E+00
-32.3394 6.859087E+00
-32.3194 7.946405E+00
-32.2994 8.958022E+00
-32.2794 1.010116E+01
-32.2594 1.170828E+01
-32.2394 1.361679E+01
-32.2194 1.498233E+01
-32.1993 1.532060E+01
-32.1793 1.524977E+01
-32.1593 1.527652E+01
-32.1393 1.500903E+01
-32.1193 1.419110E+01
-32.0993 1.313553E+01
-32.0793 1.221483E+01
-32.0593 1.177789E+01
-32.0393 1.195337E+01
-32.0193 1.253960E+01
-31.9992 1.313853E+01
-31.9792 1.360976E+01
-31.9592 1.420693E+01
-31.9392 1.500036E+01
-31.9192 1.554030E+01
-31.8992 1.532149E+01
-31.8792 1.442773E+01
-31.8592 1.351425E+01
-31.8392 1.298488E+01
-31.8192 1.280699E+01
-31.7991 1.265671E+01
-31.7791 1.205997E+01
-31.7591 1.079041E+01
-31.7391 8.935282E+00
-31.7191 6.942672E+00
-31.6991 5.288116E+00
-31.6791 4.080720E+00
-31.6591 3.227916E+00
-31.6391 2.618952E+00
-31.6191 2.173035E+00
-31.5990 1.837450E+00
-31.5790 1.578370E+00
-31.5590 1.373797E+00
-31.5390 1.209074E+00
-31.5190 1.074181E+00
-31.4990 9.620946E-01
-31.4790 8.677684E-01
-31.4590 7.875051E-01
-31.4390 7.185389E-01
-31.4190 6.587666E-01
-31.3989 6.065629E-01
-31.3789 5.606548E-01
-31.3589 5.200329E-01
-31.3389 4.838868E-01
-31.3189 4.515593E-01
-31.2989 4.225125E-01
-31.2789 3.963025E-01
-31.2589 3.725592E-01
-31.2389 3.509727E-01
-31.2189 3.312817E-01
-31.1988 3.132640E-01
-31.1788 2.967296E-01
-31.1588 2.815155E-01
-31.1388 2.674808E-01
-31.1188 2.545036E-01
-31.0988 2.424774E-01
-31.0788 2.313093E-01
-31.0588 2.209175E-01
-31.0388 2.112300E-01
-31.0188 2.021830E-01
-30.9987 1.937202E-01
-30.9787 1.857911E-01
-30.9587 1.783509E-01
-30.9387 1.713593E-01
-30.9187 1.647804E-01
-30.8987 1.585815E-01
-30.8787 1.527335E-01
-30.8587 1.472100E-01
-30.8387 1.419868E-01
-30.8187 1.370422E-01
-30.7986 1.323565E-01
-30.7786 1.279116E-01
-30.7586 1.236909E-01
-30.7386 1.196795E-01
-30.7186 1.158635E-01
-30.6986 1.122302E-01
-30.6786 1.087680E-01
-30.6586 1.054661E-01
-30.6386 1.023148E-01
-30.6186 9.930475E-02
-30.5985 9.642762E-02
-30.5785 9.367559E-02
-30.5585 9.104142E-02
-30.5385 8.851842E-02
-30.5185 8.610031E-02
-30.4985 8.378129E-02
-30.4785 8.155596E-02
-30.4585 7.941929E-02
-30.4385 7.736659E-02
-30.4185 7.539346E-02
-30.3984 7.349581E-02
-30.3784 7.166978E-02
-30.3584 6.991180E-02
-30.3384 6.821849E-02
-30.3184 6.658667E-02
-30.2984 6.501339E-02
-30.2784 6.349585E-02
-30.2584 6.203143E-02
-30.2384 6.061765E-02
-30.2184 5.925218E-02
-30.1983 5.793284E-02
-30.1783 5.665755E-02
-30.1583 5.542435E-02
-30.1383 5.423140E-02
-30.1183 5.307695E-02
-30.0983 5.195936E-02
-30.0783 5.087705E-02
-30.0583 4.982855E-02
-30.0383 4.881245E-02
-30.0183 4.782743E-02
-29.9982 4.687222E-02
-29.9782 4.594562E-02
-29.9582 4.504649E-02
-29.9382 4.417375E-02
-29.9182 4.332638E-02
-29.8982 4.250338E-02
-29.8782 4.170384E-02
-29.8582 4.092685E-02
-29.8382 4.017158E-02
-29.8182 3.943722E-02
-29.7981 3.872301E-02
-29.7781 3.802820E-02
-29.7581 3.735210E-02
-29.7381 3.669403E-02
-29.7181 3.605336E-02
-29.6981 3.542947E-02
-29.6781 3.482179E-02
-29.6581 3.422975E-02
-29.6381 3.365282E-02
-29.6181 3.309049E-02
-29.5980 3.254226E-02
-29.5780 3.200767E-02
-29.5580 3.148627E-02
-29.5380 3.097762E-02
-29.5180 3.048131E-02
-29.4980 2.999694E-02
-29.4780 2.952413E-02
-29.4580 2.906252E-02
-29.4380 2.861174E-02
-29.4180 2.817147E-02
-29.3979 2.774138E-02
-29.3779 2.732115E-02
-29.3579 2.691049E-02
-29.3379 2.650910E-02
-29.3179 2.611671E-02
-29.2979 2.573305E-02
-29.2779 2.535786E-02
-29.2579 2.499090E-02
-29.2379 2.463192E-02
-29.2179 2.428069E-02
-29.1978 2.393699E-02
-29.1778 2.360062E-02
-29.1578 2.327135E-02
-29.1378 2.294899E-02
-29.1178 2.263335E-02
-29.0978 2.232424E-02
-29.0778 2.202148E-02
-29.0578 2.172490E-02
-29.0378 2.143433E-02
-29.0178 2.114962E-02
-28.9977 2.087059E-02
-28.9777 2.059711E-02
-28.9577 2.032902E-02
-28.9377 2.006619E-02
-28.9177 1.980847E-02
-28.8977 1.955574E-02
-28.8777 1.930787E-02
-28.8577 1.906473E-02
-28.8377 1.882621E-02
-28.8177 1.859218E-02
-28.7976 1.836254E-02
-28.7776 1.813717E-02
-28.7576 1.791597E-02
-28.7376 1.769884E-02
-28.7176 1.748568E-02
-28.6976 1.727639E-02
-28.6776 1.707088E-02
-28.6576 1.686905E-02
-28.6376 1.667083E-02
-28.6176 1.647612E-02
-28.5975 1.628484E-02
-28.5775 1.609692E-02
-28.5575 1.591227E-02
-28.5375 1.573081E-02
-28.5175 1.555248E-02
-28.4975 1.537721E-02
-28.4775 1.520492E-02
-28.4575 1.503554E-02
-28.4375 1.486902E-02
-28.4175 1.470528E-02
-28.3974 1.454427E-02
-28.3774 1.438592E-02
-28.3574 1.423018E-02
-28.3374 1.407699E-02
-28.3174 1.392629E-02
-28.2974 1.377803E-02
-28.2774 1.363216E-02
-28.2574 1.348863E-02
-28.2374 1.334739E-02
-28.2174 1.320838E-02
-28.1973 1.307157E-02
-28.1773 1.293690E-02
-28.1573 1.280433E-02
-28.1373 1.267382E-02
-28.1173 1.254532E-02
-28.0973 1.241880E-02
-28.0773 1.229422E-02
-28.0573 1.217152E-02
-28.0373 1.205069E-02
-28.0173 1.193167E-02
-27.9972 1.181444E-02
-27.9772 1.169895E-02
-27.9572 1.158518E-02
-27.9372 1.147308E-02
-27.9172 1.136263E-02
-27.8972 1.125380E-02
-27.8772 1.114655E-02
-27.8572 1.104085E-02
-27.8372 1.093667E-02
-27.8172 1.083399E-02
-27.7971 1.073277E-02
-27.7771 1.063299E-02
-27.7571 1.053462E-02
-27.7371 1.043763E-02
-27.7171 1.034200E-02
-27.6971 1.024771E-02
-27.6771 1.015472E-02
-27.6571 1.006302E-02
-27.6371 9.972575E-03
-27.6171 9.883370E-03
-27.5970 9.795380E-03
-27.5770 9.708584E-03
-27.5570 9.622958E-03
-27.5370 9.538485E-03
-27.5170 9.455141E-03
-27.4970 9.372908E-03
-27.4770 9.291765E-03
-27.4570 9.211694E-03
-27.4370 9.132676E-03
-27.4170 9.054692E-03
-27.3969 8.977724E-03
-27.3769 8.901756E-03
-27.3569 8.826769E-03
-27.3369 8.752748E-03
-27.3169 8.679675E-03
-27.2969 8.607534E-03
-27.2769 8.536310E-03
-27.2569 8.465988E-03
-27.2369 8.396552E-03
-27.2169 8.327987E-03
-27.1968 8.260278E-03
-27.1768 8.193413E-03
-27.1568 8.127377E-03
-27.1368 8.062156E-03
-27.1168 7.997736E-03
-27.0968 7.934105E-03
-27.0768 7.871250E-03
-27.0568 7.809160E-03
-27.0368 7.747820E-03
-27.0168 7.687219E-03
-26.9967 7.627346E-03
-26.9767 7.568189E-03
-26.9567 7.509737E-03
-26.9367 7.451978E-03
-26.9167 7.394901E-03
-26.8967 7.338498E-03
-26.8767 7.282755E-03
-26.8567 7.227663E-03
-26.8367 7.173213E-03
-26.8167 7.119394E-03
-26.7966 7.066197E-03
-26.7766 7.013611E-03
-26.7566 6.961628E-03
-26.7366 6.910239E-03
-26.7166 6.859434E-03
-26.6966 6.809206E-03
-26.6766 6.759546E-03
-26.6566 6.710444E-03
-26.6366 6.661892E-03
-26.6166 6.613884E-03
-26.5965 6.566409E-03
-26.5765 6.519460E-03
-26.5565 6.473031E-03
-26.5365 6.427114E-03
-26.5165 6.381700E-03
-26.4965 6.336782E-03
-26.4765 6.292354E-03
-26.4565 6.248409E-03
-26.4365 6.204938E-03
-26.4165 6.161937E-03
-26.3964 6.119396E-03
-26.3764 6.077313E-03
-26.3564 6.035678E-03
-26.3364 5.994486E-03
-26.3164 5.953730E-03
-26.2964 5.913405E-03
-26.2764 5.873504E-03
-26.2564 5.834023E-03
-26.2364 5.794954E-03
-26.2164 5.756290E-03
-26.1963 5.718030E-03
-26.1763 5.680163E-03
-26.1563 5.642688E-03
-26.1363 5.605600E-03
-26.1163 5.568891E-03
-26.0963 5.532557E-03
-26.0763 5.496594E-03
-26.0563 5.460994E-03
-26.0363 5.425757E-03
-26.0163 5.390872E-03
-25.9962 5.356340E-03
-25.9762 5.322152E-03
-25.9562 5.288308E-03
-25.9362 5.254799E-03
-25.9162 5.221623E-03
-25.8962 5.188777E-03
-25.8762 5.156252E-03
-25.8562 5.124050E-03
-25.8362 5.092158E-03
-25.8162 5.060582E-03
-25.7961 5.029312E-03
-25.7761 4.998348E-03
-25.7561 4.967681E-03
-25.7361 4.937313E-03
-25.7161 4.907234E-03
-25.6961 4.877446E-03
-25.6761 4.847944E-03
-25.6561 4.818720E-03
-25.6361 4.789776E-03
-25.6161 4.761107E-03
-25.5960 4.732705E-03
-25.5760 4.704575E-03
-25.5560 4.676709E-03
-25.5360 4.649102E-03
-25.5160 4.621755E-03
-25.4960 4.594665E-03
-25.4760 4.567823E-03
-25.4560 4.541228E-03
-25.4360 4.514882E-03
-25.4160 4.488780E-03
-25.3959 4.462912E-03
-25.3759 4.437285E-03
-25.3559 4.411894E-03
-25.3359 4.386729E-03
-25.3159 4.361798E-03
-25.2959 4.337090E-03
-25.2759 4.312607E-03
-25.2559 4.288336E-03
-25.2359 4.264290E-03
-25.2159 4.240464E-03
-25.1958 4.216842E-03
-25.1758 4.193440E-03
-25.1558 4.170234E-03
-25.1358 4.147248E-03
-25.1158 4.124457E-03
-25.0958 4.101851E-03
-25.0758 4.079466E-03
-25.0558 4.057269E-03
-25.0358 4.035269E-03
-25.0158 4.013459E-03
-24.9957 3.991833E-03
-24.9757 3.970402E-03
-24.9557 3.949161E-03
-24.9357 3.928102E-03
-24.9157 3.907220E-03
-24.8957 3.886528E-03
-24.8757 3.865996E-03
-24.8557 3.845638E-03
-24.8357 3.825476E-03
-24.8157 3.805474E-03
-24.7956 3.785620E-03
-24.7756 3.765969E-03
-24.7556 3.746482E-03
-24.7356 3.727147E-03
-24.7156 3.707952E-03
-24.6956 3.688970E-03
-24.6756 3.670102E-03
-24.6556 3.651377E-03
-24.6356 3.632836E-03
-24.6156 3.614469E-03
-24.5955 3.596267E-03
-24.5755 3.578144E-03
-24.5555 3.560218E-03
-24.5355 3.542398E-03
-24.5155 3.524838E-03
-24.4955 3.507343E-03
-24.4755 3.489975E-03
-24.4555 3.472702E-03
-24.4355 3.455619E-03
-24.4155 3.438704E-03
-24.3954 3.421937E-03
-24.3754 3.405279E-03
-24.3554 3.388679E-03
-24.3354 3.372283E-03
-24.3154 3.356073E-03
-24.2954 3.340005E-03
-24.2754 3.324010E-03
-24.2554 3.307989E-03
-24.2354 3.292206E-03
-24.2154 3.276622E-03
-24.1953 3.261150E-03
-24.1753 3.245638E-03
-24.1553 3.230617E-03
-24.1353 3.215189E-03
-24.1153 3.200953E-03
-24.0953 3.185738E-03
-24.0753 3.171530E-03
-24.0553 3.156679E-03
-24.0353 3.142376E-03
-24.0153 3.128322E-03
-23.9952 3.113810E-03
-23.9752 3.097223E-03
-23.9552 3.087129E-03
-23.9352 3.072684E-03
-23.9152 3.056184E-03
-23.8952 3.046251E-03
-23.8752 3.025971E-03
-23.8552 3.001455E-03
-23.8352 3.002785E-03
-23.8152 2.989436E-03
-23.7951 2.997718E-03
-23.7751 2.937304E-03
-23.7551 2.949075E-03
-23.7351 2.936174E-03
-23.7151 3.046024E-03
-23.6951 2.930579E-03
-23.6751 3.086614E-03
-23.6551 2.740909E-03
-23.6351 3.038958E-03
-23.6151 2.985075E-03
-23.5950 2.805010E-03
-23.5750 2.853243E-03
-23.5550 2.797286E-03
-23.5350 2.828633E-03
-23.5150 2.784748E-03
-23.4950 2.796503E-03
-23.4750 2.770765E-03
-23.4550 2.762362E-03
-23.4350 2.752907E-03
-23.4150 2.742833E-03
-23.3949 2.727763E-03
-23.3749 2.720772E-03
-23.3549 2.712076E-03
-23.3349 2.699086E-03
-23.3149 2.686114E-03
-23.2949 2.674327E-03
-23.2749 2.662185E-03
-23.2549 2.652511E-03
-23.2349 2.642160E-03
-23.2149 2.633357E-03
-23.1948 2.622265E-03
-23.1748 2.610882E-03
-23.1548 2.600778E-03
-23.1348 2.590238E-03
-23.1148 2.579462E-03
-23.0948 2.569456E-03
-23.0748 2.560047E-03
-23.0548 2.551156E-03
-23.0348 2.541080E-03
-23.0148 2.530707E-03
-22.9947 2.520793E-03
-22.9747 2.511258E-03
-22.9547 2.501545E-03
-22.9347 2.492141E-03
-22.9147 2.482421E-03
-22.8947 2.473125E-03
-22.8747 2.463559E-03
-22.8547 2.454710E-03
-22.8347 2.445572E-03
-22.8147 2.436322E-03
-22.7946 2.427273E-03
-22.7746 2.418390E-03
-22.7546 2.409654E-03
-22.7346 2.400696E-03
-22.7146 2.392024E-03
-22.6946 2.383160E-03
-22.6746 2.374751E-03
-22.6546 2.366446E-03
-22.6346 2.357799E-03
-22.6146 2.349429E-03
-22.5945 2.341278E-03
-22.5745 2.332980E-03
-22.5545 2.324550E-03
-22.5345 2.316684E-03
-22.5145 2.308682E-03
-22.4945 2.300766E-03
-22.4745 2.292841E-03
-22.4545 2.285101E-03
-22.4345 2.277352E-03
-22.4145 2.269517E-03
-22.3944 2.262123E-03
-22.3744 2.254455E-03
-22.3544 2.247051E-03
-22.3344 2.239722E-03
-22.3144 2.232467E-03
-22.2944 2.225083E-03
-22.2744 2.217990E-03
-22.2544 2.210920E-03
-22.2344 2.203979E-03
-22.2144 2.196942E-03
-22.1943 2.190238E-03
-22.1743 2.183485E-03
-22.1543 2.176815E-03
-22.1343 2.170104E-03
-22.1143 2.163600E-03
-22.0943 2.157170E-03
-22.0743 2.150827E-03
-22.0543 2.144567E-03
-22.0343 2.138471E-03
-22.0143 2.132383E-03
-21.9942 2.126382E-03
-21.9742 2.120440E-03
-21.9542 2.114719E-03
-21.9342 2.108964E-03
-21.9142 2.103311E-03
-21.8942 2.097782E-03
-21.8742 2.092412E-03
-21.8542 2.087144E-03
-21.8342 2.081974E-03
-21.8142 2.076840E-03
-21.7941 2.071894E-03
-21.7741 2.067066E-03
-21.7541 2.062280E-03
-21.7341 2.057756E-03
-21.7141 2.053284E-03
-21.6941 2.048932E-03
-21.6741 2.044724E-03
-21.6541 2.040727E-03
-21.6341 2.036791E-03
-21.6141 2.033067E-03
-21.5940 2.029510E-03
-21.5740 2.026104E-03
-21.5540 2.022796E-03
-21.5340 2.019728E-03
-21.5140 2.016844E-03
-21.4940 2.014251E-03
-21.4740 2.011739E-03
-21.4540 2.009437E-03
-21.4340 2.007397E-03
-21.4140 2.005514E-03
-21.3939 2.003976E-03
-21.3739 2.002616E-03
-21.3539 2.001510E-03
-21.3339 2.000656E-03
-21.3139 2.000125E-03
-21.2939 1.999828E-03
-21.2739 1.999874E-03
-21.2539 2.000226E-03
-21.2339 2.000895E-03
-21.2139 2.001886E-03
-21.1938 2.003246E-03
-21.1738 2.004996E-03
-21.1538 2.007124E-03
-21.1338 2.009642E-03
-21.1138 2.012562E-03
-21.0938 2.015952E-03
-21.0738 2.019695E-03
-21.0538 2.023964E-03
-21.0338 2.028714E-03
-21.0138 2.033943E-03
-20.9937 2.039676E-03
-20.9737 2.045967E-03
-20.9537 2.052753E-03
-20.9337 2.060125E-03
-20.9137 2.068065E-03
-20.8937 2.076577E-03
-20.8737 2.085691E-03
-20.8537 2.095439E-03
-20.8337 2.105772E-03
-20.8137 2.116797E-03
-20.7936 2.128423E-03
-20.7736 2.140695E-03
-20.7536 2.153650E-03
-20.7336 2.167252E-03
-20.7136 2.181509E-03
-20.6936 2.196414E-03
-20.6736 2.211994E-03
-20.6536 2.228256E-03
-20.6336 2.245080E-03
-20.6136 2.262582E-03
-20.5935 2.280660E-03
-20.5735 2.299356E-03
-20.5535 2.318617E-03
-20.5335 2.338413E-03
-20.5135 2.358753E-03
-20.4935 2.379545E-03
-20.4735 2.400842E-03
-20.4535 2.422534E-03
-20.4335 2.444624E-03
-20.4135 2.467053E-03
-20.3934 2.489779E-03
-20.3734 2.512763E-03
-20.3534 2.536004E-03
-20.3334 2.559370E-03
-20.3134 2.582904E-03
-20.2934 2.606492E-03
-20.2734 2.630166E-03
-20.2534 2.653784E-03
-20.2334 2.677405E-03
-20.2134 2.700938E-03
-20.1933 2.724371E-03
-20.1733 2.747599E-03
-20.1533 2.770680E-03
-20.1333 2.793540E-03
-20.1133 2.816181E-03
-20.0933 2.838529E-03
-20.0733 2.860613E-03
-20.0533 2.882412E-03
-20.0333 2.903891E-03
-20.0133 2.925047E-03
-19.9932 2.945870E-03
-19.9732 2.966375E-03
-19.9532 2.986548E-03
-19.9332 3.006411E-03
-19.9132 3.025926E-03
-19.8932 3.045163E-03
-19.8732 3.064055E-03
-19.8532 3.082695E-03
-19.8332 3.101077E-03
-19.8132 3.119195E-03
-19.7931 3.137055E-03
-19.7731 3.154710E-03
-19.7531 3.172181E-03
-19.7331 3.189469E-03
-19.7131 3.206606E-03
-19.6931 3.223643E-03
-19.6731 3.240551E-03
-19.6531 3.257373E-03
-19.6331 3.274146E-03
-19.6131 3.290909E-03
-19.5930 3.307629E-03
-19.5730 3.324402E-03
-19.5530 3.341167E-03
-19.5330 3.358044E-03
-19.5130 3.374967E-03
-19.4930 3.392024E-03
-19.4730 3.409225E-03
-19.4530 3.426570E-03
-19.4330 3.444086E-03
-19.4130 3.461792E-03
-19.3929 3.479719E-03
-19.3729 3.497873E-03
-19.3529 3.516277E-03
-19.3329 3.534960E-03
-19.3129 3.553948E-03
-19.2929 3.573237E-03
-19.2729 3.592836E-03
-19.2529 3.612797E-03
-19.2329 3.633117E-03
-19.2129 3.653785E-03
-19.1928 3.674854E-03
-19.1728 3.696314E-03
-19.1528 3.718220E-03
-19.1328 3.740539E-03
-19.1128 3.763306E-03
-19.0928 3.786529E-03
-19.0728 3.810214E-03
-19.0528 3.834376E-03
-19.0328 3.859032E-03
-19.0128 3.884196E-03
-18.9927 3.909861E-03
-18.9727 3.936053E-03
-18.9527 3.962784E-03
-18.9327 3.990070E-03
-18.9127 4.017882E-03
-18.8927 4.046282E-03
-18.8727 4.075229E-03
-18.8527 4.104784E-03
-18.8327 4.134901E-03
-18.8127 4.165630E-03
-18.7926 4.196958E-03
-18.7726 4.228881E-03
-18.7526 4.261434E-03
-18.7326 4.294623E-03
-18.7126 4.328439E-03
-18.6926 4.362869E-03
-18.6726 4.397958E-03
-18.6526 4.433684E-03
-18.6326 4.470084E-03
-18.6126 4.722658E-03
-18.5925 4.544830E-03
-18.5725 4.583206E-03
-18.5525 4.622244E-03
-18.5325 4.661961E-03
-18.5125 4.702346E-03
-18.4925 4.743416E-03
-18.4725 4.785148E-03
-18.4525 4.827577E-03
-18.4325 4.870696E-03
-18.4125 4.914503E-03
-18.3924 4.958990E-03
-18.3724 5.004164E-03
-18.3524 5.404004E-03
-18.3324 5.096553E-03
-18.3124 5.143780E-03
-18.2924 5.881010E-03
-18.2724 5.240273E-03
-18.2524 5.289554E-03
-18.2324 5.339482E-03
-18.2124 5.390092E-03
-18.1923 5.441374E-03
-18.1723 5.493321E-03
-18.1523 5.545943E-03
-18.1323 5.599203E-03
-18.1123 5.653108E-03
-18.0923 5.707659E-03
-18.0723 5.762837E-03
-18.0523 5.818650E-03
-18.0323 6.707382E-03
-18.0123 5.932123E-03
-17.9922 5.989752E-03
-17.9722 6.459010E-03
-17.9522 6.106782E-03
-17.9322 6.166165E-03
-17.9122 6.226112E-03
-17.8922 6.286592E-03
-17.8722 6.347601E-03
-17.8522 6.409133E-03
-17.8322 6.471174E-03
-17.8122 6.533708E-03
-17.7921 6.596719E-03
-17.7721 6.660189E-03
-17.7521 6.724105E-03
-17.7321 6.788464E-03
-17.7121 7.660896E-03
-17.6921 6.918365E-03
-17.6721 7.430960E-03
-17.6521 7.049785E-03
-17.6321 7.116005E-03
-17.6121 7.182571E-03
-17.5920 7.249419E-03
-17.5720 7.316553E-03
-17.5520 7.383942E-03
-17.5320 7.451584E-03
-17.5120 7.519432E-03
-17.4920 7.587492E-03
-17.4720 7.655710E-03
-17.4520 7.724115E-03
-17.4320 7.792634E-03
-17.4120 7.861277E-03
-17.3919 8.581781E-03
-17.3719 7.998797E-03
-17.3519 8.452871E-03
-17.3319 8.136525E-03
-17.3119 8.205415E-03
-17.2919 8.274279E-03
-17.2719 8.343111E-03
-17.2519 8.411886E-03
-17.2319 8.480578E-03
-17.2119 8.549189E-03
-17.1918 8.617677E-03
-17.1718 8.686013E-03
-17.1518 8.754209E-03
-17.1318 8.822229E-03
-17.1118 8.890052E-03
-17.0918 8.957661E-03
-17.0718 9.436442E-03
-17.0518 9.092198E-03
-17.0318 9.422738E-03
-17.0118 9.225718E-03
-16.9917 9.292053E-03
-16.9717 9.358082E-03
-16.9517 9.423795E-03
-16.9317 9.489197E-03
-16.9117 9.554260E-03
-16.8917 9.618995E-03
-16.8717 9.683363E-03
-16.8517 9.747372E-03
-16.8317 9.811012E-03
-16.8117 9.874276E-03
-16.7916 9.937176E-03
-16.7716 9.999693E-03
-16.7516 1.023732E-02
-16.7316 1.012355E-02
-16.7116 1.031180E-02
-16.6916 1.024584E-02
-16.6716 1.030642E-02
-16.6516 1.036659E-02
-16.6316 1.042638E-02
-16.6116 1.048578E-02
-16.5915 1.054481E-02
-16.5715 1.060347E-02
-16.5515 1.066175E-02
-16.5315 1.071969E-02
-16.5115 1.077725E-02
-16.4915 1.083447E-02
-16.4715 1.089135E-02
-16.4515 1.094791E-02
-16.4315 1.103172E-02
-16.4115 1.106008E-02
-16.3914 1.114156E-02
-16.3714 1.117106E-02
-16.3514 1.122614E-02
-16.3314 1.128097E-02
-16.3114 1.133555E-02
-16.2914 1.138988E-02
-16.2714 1.144402E-02
-16.2514 1.149795E-02
-16.2314 1.155170E-02
-16.2114 1.160528E-02
-16.1913 1.165870E-02
-16.1713 1.171199E-02
-16.1513 1.176517E-02
-16.1313 1.181823E-02
-16.1113 1.187946E-02
-16.0913 1.192413E-02
-16.0713 1.196791E-02
-16.0513 1.202983E-02
-16.0313 1.208264E-02
-16.0113 1.213546E-02
-15.9912 1.218831E-02
-15.9712 1.224119E-02
-15.9512 1.229414E-02
-15.9312 1.234714E-02
-15.9112 1.240026E-02
-15.8912 1.245346E-02
-15.8712 1.250682E-02
-15.8512 1.256032E-02
-15.8312 1.261398E-02
-15.8112 1.266781E-02
-15.7911 1.283469E-02
-15.7711 1.277611E-02
-15.7511 1.285625E-02
-15.7311 1.288536E-02
-15.7111 1.294038E-02
-15.6911 1.299568E-02
-15.6711 1.305128E-02
-15.6511 1.310721E-02
-15.6311 1.316345E-02
-15.6111 1.322005E-02
-15.5910 1.327702E-02
-15.5710 1.333437E-02
-15.5510 1.339211E-02
-15.5310 1.345027E-02
-15.5110 1.350884E-02
-15.4910 1.356785E-02
-15.4710 1.393506E-02
-15.4510 1.368725E-02
-15.4310 1.386305E-02
-15.4110 1.380855E-02
-15.3909 1.386996E-02
-15.3709 1.393188E-02
-15.3509 1.399432E-02
-15.3309 1.405731E-02
-15.3109 1.412083E-02
-15.2909 1.418493E-02
-15.2709 1.424959E-02
-15.2509 1.431484E-02
-15.2309 1.438066E-02
-15.2109 1.444710E-02
-15.1908 1.451414E-02
-15.1708 1.458179E-02
-15.1508 1.519502E-02
-15.1308 1.471897E-02
-15.1108 1.502516E-02
-15.0908 1.485871E-02
-15.0708 1.492954E-02
-15.0508 1.500105E-02
-15.0308 1.507320E-02
-15.0108 1.514603E-02
-14.9907 1.521952E-02
-14.9707 1.529369E-02
-14.9507 1.536853E-02
-14.9307 1.544404E-02
-14.9107 1.552026E-02
-14.8907 1.559716E-02
-14.8707 1.567472E-02
-14.8507 1.575300E-02
-14.8307 1.660255E-02
-14.8107 1.591159E-02
-14.7906 1.635364E-02
-14.7706 1.607293E-02
-14.7506 1.615465E-02
-14.7306 1.623702E-02
-14.7106 1.632010E-02
-14.6906 1.640384E-02
-14.6706 1.648827E-02
-14.6506 1.657337E-02
-14.6306 1.665914E-02
-14.6106 1.674556E-02
-14.5905 1.683265E-02
-14.5705 1.692040E-02
-14.5505 1.700879E-02
-14.5305 1.709781E-02
-14.5105 1.812105E-02
-14.4905 1.727776E-02
-14.4705 1.783120E-02
-14.4505 1.746019E-02
-14.4305 1.755231E-02
-14.4105 1.764503E-02
-14.3904 1.773833E-02
-14.3704 1.783220E-02
-14.3504 1.792663E-02
-14.3304 1.802161E-02
-14.3104 1.811714E-02
-14.2904 1.821321E-02
-14.2704 1.830978E-02
-14.2504 1.840688E-02
-14.2304 1.850446E-02
-14.2104 1.860251E-02
-14.1903 1.969878E-02
-14.1703 1.880003E-02
-14.1503 1.941543E-02
-14.1303 1.899930E-02
-14.1103 1.909958E-02
-14.0903 1.920025E-02
-14.0703 1.930130E-02
-14.0503 1.940272E-02
-14.0303 1.950451E-02
-14.0103 1.960663E-02
-13.9902 1.970907E-02
-13.9702 1.981184E-02
-13.9502 1.991488E-02
-13.9302 2.001822E-02
-13.9102 2.012182E-02
-13.8902 2.022568E-02
-13.8702 2.128641E-02
-13.8502 2.043406E-02
-13.8302 2.105027E-02
-13.8102 2.064325E-02
-13.7901 2.074812E-02
-13.7701 2.085315E-02
-13.7501 2.095830E-02
-13.7301 2.106360E-02
-13.7101 2.116901E-02
-13.6901 2.127452E-02
-13.6701 2.138010E-02
-13.6501 2.148576E-02
-13.6301 2.159149E-02
-13.6101 2.169726E-02
-13.5900 2.180306E-02
-13.5700 2.190888E-02
-13.5500 2.285907E-02
-13.5300 2.212051E-02
-13.5100 2.268552E-02
-13.4900 2.233208E-02
-13.4700 2.243782E-02
-13.4500 2.254351E-02
-13.4300 2.264915E-02
-13.4100 2.275472E-02
-13.3899 2.286021E-02
-13.3699 2.296561E-02
-13.3499 2.307095E-02
-13.3299 2.317617E-02
-13.3099 2.328132E-02
-13.2899 2.338633E-02
-13.2699 2.349126E-02
-13.2499 2.359607E-02
-13.2299 2.443516E-02
-13.2099 2.380532E-02
-13.1898 2.430015E-02
-13.1698 2.401412E-02
-13.1498 2.411835E-02
-13.1298 2.422243E-02
-13.1098 2.432643E-02
-13.0898 2.443030E-02
-13.0698 2.453408E-02
-13.0498 2.463772E-02
-13.0298 2.474130E-02
-13.0098 2.484478E-02
-12.9897 2.494818E-02
-12.9697 2.505147E-02
-12.9497 2.515473E-02
-12.9297 2.525792E-02
-12.9097 2.608236E-02
-12.8897 2.546417E-02
-12.8697 2.592060E-02
-12.8497 2.567035E-02
-12.8297 2.577342E-02
-12.8097 2.587652E-02
-12.7896 2.597965E-02
-12.7696 2.608285E-02
-12.7496 2.618611E-02
-12.7296 2.628945E-02
-12.7096 2.639291E-02
-12.6896 2.649650E-02
-12.6696 2.660024E-02
-12.6496 2.670415E-02
-12.6296 2.680825E-02
-12.6096 2.691258E-02
-12.5895 2.790612E-02
-12.5695 2.712195E-02
-12.5495 2.762445E-02
-12.5295 2.733250E-02
-12.5095 2.743827E-02
-12.4895 2.754440E-02
-12.4695 2.765094E-02
-12.4495 2.775789E-02
-12.4295 2.786533E-02
-12.4095 2.797322E-02
-12.3894 2.808163E-02
-12.3694 2.819058E-02
-12.3494 2.830011E-02
-12.3294 2.841024E-02
-12.3094 2.852101E-02
-12.2894 2.863243E-02
-12.2694 3.652213E-02
-12.2494 2.885741E-02
-12.2294 2.952562E-02
-12.2094 2.908544E-02
-12.1893 2.920067E-02
-12.1693 2.931678E-02
-12.1493 2.943377E-02
-12.1293 2.955166E-02
-12.1093 2.967053E-02
-12.0893 2.979037E-02
-12.0693 2.991125E-02
-12.0493 3.003316E-02
-12.0293 3.015616E-02
-12.0093 3.028026E-02
-11.9892 3.040552E-02
-11.9692 3.053195E-02
-11.9492 3.826775E-02
-11.9292 3.078844E-02
-11.9092 3.848763E-02
