-54.4925 5.169918E-04
-54.4725 5.179483E-04
-54.4525 5.189077E-04
-54.4325 5.198698E-04
-54.4125 5.208348E-04
-54.3924 5.218026E-04
-54.3724 5.227733E-04
-54.3524 5.237468E-04
-54.3324 5.247232E-04
-54.3124 5.257023E-04
-54.2924 5.266845E-04
-54.2724 5.276696E-04
-54.2524 5.286577E-04
-54.2324 5.296486E-04
-54.2124 5.306426E-04
-54.1923 5.316395E-04
-54.1723 5.326393E-04
-54.1523 5.336421E-04
-54.1323 5.346479E-04
-54.1123 5.356565E-04
-54.0923 5.366684E-04
-54.0723 5.376833E-04
-54.0523 5.387012E-04
-54.0323 5.397222E-04
-54.0123 5.407462E-04
-53.9922 5.417733E-04
-53.9722 5.428032E-04
-53.9522 5.438366E-04
-53.9322 5.448730E-04
-53.9122 5.459126E-04
-53.8922 5.469553E-04
-53.8722 5.480011E-04
-53.8522 5.490499E-04
-53.8322 5.501021E-04
-53.8122 5.511575E-04
-53.7921 5.522162E-04
-53.7721 5.532780E-04
-53.7521 5.543431E-04
-53.7321 5.554111E-04
-53.7121 5.564827E-04
-53.6921 5.575575E-04
-53.6721 5.586357E-04
-53.6521 5.597170E-04
-53.6321 5.608016E-04
-53.6121 5.618897E-04
-53.5920 5.629811E-04
-53.5720 5.640759E-04
-53.5520 5.651738E-04
-53.5320 5.662753E-04
-53.5120 5.673802E-04
-53.4920 5.684887E-04
-53.4720 5.696001E-04
-53.4520 5.707153E-04
-53.4320 5.718340E-04
-53.4120 5.729562E-04
-53.3919 5.740815E-04
-53.3719 5.752107E-04
-53.3519 5.763433E-04
-53.3319 5.774792E-04
-53.3119 5.786189E-04
-53.2919 5.797622E-04
-53.2719 5.809088E-04
-53.2519 5.820593E-04
-53.2319 5.832133E-04
-53.2119 5.843709E-04
-53.1918 5.855320E-04
-53.1718 5.866970E-04
-53.1518 5.878653E-04
-53.1318 5.890376E-04
-53.1118 5.902136E-04
-53.0918 5.913930E-04
-53.0718 5.925765E-04
-53.0518 5.937637E-04
-53.0318 5.949543E-04
-53.0118 5.961491E-04
-52.9917 5.973472E-04
-52.9717 5.985496E-04
-52.9517 5.997557E-04
-52.9317 6.009654E-04
-52.9117 6.021792E-04
-52.8917 6.033967E-04
-52.8717 6.046183E-04
-52.8517 6.058436E-04
-52.8317 6.070730E-04
-52.8117 6.083064E-04
-52.7916 6.095434E-04
-52.7716 6.107848E-04
-52.7516 6.120298E-04
-52.7316 6.132791E-04
-52.7116 6.145322E-04
-52.6916 6.157896E-04
-52.6716 6.170508E-04
-52.6516 6.183163E-04
-52.6316 6.195857E-04
-52.6116 6.208595E-04
-52.5915 6.221370E-04
-52.5715 6.234188E-04
-52.5515 6.247050E-04
-52.5315 6.259952E-04
-52.5115 6.272898E-04
-52.4915 6.285884E-04
-52.4715 6.298914E-04
-52.4515 6.311985E-04
-52.4315 6.325099E-04
-52.4115 6.338258E-04
-52.3914 6.351458E-04
-52.3714 6.364703E-04
-52.3514 6.377991E-04
-52.3314 6.391321E-04
-52.3114 6.404699E-04
-52.2914 6.418117E-04
-52.2714 6.431581E-04
-52.2514 6.445091E-04
-52.2314 6.458643E-04
-52.2114 6.472241E-04
-52.1913 6.485883E-04
-52.1713 6.499575E-04
-52.1513 6.513308E-04
-52.1313 6.527087E-04
-52.1113 6.540912E-04
-52.0913 6.554787E-04
-52.0713 6.568704E-04
-52.0513 6.582669E-04
-52.0313 6.596681E-04
-52.0113 6.610742E-04
-51.9912 6.624848E-04
-51.9712 6.639001E-04
-51.9512 6.653202E-04
-51.9312 6.667450E-04
-51.9112 6.681747E-04
-51.8912 6.696094E-04
-51.8712 6.710489E-04
-51.8512 6.724931E-04
-51.8312 6.739423E-04
-51.8112 6.753964E-04
-51.7911 6.768554E-04
-51.7711 6.783194E-04
-51.7511 6.797883E-04
-51.7311 6.812623E-04
-51.7111 6.827414E-04
-51.6911 6.842255E-04
-51.6711 6.857147E-04
-51.6511 6.872089E-04
-51.6311 6.887083E-04
-51.6111 6.902128E-04
-51.5910 6.917226E-04
-51.5710 6.932376E-04
-51.5510 6.947577E-04
-51.5310 6.962831E-04
-51.5110 6.978138E-04
-51.4910 6.993498E-04
-51.4710 7.008911E-04
-51.4510 7.024378E-04
-51.4310 7.039897E-04
-51.4110 7.055469E-04
-51.3909 7.071098E-04
-51.3709 7.086781E-04
-51.3509 7.102519E-04
-51.3309 7.118312E-04
-51.3109 7.134157E-04
-51.2909 7.150061E-04
-51.2709 7.166021E-04
-51.2509 7.182036E-04
-51.2309 7.198105E-04
-51.2109 7.214234E-04
-51.1908 7.230419E-04
-51.1708 7.246661E-04
-51.1508 7.262958E-04
-51.1308 7.279316E-04
-51.1108 7.295731E-04
-51.0908 7.312202E-04
-51.0708 7.328735E-04
-51.0508 7.345324E-04
-51.0308 7.361972E-04
-51.0108 7.378682E-04
-50.9907 7.395448E-04
-50.9707 7.412277E-04
-50.9507 7.429164E-04
-50.9307 7.446113E-04
-50.9107 7.463120E-04
-50.8907 7.480192E-04
-50.8707 7.497322E-04
-50.8507 7.514517E-04
-50.8307 7.531771E-04
-50.8107 7.549090E-04
-50.7906 7.566468E-04
-50.7706 7.583913E-04
-50.7506 7.601420E-04
-50.7306 7.618988E-04
-50.7106 7.636623E-04
-50.6906 7.654319E-04
-50.6706 7.672080E-04
-50.6506 7.689908E-04
-50.6306 7.707798E-04
-50.6106 7.725755E-04
-50.5905 7.743776E-04
-50.5705 7.761866E-04
-50.5505 7.780021E-04
-50.5305 7.798241E-04
-50.5105 7.816529E-04
-50.4905 7.834884E-04
-50.4705 7.853310E-04
-50.4505 7.871801E-04
-50.4305 7.890360E-04
-50.4105 7.908988E-04
-50.3904 7.927684E-04
-50.3704 7.946450E-04
-50.3504 7.965286E-04
-50.3304 7.984192E-04
-50.3104 8.003169E-04
-50.2904 8.022216E-04
-50.2704 8.041335E-04
-50.2504 8.060525E-04
-50.2304 8.079788E-04
-50.2104 8.099122E-04
-50.1903 8.118529E-04
-50.1703 8.138008E-04
-50.1503 8.157558E-04
-50.1303 8.177185E-04
-50.1103 8.196886E-04
-50.0903 8.216661E-04
-50.0703 8.236511E-04
-50.0503 8.256433E-04
-50.0303 8.276434E-04
-50.0103 8.296511E-04
-49.9902 8.316665E-04
-49.9702 8.336892E-04
-49.9502 8.357199E-04
-49.9302 8.377584E-04
-49.9102 8.398043E-04
-49.8902 8.418585E-04
-49.8702 8.439201E-04
-49.8502 8.459900E-04
-49.8302 8.480676E-04
-49.8102 8.501534E-04
-49.7901 8.522471E-04
-49.7701 8.543490E-04
-49.7501 8.564588E-04
-49.7301 8.585771E-04
-49.7101 8.607033E-04
-49.6901 8.628377E-04
-49.6701 8.649807E-04
-49.6501 8.671318E-04
-49.6301 8.692912E-04
-49.6101 8.714595E-04
-49.5900 8.736358E-04
-49.5700 8.758206E-04
-49.5500 8.780140E-04
-49.5300 8.802164E-04
-49.5100 8.824271E-04
-49.4900 8.846464E-04
-49.4700 8.868745E-04
-49.4500 8.891114E-04
-49.4300 8.913571E-04
-49.4100 8.936117E-04
-49.3899 8.958753E-04
-49.3699 8.981478E-04
-49.3499 9.004293E-04
-49.3299 9.027199E-04
-49.3099 9.050197E-04
-49.2899 9.073286E-04
-49.2699 9.096467E-04
-49.2499 9.119741E-04
-49.2299 9.143108E-04
-49.2099 9.166565E-04
-49.1898 9.190120E-04
-49.1698 9.213770E-04
-49.1498 9.237515E-04
-49.1298 9.261353E-04
-49.1098 9.285290E-04
-49.0898 9.309323E-04
-49.0698 9.333451E-04
-49.0498 9.357680E-04
-49.0298 9.382003E-04
-49.0098 9.406430E-04
-48.9897 9.430952E-04
-48.9697 9.455577E-04
-48.9497 9.480300E-04
-48.9297 9.505127E-04
-48.9097 9.530052E-04
-48.8897 9.555080E-04
-48.8697 9.580214E-04
-48.8497 9.605447E-04
-48.8297 9.630786E-04
-48.8097 9.656231E-04
-48.7896 9.681778E-04
-48.7696 9.707430E-04
-48.7496 9.733190E-04
-48.7296 9.759055E-04
-48.7096 9.785029E-04
-48.6896 9.811114E-04
-48.6696 9.837304E-04
-48.6496 9.863602E-04
-48.6296 9.890012E-04
-48.6096 9.916531E-04
-48.5895 9.943159E-04
-48.5695 9.969900E-04
-48.5495 9.996755E-04
-48.5295 1.002372E-03
-48.5095 1.005080E-03
-48.4895 1.007800E-03
-48.4695 1.010530E-03
-48.4495 1.013273E-03
-48.4295 1.016027E-03
-48.4095 1.018793E-03
-48.3894 1.021570E-03
-48.3694 1.024360E-03
-48.3494 1.027161E-03
-48.3294 1.029974E-03
-48.3094 1.032799E-03
-48.2894 1.035637E-03
-48.2694 1.038486E-03
-48.2494 1.041347E-03
-48.2294 1.044221E-03
-48.2094 1.047108E-03
-48.1893 1.050006E-03
-48.1693 1.052918E-03
-48.1493 1.055841E-03
-48.1293 1.058778E-03
-48.1093 1.061727E-03
-48.0893 1.064689E-03
-48.0693 1.067664E-03
-48.0493 1.070652E-03
-48.0293 1.073652E-03
-48.0093 1.076666E-03
-47.9892 1.079693E-03
-47.9692 1.082734E-03
-47.9492 1.085787E-03
-47.9292 1.088855E-03
-47.9092 1.091935E-03
-47.8892 1.095030E-03
-47.8692 1.098137E-03
-47.8492 1.101259E-03
-47.8292 1.104394E-03
-47.8092 1.107543E-03
-47.7891 1.110707E-03
-47.7691 1.113884E-03
-47.7491 1.117075E-03
-47.7291 1.120281E-03
-47.7091 1.123501E-03
-47.6891 1.126735E-03
-47.6691 1.129985E-03
-47.6491 1.133248E-03
-47.6291 1.136526E-03
-47.6091 1.139819E-03
-47.5890 1.143127E-03
-47.5690 1.146450E-03
-47.5490 1.149787E-03
-47.5290 1.153140E-03
-47.5090 1.156508E-03
-47.4890 1.159891E-03
-47.4690 1.163290E-03
-47.4490 1.166704E-03
-47.4290 1.170134E-03
-47.4090 1.173580E-03
-47.3889 1.177041E-03
-47.3689 1.180518E-03
-47.3489 1.184011E-03
-47.3289 1.187521E-03
-47.3089 1.191046E-03
-47.2889 1.194587E-03
-47.2689 1.198146E-03
-47.2489 1.201720E-03
-47.2289 1.205311E-03
-47.2089 1.208918E-03
-47.1888 1.212543E-03
-47.1688 1.216184E-03
-47.1488 1.219843E-03
-47.1288 1.223518E-03
-47.1088 1.227211E-03
-47.0888 1.230921E-03
-47.0688 1.234648E-03
-47.0488 1.238393E-03
-47.0288 1.242156E-03
-47.0088 1.245936E-03
-46.9887 1.249734E-03
-46.9687 1.253550E-03
-46.9487 1.257385E-03
-46.9287 1.261237E-03
-46.9087 1.265108E-03
-46.8887 1.268997E-03
-46.8687 1.272905E-03
-46.8487 1.276831E-03
-46.8287 1.280777E-03
-46.8087 1.284741E-03
-46.7886 1.288724E-03
-46.7686 1.292727E-03
-46.7486 1.296748E-03
-46.7286 1.300789E-03
-46.7086 1.304850E-03
-46.6886 1.308931E-03
-46.6686 1.313031E-03
-46.6486 1.317151E-03
-46.6286 1.321291E-03
-46.6086 1.325451E-03
-46.5885 1.329632E-03
-46.5685 1.333833E-03
-46.5485 1.338055E-03
-46.5285 1.342297E-03
-46.5085 1.346560E-03
-46.4885 1.350844E-03
-46.4685 1.355150E-03
-46.4485 1.359477E-03
-46.4285 1.363824E-03
-46.4085 1.368194E-03
-46.3884 1.372586E-03
-46.3684 1.376999E-03
-46.3484 1.381434E-03
-46.3284 1.385891E-03
-46.3084 1.390371E-03
-46.2884 1.394873E-03
-46.2684 1.399398E-03
-46.2484 1.403945E-03
-46.2284 1.408515E-03
-46.2084 1.413108E-03
-46.1883 1.417725E-03
-46.1683 1.422365E-03
-46.1483 1.427028E-03
-46.1283 1.431715E-03
-46.1083 1.436426E-03
-46.0883 1.441161E-03
-46.0683 1.445921E-03
-46.0483 1.450704E-03
-46.0283 1.455512E-03
-46.0083 1.460344E-03
-45.9882 1.465202E-03
-45.9682 1.470084E-03
-45.9482 1.474992E-03
-45.9282 1.479925E-03
-45.9082 1.484884E-03
-45.8882 1.489868E-03
-45.8682 1.494878E-03
-45.8482 1.499914E-03
-45.8282 1.504977E-03
-45.8082 1.510066E-03
-45.7881 1.515181E-03
-45.7681 1.520324E-03
-45.7481 1.525493E-03
-45.7281 1.530690E-03
-45.7081 1.535914E-03
-45.6881 1.541165E-03
-45.6681 1.546445E-03
-45.6481 1.551752E-03
-45.6281 1.557087E-03
-45.6081 1.562451E-03
-45.5880 1.567843E-03
-45.5680 1.573264E-03
-45.5480 1.578715E-03
-45.5280 1.584194E-03
-45.5080 1.589703E-03
-45.4880 1.595241E-03
-45.4680 1.600810E-03
-45.4480 1.606408E-03
-45.4280 1.612036E-03
-45.4080 1.617695E-03
-45.3879 1.623385E-03
-45.3679 1.629105E-03
-45.3479 1.634857E-03
-45.3279 1.640640E-03
-45.3079 1.646455E-03
-45.2879 1.652302E-03
-45.2679 1.658180E-03
-45.2479 1.664091E-03
-45.2279 1.670035E-03
-45.2079 1.676011E-03
-45.1878 1.682020E-03
-45.1678 1.688063E-03
-45.1478 1.694139E-03
-45.1278 1.700249E-03
-45.1078 1.706393E-03
-45.0878 1.712571E-03
-45.0678 1.718783E-03
-45.0478 1.725031E-03
-45.0278 1.731314E-03
-45.0078 1.737632E-03
-44.9877 1.743985E-03
-44.9677 1.750374E-03
-44.9477 1.756800E-03
-44.9277 1.763261E-03
-44.9077 1.769760E-03
-44.8877 1.776296E-03
-44.8677 1.782869E-03
-44.8477 1.789479E-03
-44.8277 1.796127E-03
-44.8077 1.802813E-03
-44.7876 1.809538E-03
-44.7676 1.816301E-03
-44.7476 1.823103E-03
-44.7276 1.829945E-03
-44.7076 1.836826E-03
-44.6876 1.843747E-03
-44.6676 1.850708E-03
-44.6476 1.857710E-03
-44.6276 1.864752E-03
-44.6076 1.871836E-03
-44.5875 1.878961E-03
-44.5675 1.886128E-03
-44.5475 1.893338E-03
-44.5275 1.900589E-03
-44.5075 1.907884E-03
-44.4875 1.915222E-03
-44.4675 1.922603E-03
-44.4475 1.930027E-03
-44.4275 1.937497E-03
-44.4075 1.945010E-03
-44.3874 1.952569E-03
-44.3674 1.960173E-03
-44.3474 1.967822E-03
-44.3274 1.975517E-03
-44.3074 1.983259E-03
-44.2874 1.991048E-03
-44.2674 1.998883E-03
-44.2474 2.006766E-03
-44.2274 2.014697E-03
-44.2074 2.022676E-03
-44.1873 2.030704E-03
-44.1673 2.038781E-03
-44.1473 2.046907E-03
-44.1273 2.055084E-03
-44.1073 2.063310E-03
-44.0873 2.071588E-03
-44.0673 2.079916E-03
-44.0473 2.088296E-03
-44.0273 2.096728E-03
-44.0073 2.105212E-03
-43.9872 2.113749E-03
-43.9672 2.122339E-03
-43.9472 2.130983E-03
-43.9272 2.139681E-03
-43.9072 2.148434E-03
-43.8872 2.157242E-03
-43.8672 2.166106E-03
-43.8472 2.175025E-03
-43.8272 2.184001E-03
-43.8072 2.193034E-03
-43.7871 2.202125E-03
-43.7671 2.211273E-03
-43.7471 2.220480E-03
-43.7271 2.229745E-03
-43.7071 2.239070E-03
-43.6871 2.248455E-03
-43.6671 2.257901E-03
-43.6471 2.267408E-03
-43.6271 2.276975E-03
-43.6071 2.286606E-03
-43.5870 2.296299E-03
-43.5670 2.306055E-03
-43.5470 2.315874E-03
-43.5270 2.325758E-03
-43.5070 2.335707E-03
-43.4870 2.345721E-03
-43.4670 2.355801E-03
-43.4470 2.365947E-03
-43.4270 2.376161E-03
-43.4070 2.386443E-03
-43.3869 2.396792E-03
-43.3669 2.407211E-03
-43.3469 2.417699E-03
-43.3269 2.428258E-03
-43.3069 2.438887E-03
-43.2869 2.449588E-03
-43.2669 2.460361E-03
-43.2469 2.471206E-03
-43.2269 2.482125E-03
-43.2069 2.493118E-03
-43.1868 2.504186E-03
-43.1668 2.515329E-03
-43.1468 2.526548E-03
-43.1268 2.537845E-03
-43.1068 2.549219E-03
-43.0868 2.560671E-03
-43.0668 2.572201E-03
-43.0468 2.583812E-03
-43.0268 2.595503E-03
-43.0068 2.607275E-03
-42.9867 2.619129E-03
-42.9667 2.631065E-03
-42.9467 2.643085E-03
-42.9267 2.655190E-03
-42.9067 2.667379E-03
-42.8867 2.679654E-03
-42.8667 2.692016E-03
-42.8467 2.704466E-03
-42.8267 2.717003E-03
-42.8067 2.729630E-03
-42.7866 2.742347E-03
-42.7666 2.755154E-03
-42.7466 2.768054E-03
-42.7266 2.781045E-03
-42.7066 2.794131E-03
-42.6866 2.807310E-03
-42.6666 2.820585E-03
-42.6466 2.833957E-03
-42.6266 2.847425E-03
-42.6066 2.860992E-03
-42.5865 2.874657E-03
-42.5665 2.888422E-03
-42.5465 2.902289E-03
-42.5265 2.916258E-03
-42.5065 2.930329E-03
-42.4865 2.944505E-03
-42.4665 2.958786E-03
-42.4465 2.973172E-03
-42.4265 2.987666E-03
-42.4065 3.002268E-03
-42.3864 3.016980E-03
-42.3664 3.031801E-03
-42.3464 3.046735E-03
-42.3264 3.061780E-03
-42.3064 3.076940E-03
-42.2864 3.092215E-03
-42.2664 3.107606E-03
-42.2464 3.123114E-03
-42.2264 3.138741E-03
-42.2064 3.154487E-03
-42.1863 3.170354E-03
-42.1663 3.186343E-03
-42.1463 3.202456E-03
-42.1263 3.218693E-03
-42.1063 3.235057E-03
-42.0863 3.251547E-03
-42.0663 3.268167E-03
-42.0463 3.284916E-03
-42.0263 3.301797E-03
-42.0063 3.318810E-03
-41.9862 3.335958E-03
-41.9662 3.353241E-03
-41.9462 3.370661E-03
-41.9262 3.388220E-03
-41.9062 3.405918E-03
-41.8862 3.423757E-03
-41.8662 3.441740E-03
-41.8462 3.459868E-03
-41.8262 3.478140E-03
-41.8062 3.496561E-03
-41.7861 3.515131E-03
-41.7661 3.533852E-03
-41.7461 3.552725E-03
-41.7261 3.571752E-03
-41.7061 3.590935E-03
-41.6861 3.610275E-03
-41.6661 3.629775E-03
-41.6461 3.649436E-03
-41.6261 3.669259E-03
-41.6061 3.689247E-03
-41.5860 3.709402E-03
-41.5660 3.729724E-03
-41.5460 3.750217E-03
-41.5260 3.770882E-03
-41.5060 3.791721E-03
-41.4860 3.812735E-03
-41.4660 3.833928E-03
-41.4460 3.855301E-03
-41.4260 3.876855E-03
-41.4060 3.898594E-03
-41.3859 3.920519E-03
-41.3659 3.942633E-03
-41.3459 3.964936E-03
-41.3259 3.987433E-03
-41.3059 4.010124E-03
-41.2859 4.033013E-03
-41.2659 4.056101E-03
-41.2459 4.079391E-03
-41.2259 4.102885E-03
-41.2059 4.126585E-03
-41.1858 4.150495E-03
-41.1658 4.174616E-03
-41.1458 4.198951E-03
-41.1258 4.223502E-03
-41.1058 4.248273E-03
-41.0858 4.273266E-03
-41.0658 4.298483E-03
-41.0458 4.323927E-03
-41.0258 4.349600E-03
-41.0058 4.375507E-03
-40.9857 4.401649E-03
-40.9657 4.428029E-03
-40.9457 4.454651E-03
-40.9257 4.481516E-03
-40.9057 4.508629E-03
-40.8857 4.535992E-03
-40.8657 4.563608E-03
-40.8457 4.591481E-03
-40.8257 4.619613E-03
-40.8057 4.648009E-03
-40.7856 4.676671E-03
-40.7656 4.705602E-03
-40.7456 4.734806E-03
-40.7256 4.764286E-03
-40.7056 4.794047E-03
-40.6856 4.824090E-03
-40.6656 4.854421E-03
-40.6456 4.885042E-03
-40.6256 4.915959E-03
-40.6056 4.947173E-03
-40.5855 4.978689E-03
-40.5655 5.010512E-03
-40.5455 5.042645E-03
-40.5255 5.075091E-03
-40.5055 5.107856E-03
-40.4855 5.140943E-03
-40.4655 5.174357E-03
-40.4455 5.208102E-03
-40.4255 5.242182E-03
-40.4055 5.276602E-03
-40.3854 5.311366E-03
-40.3654 5.346480E-03
-40.3454 5.381947E-03
-40.3254 5.417773E-03
-40.3054 5.453961E-03
-40.2854 5.490519E-03
-40.2654 5.527449E-03
-40.2454 5.564758E-03
-40.2254 5.602450E-03
-40.2054 5.640531E-03
-40.1853 5.679007E-03
-40.1653 5.717882E-03
-40.1453 5.757162E-03
-40.1253 5.796854E-03
-40.1053 5.836962E-03
-40.0853 5.877492E-03
-40.0653 5.918452E-03
-40.0453 5.959845E-03
-40.0253 6.001679E-03
-40.0053 6.043961E-03
-39.9852 6.086697E-03
-39.9652 6.129891E-03
-39.9452 6.173553E-03
-39.9252 6.217688E-03
-39.9052 6.262303E-03
-39.8852 6.307407E-03
-39.8652 6.353003E-03
-39.8452 6.399102E-03
-39.8252 6.445710E-03
-39.8052 6.492835E-03
-39.7851 6.540484E-03
-39.7651 6.588665E-03
-39.7451 6.637387E-03
-39.7251 6.686655E-03
-39.7051 6.736482E-03
-39.6851 6.786872E-03
-39.6651 6.837837E-03
-39.6451 6.889383E-03
-39.6251 6.941521E-03
-39.6051 6.994259E-03
-39.5850 7.047606E-03
-39.5650 7.101572E-03
-39.5450 7.156168E-03
-39.5250 7.211401E-03
-39.5050 7.267282E-03
-39.4850 7.323824E-03
-39.4650 7.381033E-03
-39.4450 7.438922E-03
-39.4250 7.497502E-03
-39.4050 7.556783E-03
-39.3849 7.616778E-03
-39.3649 7.677495E-03
-39.3449 7.738950E-03
-39.3249 7.801152E-03
-39.3049 7.864115E-03
-39.2849 7.927851E-03
-39.2649 7.992371E-03
-39.2449 8.057689E-03
-39.2249 8.123820E-03
-39.2049 8.190777E-03
-39.1848 8.258572E-03
-39.1648 8.327220E-03
-39.1448 8.396735E-03
-39.1248 8.467133E-03
-39.1048 8.538427E-03
-39.0848 8.610634E-03
-39.0648 8.683770E-03
-39.0448 8.757848E-03
-39.0248 8.832889E-03
-39.0048 8.908906E-03
-38.9847 8.985916E-03
-38.9647 9.063941E-03
-38.9447 9.142994E-03
-38.9247 9.223093E-03
-38.9047 9.304260E-03
-38.8847 9.386513E-03
-38.8647 9.469871E-03
-38.8447 9.554352E-03
-38.8247 9.639980E-03
-38.8047 9.726774E-03
-38.7846 9.814755E-03
-38.7646 9.903945E-03
-38.7446 9.994368E-03
-38.7246 1.008604E-02
-38.7046 1.017900E-02
-38.6846 1.027325E-02
-38.6646 1.036883E-02
-38.6446 1.046577E-02
-38.6246 1.056408E-02
-38.6046 1.066379E-02
-38.5845 1.076493E-02
-38.5645 1.086753E-02
-38.5445 1.097161E-02
-38.5245 1.107721E-02
-38.5045 1.118436E-02
-38.4845 1.129308E-02
-38.4645 1.140340E-02
-38.4445 1.151536E-02
-38.4245 1.162899E-02
-38.4045 1.174432E-02
-38.3844 1.186139E-02
-38.3644 1.198024E-02
-38.3444 1.210089E-02
-38.3244 1.222338E-02
-38.3044 1.234776E-02
-38.2844 1.247407E-02
-38.2644 1.260234E-02
-38.2444 1.273260E-02
-38.2244 1.286492E-02
-38.2044 1.299932E-02
-38.1843 1.313586E-02
-38.1643 1.327457E-02
-38.1443 1.341551E-02
-38.1243 1.355872E-02
-38.1043 1.370425E-02
-38.0843 1.385216E-02
-38.0643 1.400249E-02
-38.0443 1.415530E-02
-38.0243 1.431064E-02
-38.0043 1.446857E-02
-37.9842 1.462915E-02
-37.9642 1.479243E-02
-37.9442 1.495849E-02
-37.9242 1.512737E-02
-37.9042 1.529915E-02
-37.8842 1.547390E-02
-37.8642 1.565167E-02
-37.8442 1.583255E-02
-37.8242 1.601660E-02
-37.8042 1.620390E-02
-37.7841 1.639453E-02
-37.7641 1.658857E-02
-37.7441 1.678609E-02
-37.7241 1.698719E-02
-37.7041 1.719195E-02
-37.6841 1.740046E-02
-37.6641 1.761281E-02
-37.6441 1.782909E-02
-37.6241 1.804941E-02
-37.6041 1.827387E-02
-37.5840 1.850256E-02
-37.5640 1.873561E-02
-37.5440 1.897311E-02
-37.5240 1.921519E-02
-37.5040 1.946197E-02
-37.4840 1.971356E-02
-37.4640 1.997009E-02
-37.4440 2.023169E-02
-37.4240 2.049850E-02
-37.4040 2.077066E-02
-37.3839 2.104830E-02
-37.3639 2.133159E-02
-37.3439 2.162068E-02
-37.3239 2.191572E-02
-37.3039 2.221688E-02
-37.2839 2.252433E-02
-37.2639 2.283824E-02
-37.2439 2.315881E-02
-37.2239 2.348622E-02
-37.2039 2.382067E-02
-37.1838 2.416235E-02
-37.1638 2.451149E-02
-37.1438 2.486830E-02
-37.1238 2.523301E-02
-37.1038 2.560586E-02
-37.0838 2.598708E-02
-37.0638 2.637693E-02
-37.0438 2.677568E-02
-37.0238 2.718360E-02
-37.0038 2.760098E-02
-36.9837 2.802810E-02
-36.9637 2.846528E-02
-36.9437 2.891284E-02
-36.9237 2.937111E-02
-36.9037 2.984043E-02
-36.8837 3.032116E-02
-36.8637 3.081368E-02
-36.8437 3.131839E-02
-36.8237 3.183567E-02
-36.8037 3.236597E-02
-36.7836 3.290972E-02
-36.7636 3.346738E-02
-36.7436 3.403943E-02
-36.7236 3.462637E-02
-36.7036 3.522873E-02
-36.6836 3.584706E-02
-36.6636 3.648194E-02
-36.6436 3.713394E-02
-36.6236 3.780371E-02
-36.6036 3.849188E-02
-36.5835 3.919916E-02
-36.5635 3.992625E-02
-36.5435 4.067391E-02
-36.5235 4.144292E-02
-36.5035 4.223412E-02
-36.4835 4.304836E-02
-36.4635 4.388655E-02
-36.4435 4.474965E-02
-36.4235 4.563867E-02
-36.4035 4.655465E-02
-36.3834 4.749870E-02
-36.3634 4.847200E-02
-36.3434 4.947576E-02
-36.3234 5.051128E-02
-36.3034 5.157993E-02
-36.2834 5.268313E-02
-36.2634 5.382242E-02
-36.2434 5.499939E-02
-36.2234 5.621572E-02
-36.2034 5.747322E-02
-36.1833 5.877376E-02
-36.1633 6.011937E-02
-36.1433 6.151214E-02
-36.1233 6.295435E-02
-36.1033 6.444836E-02
-36.0833 6.599672E-02
-36.0633 6.760210E-02
-36.0433 6.926739E-02
-36.0233 7.099561E-02
-36.0033 7.279001E-02
-35.9832 7.465403E-02
-35.9632 7.659138E-02
-35.9432 7.860597E-02
-35.9232 8.070201E-02
-35.9032 8.288401E-02
-35.8832 8.515677E-02
-35.8632 8.752545E-02
-35.8432 8.999559E-02
-35.8232 9.257313E-02
-35.8032 9.526446E-02
-35.7831 9.807648E-02
-35.7631 1.010166E-01
-35.7431 1.040927E-01
-35.7231 1.073137E-01
-35.7031 1.106887E-01
-35.6831 1.142278E-01
-35.6631 1.179422E-01
-35.6431 1.218437E-01
-35.6231 1.259452E-01
-35.6031 1.302610E-01
-35.5830 1.348064E-01
-35.5630 1.395984E-01
-35.5430 1.446553E-01
-35.5230 1.499975E-01
-35.5030 1.556472E-01
-35.4830 1.616289E-01
-35.4630 1.679696E-01
-35.4430 1.746995E-01
-35.4230 1.818515E-01
-35.4030 1.894626E-01
-35.3829 1.975739E-01
-35.3629 2.062312E-01
-35.3429 2.154859E-01
-35.3229 2.253958E-01
-35.3029 2.360259E-01
-35.2829 2.474497E-01
-35.2629 2.597508E-01
-35.2429 2.730241E-01
-35.2229 2.873783E-01
-35.2029 3.029381E-01
-35.1828 3.198472E-01
-35.1628 3.382728E-01
-35.1428 3.584088E-01
-35.1228 3.804830E-01
-35.1028 4.047636E-01
-35.0828 4.315691E-01
-35.0628 4.612800E-01
-35.0428 4.943547E-01
-35.0228 5.313506E-01
-35.0028 5.729517E-01
-34.9827 6.200056E-01
-34.9627 6.735773E-01
-34.9427 7.350204E-01
-34.9227 8.060833E-01
-34.9027 8.890626E-01
-34.8827 9.870326E-01
-34.8627 1.104198E+00
-34.8427 1.246456E+00
-34.8227 1.422277E+00
-34.8027 1.644147E+00
-34.7826 1.930783E+00
-34.7626 2.309902E+00
-34.7426 2.818716E+00
-34.7226 3.490261E+00
-34.7026 4.310515E+00
-34.6826 5.220848E+00
-34.6626 6.264340E+00
-34.6426 7.510420E+00
-34.6226 8.833922E+00
-34.6026 1.014898E+01
-34.5825 1.166645E+01
-34.5625 1.362120E+01
-34.5425 1.557989E+01
-34.5225 1.667663E+01
-34.5025 1.693897E+01
-34.4825 1.693656E+01
-34.4625 1.654752E+01
-34.4425 1.564155E+01
-34.4225 1.456769E+01
-34.4025 1.378333E+01
-34.3824 1.362746E+01
-34.3624 1.403667E+01
-34.3424 1.461522E+01
-34.3224 1.515968E+01
-34.3024 1.584700E+01
-34.2824 1.661093E+01
-34.2624 1.687614E+01
-34.2424 1.628565E+01
-34.2224 1.530562E+01
-34.2024 1.457052E+01
-34.1823 1.417791E+01
-34.1623 1.377938E+01
-34.1423 1.286507E+01
-34.1223 1.121799E+01
-34.1023 9.056177E+00
-34.0823 6.953349E+00
-34.0623 5.302532E+00
-34.0423 4.118950E+00
-34.0223 3.282055E+00
-34.0023 2.679884E+00
-33.9822 2.234984E+00
-33.9622 1.897344E+00
-33.9422 1.634764E+00
-33.9222 1.426140E+00
-33.9022 1.257290E+00
-33.8822 1.118429E+00
-33.8622 1.002635E+00
-33.8422 9.049068E-01
-33.8222 8.215491E-01
-33.8022 7.497830E-01
-33.7821 6.874828E-01
-33.7621 6.329994E-01
-33.7421 5.850356E-01
-33.7221 5.425580E-01
-33.7021 5.047344E-01
-33.6821 4.708885E-01
-33.6621 4.404650E-01
-33.6421 4.130039E-01
-33.6221 3.881226E-01
-33.6021 3.654987E-01
-33.5820 3.448598E-01
-33.5620 3.259747E-01
-33.5420 3.086452E-01
-33.5220 2.927008E-01
-33.5020 2.779944E-01
-33.4820 2.643983E-01
-33.4620 2.518009E-01
-33.4420 2.401048E-01
-33.4220 2.292243E-01
-33.4020 2.190837E-01
-33.3819 2.096161E-01
-33.3619 2.007622E-01
-33.3419 1.924692E-01
-33.3219 1.846897E-01
-33.3019 1.773816E-01
-33.2819 1.705069E-01
-33.2619 1.640315E-01
-33.2419 1.579245E-01
-33.2219 1.521581E-01
-33.2019 1.467071E-01
-33.1818 1.415485E-01
-33.1618 1.366615E-01
-33.1418 1.320271E-01
-33.1218 1.276280E-01
-33.1018 1.234484E-01
-33.0818 1.194736E-01
-33.0618 1.156904E-01
-33.0418 1.120864E-01
-33.0218 1.086505E-01
-33.0018 1.053722E-01
-32.9817 1.022419E-01
-32.9617 9.925075E-02
-32.9417 9.639052E-02
-32.9217 9.365364E-02
-32.9017 9.103300E-02
-32.8817 8.852209E-02
-32.8617 8.611480E-02
-32.8417 8.380544E-02
-32.8217 8.158873E-02
-32.8017 7.945972E-02
-32.7816 7.741384E-02
-32.7616 7.544675E-02
-32.7416 7.355445E-02
-32.7216 7.173315E-02
-32.7016 6.997932E-02
-32.6816 6.828965E-02
-32.6616 6.666099E-02
-32.6416 6.509047E-02
-32.6216 6.357530E-02
-32.6016 6.211291E-02
-32.5815 6.070085E-02
-32.5615 5.933682E-02
-32.5415 5.801865E-02
-32.5215 5.674431E-02
-32.5015 5.551184E-02
-32.4815 5.431944E-02
-32.4615 5.316536E-02
-32.4415 5.204799E-02
-32.4215 5.096576E-02
-32.4015 4.991722E-02
-32.3814 4.890096E-02
-32.3614 4.791567E-02
-32.3414 4.696011E-02
-32.3214 4.603307E-02
-32.3014 4.513343E-02
-32.2814 4.426011E-02
-32.2614 4.341210E-02
-32.2414 4.258842E-02
-32.2214 4.178814E-02
-32.2014 4.101038E-02
-32.1813 4.025430E-02
-32.1613 3.951910E-02
-32.1413 3.880401E-02
-32.1213 3.810830E-02
-32.1013 3.743128E-02
-32.0813 3.677229E-02
-32.0613 3.613067E-02
-32.0413 3.550583E-02
-32.0213 3.489718E-02
-32.0013 3.430416E-02
-31.9812 3.372625E-02
-31.9612 3.316294E-02
-31.9412 3.261373E-02
-31.9212 3.207815E-02
-31.9012 3.155575E-02
-31.8812 3.104612E-02
-31.8612 3.054883E-02
-31.8412 3.006348E-02
-31.8212 2.958969E-02
-31.8012 2.912710E-02
-31.7811 2.867537E-02
-31.7611 2.823414E-02
-31.7411 2.780310E-02
-31.7211 2.738193E-02
-31.7011 2.697033E-02
-31.6811 2.656802E-02
-31.6611 2.617472E-02
-31.6411 2.579016E-02
-31.6211 2.541407E-02
-31.6011 2.504622E-02
-31.5810 2.468637E-02
-31.5610 2.433427E-02
-31.5410 2.398972E-02
-31.5210 2.365250E-02
-31.5010 2.332240E-02
-31.4810 2.299921E-02
-31.4610 2.268276E-02
-31.4410 2.237284E-02
-31.4210 2.206929E-02
-31.4010 2.177193E-02
-31.3809 2.148060E-02
-31.3609 2.119512E-02
-31.3409 2.091534E-02
-31.3209 2.064112E-02
-31.3009 2.037230E-02
-31.2809 2.010875E-02
-31.2609 1.985033E-02
-31.2409 1.959690E-02
-31.2209 1.934834E-02
-31.2009 1.910452E-02
-31.1808 1.886532E-02
-31.1608 1.863064E-02
-31.1408 1.840034E-02
-31.1208 1.817434E-02
-31.1008 1.795251E-02
-31.0808 1.773475E-02
-31.0608 1.752098E-02
-31.0408 1.731109E-02
-31.0208 1.710498E-02
-31.0008 1.690257E-02
-30.9807 1.670377E-02
-30.9607 1.650849E-02
-30.9407 1.631665E-02
-30.9207 1.612817E-02
-30.9007 1.594297E-02
-30.8807 1.576098E-02
-30.8607 1.558213E-02
-30.8407 1.540633E-02
-30.8207 1.523352E-02
-30.8007 1.506364E-02
-30.7806 1.489662E-02
-30.7606 1.473239E-02
-30.7406 1.457090E-02
-30.7206 1.441207E-02
-30.7006 1.425586E-02
-30.6806 1.410220E-02
-30.6606 1.395105E-02
-30.6406 1.380234E-02
-30.6206 1.365603E-02
-30.6006 1.351206E-02
-30.5805 1.337038E-02
-30.5605 1.323095E-02
-30.5405 1.309372E-02
-30.5205 1.295864E-02
-30.5005 1.282566E-02
-30.4805 1.269475E-02
-30.4605 1.256586E-02
-30.4405 1.243895E-02
-30.4205 1.231398E-02
-30.4005 1.219090E-02
-30.3804 1.206969E-02
-30.3604 1.195031E-02
-30.3404 1.183271E-02
-30.3204 1.171686E-02
-30.3004 1.160273E-02
-30.2804 1.149029E-02
-30.2604 1.137949E-02
-30.2404 1.127032E-02
-30.2204 1.116273E-02
-30.2004 1.105670E-02
-30.1803 1.095220E-02
-30.1603 1.084919E-02
-30.1403 1.074765E-02
-30.1203 1.064756E-02
-30.1003 1.054888E-02
-30.0803 1.045158E-02
-30.0603 1.035565E-02
-30.0403 1.026106E-02
-30.0203 1.016777E-02
-30.0003 1.007578E-02
-29.9802 9.985048E-03
-29.9602 9.895560E-03
-29.9402 9.807289E-03
-29.9202 9.720215E-03
-29.9002 9.634315E-03
-29.8802 9.549573E-03
-29.8602 9.465961E-03
-29.8402 9.383463E-03
-29.8202 9.302061E-03
-29.8002 9.221732E-03
-29.7801 9.142461E-03
-29.7601 9.064225E-03
-29.7401 8.987008E-03
-29.7201 8.910795E-03
-29.7001 8.835565E-03
-29.6801 8.761304E-03
-29.6601 8.687993E-03
-29.6401 8.615619E-03
-29.6201 8.544163E-03
-29.6001 8.473611E-03
-29.5800 8.403949E-03
-29.5600 8.335159E-03
-29.5400 8.267227E-03
-29.5200 8.200142E-03
-29.5000 8.133890E-03
-29.4800 8.068454E-03
-29.4600 8.003821E-03
-29.4400 7.939981E-03
-29.4200 7.876919E-03
-29.4000 7.814624E-03
-29.3799 7.753082E-03
-29.3599 7.692279E-03
-29.3399 7.632204E-03
-29.3199 7.572848E-03
-29.2999 7.514201E-03
-29.2799 7.456251E-03
-29.2599 7.398981E-03
-29.2399 7.342388E-03
-29.2199 7.286458E-03
-29.1999 7.231179E-03
-29.1798 7.176545E-03
-29.1598 7.122543E-03
-29.1398 7.069167E-03
-29.1198 7.016402E-03
-29.0998 6.964241E-03
-29.0798 6.912679E-03
-29.0598 6.861700E-03
-29.0398 6.811300E-03
-29.0198 6.761461E-03
-28.9998 6.712193E-03
-28.9797 6.663472E-03
-28.9597 6.615299E-03
-28.9397 6.567658E-03
-28.9197 6.520547E-03
-28.8997 6.473953E-03
-28.8797 6.427876E-03
-28.8597 6.382306E-03
-28.8397 6.337228E-03
-28.8197 6.292646E-03
-28.7997 6.248541E-03
-28.7796 6.204914E-03
-28.7596 6.161761E-03
-28.7396 6.119073E-03
-28.7196 6.076832E-03
-28.6996 6.035047E-03
-28.6796 5.993706E-03
-28.6596 5.952802E-03
-28.6396 5.912334E-03
-28.6196 5.872284E-03
-28.5996 5.832663E-03
-28.5795 5.793450E-03
-28.5595 5.754647E-03
-28.5395 5.716245E-03
-28.5195 5.678235E-03
-28.4995 5.640619E-03
-28.4795 5.603402E-03
-28.4595 5.566545E-03
-28.4395 5.530086E-03
-28.4195 5.493981E-03
-28.3995 5.458253E-03
-28.3794 5.422876E-03
-28.3594 5.387833E-03
-28.3394 5.353181E-03
-28.3194 5.318864E-03
-28.2994 5.284870E-03
-28.2794 5.251234E-03
-28.2594 5.217923E-03
-28.2394 5.184951E-03
-28.2194 5.152304E-03
-28.1994 5.119971E-03
-28.1793 5.087937E-03
-28.1593 5.056257E-03
-28.1393 5.024846E-03
-28.1193 4.993765E-03
-28.0993 4.962957E-03
-28.0793 4.932500E-03
-28.0593 4.902273E-03
-28.0393 4.872369E-03
-28.0193 4.842770E-03
-27.9993 4.813386E-03
-27.9792 4.784334E-03
-27.9592 4.755514E-03
-27.9392 4.726987E-03
-27.9192 4.698819E-03
-27.8992 4.670785E-03
-27.8792 4.643058E-03
-27.8592 4.615613E-03
-27.8392 4.588415E-03
-27.8192 4.561405E-03
-27.7992 4.534712E-03
-27.7791 4.508299E-03
-27.7591 4.482100E-03
-27.7391 4.456045E-03
-27.7191 4.430305E-03
-27.6991 4.404827E-03
-27.6791 4.379545E-03
-27.6591 4.354259E-03
-27.6391 4.329792E-03
-27.6191 4.305087E-03
-27.5991 4.280415E-03
-27.5790 4.256251E-03
-27.5590 4.232514E-03
-27.5390 4.209034E-03
-27.5190 4.185421E-03
-27.4990 4.162640E-03
-27.4790 4.138572E-03
-27.4590 4.116302E-03
-27.4390 4.093188E-03
-27.4190 4.071133E-03
-27.3990 4.049395E-03
-27.3789 4.026038E-03
-27.3589 4.005236E-03
-27.3389 3.986036E-03
-27.3189 3.964468E-03
-27.2989 3.927947E-03
-27.2789 3.914072E-03
-27.2589 3.893696E-03
-27.2389 3.901023E-03
-27.2189 3.866457E-03
-27.1989 3.820148E-03
-27.1788 3.801185E-03
-27.1588 3.828445E-03
-27.1388 3.864479E-03
-27.1188 3.643929E-03
-27.0988 3.958534E-03
-27.0788 3.827875E-03
-27.0588 3.744603E-03
-27.0388 3.691433E-03
-27.0188 3.664545E-03
-26.9988 3.618890E-03
-26.9787 3.631714E-03
-26.9587 3.582045E-03
-26.9387 3.598687E-03
-26.9187 3.572061E-03
-26.8987 3.550334E-03
-26.8787 3.526053E-03
-26.8587 3.512635E-03
-26.8387 3.490712E-03
-26.8187 3.475319E-03
-26.7987 3.459913E-03
-26.7786 3.447005E-03
-26.7586 3.428279E-03
-26.7386 3.411959E-03
-26.7186 3.391820E-03
-26.6986 3.376485E-03
-26.6786 3.359635E-03
-26.6586 3.344187E-03
-26.6386 3.327494E-03
-26.6186 3.311565E-03
-26.5986 3.294890E-03
-26.5785 3.278803E-03
-26.5585 3.264242E-03
-26.5385 3.248853E-03
-26.5185 3.232831E-03
-26.4985 3.217145E-03
-26.4785 3.202465E-03
-26.4585 3.186503E-03
-26.4385 3.172142E-03
-26.4185 3.157208E-03
-26.3985 3.141820E-03
-26.3784 3.127647E-03
-26.3584 3.112597E-03
-26.3384 3.098605E-03
-26.3184 3.084675E-03
-26.2984 3.070204E-03
-26.2784 3.056001E-03
-26.2584 3.041762E-03
-26.2384 3.028011E-03
-26.2184 3.014582E-03
-26.1984 3.000826E-03
-26.1783 2.987167E-03
-26.1583 2.973447E-03
-26.1383 2.960435E-03
-26.1183 2.947040E-03
-26.0983 2.934000E-03
-26.0783 2.921020E-03
-26.0583 2.907973E-03
-26.0383 2.895250E-03
-26.0183 2.882339E-03
-25.9983 2.869621E-03
-25.9782 2.857072E-03
-25.9582 2.844787E-03
-25.9382 2.832147E-03
-25.9182 2.819874E-03
-25.8982 2.807922E-03
-25.8782 2.795825E-03
-25.8582 2.783627E-03
-25.8382 2.771733E-03
-25.8182 2.759953E-03
-25.7982 2.748236E-03
-25.7781 2.736573E-03
-25.7581 2.724874E-03
-25.7381 2.713437E-03
-25.7181 2.702050E-03
-25.6981 2.690639E-03
-25.6781 2.679546E-03
-25.6581 2.668290E-03
-25.6381 2.657218E-03
-25.6181 2.646244E-03
-25.5981 2.635358E-03
-25.5780 2.624526E-03
-25.5580 2.613747E-03
-25.5380 2.603098E-03
-25.5180 2.592392E-03
-25.4980 2.581854E-03
-25.4780 2.571476E-03
-25.4580 2.561179E-03
-25.4380 2.550850E-03
-25.4180 2.540598E-03
-25.3980 2.530393E-03
-25.3779 2.520358E-03
-25.3579 2.510309E-03
-25.3379 2.500392E-03
-25.3179 2.490551E-03
-25.2979 2.480752E-03
-25.2779 2.471026E-03
-25.2579 2.461303E-03
-25.2379 2.451690E-03
-25.2179 2.442221E-03
-25.1979 2.432752E-03
-25.1778 2.423388E-03
-25.1578 2.414079E-03
-25.1378 2.404783E-03
-25.1178 2.395656E-03
-25.0978 2.386518E-03
-25.0778 2.377438E-03
-25.0578 2.368370E-03
-25.0378 2.359453E-03
-25.0178 2.350594E-03
-24.9978 2.341799E-03
-24.9777 2.333046E-03
-24.9577 2.324344E-03
-24.9377 2.315746E-03
-24.9177 2.307150E-03
-24.8977 2.298656E-03
-24.8777 2.290211E-03
-24.8577 2.281816E-03
-24.8377 2.273463E-03
-24.8177 2.265207E-03
-24.7977 2.257004E-03
-24.7776 2.248846E-03
-24.7576 2.240775E-03
-24.7376 2.232704E-03
-24.7176 2.224728E-03
-24.6976 2.216753E-03
-24.6776 2.208868E-03
-24.6576 2.201069E-03
-24.6376 2.193305E-03
-24.6176 2.185590E-03
-24.5976 2.177919E-03
-24.5775 2.170287E-03
-24.5575 2.162745E-03
-24.5375 2.155235E-03
-24.5175 2.147773E-03
-24.4975 2.140384E-03
-24.4775 2.133036E-03
-24.4575 2.125729E-03
-24.4375 2.118494E-03
-24.4175 2.111267E-03
-24.3975 2.104146E-03
-24.3774 2.097066E-03
-24.3574 2.090024E-03
-24.3374 2.082991E-03
-24.3174 2.076054E-03
-24.2974 2.069126E-03
-24.2774 2.062293E-03
-24.2574 2.055475E-03
-24.2374 2.048720E-03
-24.2174 2.041998E-03
-24.1974 2.035349E-03
-24.1773 2.028728E-03
-24.1573 2.022149E-03
-24.1373 2.015633E-03
-24.1173 2.009153E-03
-24.0973 2.002730E-03
-24.0773 1.996322E-03
-24.0573 1.989995E-03
-24.0373 1.983678E-03
-24.0173 1.977450E-03
-23.9973 1.971227E-03
-23.9772 1.965068E-03
-23.9572 1.958963E-03
-23.9372 1.952878E-03
-23.9172 1.946855E-03
-23.8972 1.940861E-03
-23.8772 1.934936E-03
-23.8572 1.929021E-03
-23.8372 1.923168E-03
-23.8172 1.917363E-03
-23.7972 1.911597E-03
-23.7771 1.905862E-03
-23.7571 1.900203E-03
-23.7371 1.894574E-03
-23.7171 1.888957E-03
-23.6971 1.883415E-03
-23.6771 1.877910E-03
-23.6571 1.872451E-03
-23.6371 1.867009E-03
-23.6171 1.861640E-03
-23.5971 1.856318E-03
-23.5770 1.851014E-03
-23.5570 1.845758E-03
-23.5370 1.840557E-03
-23.5170 1.835387E-03
-23.4970 1.830266E-03
-23.4770 1.825184E-03
-23.4570 1.820148E-03
-23.4370 1.815150E-03
-23.4170 1.810203E-03
-23.3970 1.805319E-03
-23.3769 1.800457E-03
-23.3569 1.795646E-03
-23.3369 1.790865E-03
-23.3169 1.786156E-03
-23.2969 1.781463E-03
-23.2769 1.776848E-03
-23.2569 1.772259E-03
-23.2369 1.767708E-03
-23.2169 1.763211E-03
-23.1969 1.758766E-03
-23.1768 1.754376E-03
-23.1568 1.750023E-03
-23.1368 1.745727E-03
-23.1168 1.741470E-03
-23.0968 1.737278E-03
-23.0768 1.733121E-03
-23.0568 1.729029E-03
-23.0368 1.724983E-03
-23.0168 1.720993E-03
-22.9968 1.717067E-03
-22.9767 1.713168E-03
-22.9567 1.709357E-03
-22.9367 1.705595E-03
-22.9167 1.701897E-03
-22.8967 1.698235E-03
-22.8767 1.694656E-03
-22.8567 1.691143E-03
-22.8367 1.687693E-03
-22.8167 1.684304E-03
-22.7967 1.680987E-03
-22.7766 1.677730E-03
-22.7566 1.674562E-03
-22.7366 1.671456E-03
-22.7166 1.668431E-03
-22.6966 1.665489E-03
-22.6766 1.662635E-03
-22.6566 1.659856E-03
-22.6366 1.657163E-03
-22.6166 1.654571E-03
-22.5966 1.652071E-03
-22.5765 1.649659E-03
-22.5565 1.647354E-03
-22.5365 1.645149E-03
-22.5165 1.643055E-03
-22.4965 1.641082E-03
-22.4765 1.639222E-03
-22.4565 1.637486E-03
-22.4365 1.635880E-03
-22.4165 1.634409E-03
-22.3965 1.633070E-03
-22.3764 1.631882E-03
-22.3564 1.630855E-03
-22.3364 1.629975E-03
-22.3164 1.629270E-03
-22.2964 1.628740E-03
-22.2764 1.628404E-03
-22.2564 1.628240E-03
-22.2364 1.628283E-03
-22.2164 1.628545E-03
-22.1964 1.629035E-03
-22.1763 1.629749E-03
-22.1563 1.630711E-03
-22.1363 1.631934E-03
-22.1163 1.633414E-03
-22.0963 1.635201E-03
-22.0763 1.637269E-03
-22.0563 1.639659E-03
-22.0363 1.642372E-03
-22.0163 1.645446E-03
-21.9963 1.648873E-03
-21.9762 1.652689E-03
-21.9562 1.656910E-03
-21.9362 1.661548E-03
-21.9162 1.666634E-03
-21.8962 1.672189E-03
-21.8762 1.678225E-03
-21.8562 1.684777E-03
-21.8362 1.691873E-03
-21.8162 1.699536E-03
-21.7962 1.707780E-03
-21.7761 1.716653E-03
-21.7561 1.726157E-03
-21.7361 1.736344E-03
-21.7161 1.747230E-03
-21.6961 1.758835E-03
-21.6761 1.771206E-03
-21.6561 1.784357E-03
-21.6361 1.798334E-03
-21.6161 1.813136E-03
-21.5961 1.828810E-03
-21.5760 1.845388E-03
-21.5560 1.862853E-03
-21.5360 1.881270E-03
-21.5160 1.900632E-03
-21.4960 1.920975E-03
-21.4760 1.942276E-03
-21.4560 1.964575E-03
-21.4360 1.987871E-03
-21.4160 2.012153E-03
-21.3960 2.037413E-03
-21.3759 2.063649E-03
-21.3559 2.090818E-03
-21.3359 2.118924E-03
-21.3159 2.147916E-03
-21.2959 2.177743E-03
-21.2759 2.208381E-03
-21.2559 2.239749E-03
-21.2359 2.271806E-03
-21.2159 2.304450E-03
-21.1959 2.692087E-03
-21.1758 2.371253E-03
-21.1558 2.405220E-03
-21.1358 2.439431E-03
-21.1158 2.473799E-03
-21.0958 2.508221E-03
-21.0758 2.542570E-03
-21.0558 2.576774E-03
-21.0358 2.610688E-03
-21.0158 2.644251E-03
-20.9958 2.677325E-03
-20.9757 2.709843E-03
-20.9557 2.741703E-03
-20.9357 3.010279E-03
-20.9157 2.803157E-03
-20.8957 2.832603E-03
-20.8757 3.081864E-03
-20.8557 2.888704E-03
-20.8357 2.915266E-03
-20.8157 2.940814E-03
-20.7957 2.965313E-03
-20.7756 2.988789E-03
-20.7556 3.011232E-03
-20.7356 3.032668E-03
-20.7156 3.053114E-03
-20.6956 3.072593E-03
-20.6756 3.091149E-03
-20.6556 3.108831E-03
-20.6356 3.125673E-03
-20.6156 3.241842E-03
-20.5956 3.157083E-03
-20.5755 3.171744E-03
-20.5555 3.222503E-03
-20.5355 3.199278E-03
-20.5155 3.212269E-03
-20.4955 3.224817E-03
-20.4755 3.236987E-03
-20.4555 3.248830E-03
-20.4355 3.260389E-03
-20.4155 3.271742E-03
-20.3955 3.282916E-03
-20.3754 3.293988E-03
-20.3554 3.304977E-03
-20.3354 3.315952E-03
-20.3154 3.326938E-03
-20.2954 3.536190E-03
-20.2754 3.349147E-03
-20.2554 3.422688E-03
-20.2354 3.371894E-03
-20.2154 3.383567E-03
-20.1954 3.395474E-03
-20.1753 3.407657E-03
-20.1553 3.420125E-03
-20.1353 3.432910E-03
-20.1153 3.446057E-03
-20.0953 3.459561E-03
-20.0753 3.473467E-03
-20.0553 3.487797E-03
-20.0353 3.502557E-03
-20.0153 3.517777E-03
-19.9953 3.533455E-03
-19.9752 3.989842E-03
-19.9552 3.566325E-03
-19.9352 3.757577E-03
-19.9152 3.601276E-03
-19.8952 3.619582E-03
-19.8752 3.638451E-03
-19.8552 3.657902E-03
-19.8352 3.677955E-03
-19.8152 3.698608E-03
-19.7952 3.719883E-03
-19.7751 3.741789E-03
-19.7551 3.764344E-03
-19.7351 3.787544E-03
-19.7151 3.811423E-03
-19.6951 3.835980E-03
-19.6751 3.861210E-03
-19.6551 4.642208E-03
-19.6351 3.913799E-03
-19.6151 4.268018E-03
-19.5951 3.969284E-03
-19.5750 3.998136E-03
-19.5550 4.027748E-03
-19.5350 4.058119E-03
-19.5150 4.089243E-03
-19.4950 4.121176E-03
-19.4750 4.153897E-03
-19.4550 4.187422E-03
-19.4350 4.221759E-03
-19.4150 4.256924E-03
-19.3950 4.292924E-03
-19.3749 4.329756E-03
-19.3549 4.367477E-03
-19.3349 5.525369E-03
-19.3149 4.445478E-03
-19.2949 4.994337E-03
-19.2749 4.527024E-03
-19.2549 4.569158E-03
-19.2349 4.612208E-03
-19.2149 4.656165E-03
-19.1949 4.701066E-03
-19.1748 4.746913E-03
-19.1548 4.793712E-03
-19.1348 4.841474E-03
-19.1148 4.890210E-03
-19.0948 4.939906E-03
-19.0748 4.990600E-03
-19.0548 5.042282E-03
-19.0348 5.094983E-03
-19.0148 6.637220E-03
-18.9948 5.203371E-03
-18.9747 5.966888E-03
-18.9547 5.315884E-03
-18.9347 5.373671E-03
-18.9147 5.432510E-03
-18.8947 5.492367E-03
-18.8747 5.553286E-03
-18.8547 5.615238E-03
-18.8347 5.678222E-03
-18.8147 5.742259E-03
-18.7947 5.807347E-03
-18.7746 5.873481E-03
-18.7546 5.940636E-03
-18.7346 6.008833E-03
-18.7146 6.078046E-03
-18.6946 7.896193E-03
-18.6746 6.219550E-03
-18.6546 7.173456E-03
-18.6346 6.365051E-03
-18.6146 6.439268E-03
-18.5946 6.514445E-03
-18.5745 6.590570E-03
-18.5545 6.667605E-03
-18.5345 6.745574E-03
-18.5145 6.824396E-03
-18.4945 6.904077E-03
-18.4745 6.984601E-03
-18.4545 7.065927E-03
-18.4345 7.148029E-03
-18.4145 7.230869E-03
-18.3945 7.314423E-03
-18.3744 9.138437E-03
-18.3544 7.483520E-03
-18.3344 8.512574E-03
-18.3144 7.655012E-03
-18.2944 7.741557E-03
-18.2744 7.828567E-03
-18.2544 7.916018E-03
-18.2344 8.003846E-03
-18.2144 8.092010E-03
-18.1944 8.180476E-03
-18.1743 8.269164E-03
-18.1543 8.358042E-03
-18.1343 8.447052E-03
-18.1143 8.536150E-03
-18.0943 8.625279E-03
-18.0743 8.714369E-03
-18.0543 1.020621E-02
-18.0343 8.892304E-03
-18.0143 9.803096E-03
-17.9943 9.069492E-03
-17.9742 9.157696E-03
-17.9542 9.245525E-03
-17.9342 9.332992E-03
-17.9142 9.420010E-03
-17.8942 9.506530E-03
-17.8742 9.592506E-03
-17.8542 9.677896E-03
-17.8342 9.762667E-03
-17.8142 9.846750E-03
-17.7942 9.930124E-03
-17.7741 1.001272E-02
-17.7541 1.009455E-02
-17.7341 1.105313E-02
-17.7141 1.025566E-02
-17.6941 1.088822E-02
-17.6741 1.041320E-02
-17.6541 1.049053E-02
-17.6341 1.056694E-02
-17.6141 1.064230E-02
-17.5941 1.071667E-02
-17.5740 1.079002E-02
-17.5540 1.086231E-02
-17.5340 1.093355E-02
-17.5140 1.100375E-02
-17.4940 1.107288E-02
-17.4740 1.114094E-02
-17.4540 1.120793E-02
-17.4340 1.127384E-02
-17.4140 1.175353E-02
-17.3940 1.140253E-02
-17.3739 1.173888E-02
-17.3539 1.152704E-02
-17.3339 1.158777E-02
-17.3139 1.164749E-02
-17.2939 1.170624E-02
-17.2739 1.176403E-02
-17.2539 1.182087E-02
-17.2339 1.187679E-02
-17.2139 1.193183E-02
-17.1939 1.198600E-02
-17.1738 1.203935E-02
-17.1538 1.209188E-02
-17.1338 1.214364E-02
-17.1138 1.219466E-02
-17.0938 1.243276E-02
-17.0738 1.229457E-02
-17.0538 1.244714E-02
-17.0338 1.239192E-02
-17.0138 1.243971E-02
-16.9938 1.248696E-02
-16.9737 1.253373E-02
-16.9537 1.258001E-02
-16.9337 1.262586E-02
-16.9137 1.267133E-02
-16.8937 1.271643E-02
-16.8737 1.276122E-02
-16.8537 1.280572E-02
-16.8337 1.284996E-02
-16.8137 1.289402E-02
-16.7937 1.293789E-02
-16.7736 1.320662E-02
-16.7536 1.302527E-02
-16.7336 1.314789E-02
-16.7136 1.311239E-02
-16.6936 1.315594E-02
-16.6736 1.319953E-02
-16.6536 1.324319E-02
-16.6336 1.328696E-02
-16.6136 1.333087E-02
-16.5936 1.337495E-02
-16.5735 1.341923E-02
-16.5535 1.346376E-02
-16.5335 1.350853E-02
-16.5135 1.355363E-02
-16.4935 1.359904E-02
-16.4735 1.364480E-02
-16.4535 1.415739E-02
-16.4335 1.373750E-02
-16.4135 1.395976E-02
-16.3935 1.383196E-02
-16.3734 1.387992E-02
-16.3534 1.392839E-02
-16.3334 1.397740E-02
-16.3134 1.402695E-02
-16.2934 1.407712E-02
-16.2734 1.412790E-02
-16.2534 1.417929E-02
-16.2334 1.423133E-02
-16.2134 1.428406E-02
-16.1934 1.433746E-02
-16.1733 1.439159E-02
-16.1533 1.444644E-02
-16.1333 1.532828E-02
-16.1133 1.455842E-02
-16.0933 1.496383E-02
-16.0733 1.467350E-02
-16.0533 1.473225E-02
-16.0333 1.479183E-02
-16.0133 1.485225E-02
-15.9933 1.491352E-02
-15.9732 1.497563E-02
-15.9532 1.503864E-02
-15.9332 1.510254E-02
-15.9132 1.516733E-02
-15.8932 1.523301E-02
-15.8732 1.529963E-02
-15.8532 1.536714E-02
-15.8332 1.543560E-02
-15.8132 1.672464E-02
-15.7932 1.557535E-02
-15.7731 1.619950E-02
-15.7531 1.571888E-02
-15.7331 1.579207E-02
-15.7131 1.586623E-02
-15.6931 1.594135E-02
-15.6731 1.601743E-02
-15.6531 1.609448E-02
-15.6331 1.617252E-02
-15.6131 1.625150E-02
-15.5931 1.633148E-02
-15.5730 1.641241E-02
-15.5530 1.649432E-02
-15.5330 1.657718E-02
-15.5130 1.666101E-02
-15.4930 1.831836E-02
-15.4730 1.683154E-02
-15.4530 1.766673E-02
-15.4330 1.700588E-02
-15.4130 1.709446E-02
-15.3930 1.718400E-02
-15.3729 1.727444E-02
-15.3529 1.736581E-02
-15.3329 1.745812E-02
-15.3129 1.755132E-02
-15.2929 1.764543E-02
-15.2729 1.774040E-02
-15.2529 1.783626E-02
-15.2329 1.793302E-02
-15.2129 1.803062E-02
-15.1929 1.812908E-02
-15.1728 2.005402E-02
-15.1528 1.832849E-02
-15.1328 1.933135E-02
-15.1128 1.853115E-02
-15.0928 1.863367E-02
-15.0728 1.873697E-02
-15.0528 1.884105E-02
-15.0328 1.894585E-02
-15.0128 1.905141E-02
-14.9928 1.915766E-02
-14.9727 1.926463E-02
-14.9527 1.937228E-02
-14.9327 1.948059E-02
-14.9127 1.958955E-02
-14.8927 1.969917E-02
-14.8727 1.980941E-02
-14.8527 3.520932E-02
-14.8327 2.003163E-02
-14.8127 2.113191E-02
-14.7927 2.025612E-02
-14.7726 2.036917E-02
-14.7526 2.048273E-02
-14.7326 2.059677E-02
-14.7126 2.071129E-02
-14.6926 2.082624E-02
-14.6726 2.094163E-02
-14.6526 2.105743E-02
-14.6326 2.117361E-02
-14.6126 2.129017E-02
-14.5926 2.140708E-02
-14.5725 2.152431E-02
-14.5525 2.164187E-02
-14.5325 3.669178E-02
-14.5125 2.187780E-02
-14.4925 3.687819E-02
