-40.7098 5.151039E-04
-40.6898 5.160293E-04
-40.6698 5.169568E-04
-40.6498 5.178876E-04
-40.6298 5.188204E-04
-40.6097 5.197561E-04
-40.5897 5.206947E-04
-40.5697 5.216360E-04
-40.5497 5.225797E-04
-40.5297 5.235263E-04
-40.5097 5.244755E-04
-40.4897 5.254276E-04
-40.4697 5.263824E-04
-40.4497 5.273401E-04
-40.4297 5.283005E-04
-40.4096 5.292637E-04
-40.3896 5.302294E-04
-40.3696 5.311983E-04
-40.3496 5.321701E-04
-40.3296 5.331442E-04
-40.3096 5.341217E-04
-40.2896 5.351016E-04
-40.2696 5.360848E-04
-40.2496 5.370704E-04
-40.2296 5.380595E-04
-40.2095 5.390511E-04
-40.1895 5.400455E-04
-40.1695 5.410433E-04
-40.1495 5.420438E-04
-40.1295 5.430471E-04
-40.1095 5.440534E-04
-40.0895 5.450628E-04
-40.0695 5.460751E-04
-40.0495 5.470904E-04
-40.0295 5.481088E-04
-40.0094 5.491301E-04
-39.9894 5.501542E-04
-39.9694 5.511818E-04
-39.9494 5.522125E-04
-39.9294 5.532457E-04
-39.9094 5.542826E-04
-39.8894 5.553221E-04
-39.8694 5.563652E-04
-39.8494 5.574109E-04
-39.8294 5.584602E-04
-39.8093 5.595124E-04
-39.7893 5.605677E-04
-39.7693 5.616262E-04
-39.7493 5.626878E-04
-39.7293 5.637528E-04
-39.7093 5.648209E-04
-39.6893 5.658924E-04
-39.6693 5.669671E-04
-39.6493 5.680449E-04
-39.6293 5.691263E-04
-39.6092 5.702102E-04
-39.5892 5.712981E-04
-39.5692 5.723892E-04
-39.5492 5.734834E-04
-39.5292 5.745812E-04
-39.5092 5.756821E-04
-39.4892 5.767863E-04
-39.4692 5.778941E-04
-39.4492 5.790053E-04
-39.4292 5.801197E-04
-39.4091 5.812376E-04
-39.3891 5.823589E-04
-39.3691 5.834838E-04
-39.3491 5.846121E-04
-39.3291 5.857437E-04
-39.3091 5.868787E-04
-39.2891 5.880175E-04
-39.2691 5.891598E-04
-39.2491 5.903053E-04
-39.2291 5.914550E-04
-39.2090 5.926076E-04
-39.1890 5.937638E-04
-39.1690 5.949242E-04
-39.1490 5.960878E-04
-39.1290 5.972549E-04
-39.1090 5.984256E-04
-39.0890 5.996002E-04
-39.0690 6.007785E-04
-39.0490 6.019604E-04
-39.0290 6.031459E-04
-39.0089 6.043349E-04
-38.9889 6.055282E-04
-38.9689 6.067251E-04
-38.9489 6.079254E-04
-38.9289 6.091299E-04
-38.9089 6.103379E-04
-38.8889 6.115496E-04
-38.8689 6.127652E-04
-38.8489 6.139848E-04
-38.8289 6.152082E-04
-38.8088 6.164355E-04
-38.7888 6.176667E-04
-38.7688 6.189018E-04
-38.7488 6.201409E-04
-38.7288 6.213837E-04
-38.7088 6.226309E-04
-38.6888 6.238814E-04
-38.6688 6.251367E-04
-38.6488 6.263954E-04
-38.6288 6.276582E-04
-38.6087 6.289250E-04
-38.5887 6.301959E-04
-38.5687 6.314711E-04
-38.5487 6.327504E-04
-38.5287 6.340338E-04
-38.5087 6.353215E-04
-38.4887 6.366127E-04
-38.4687 6.379087E-04
-38.4487 6.392084E-04
-38.4287 6.405129E-04
-38.4086 6.418211E-04
-38.3886 6.431336E-04
-38.3686 6.444505E-04
-38.3486 6.457717E-04
-38.3286 6.470972E-04
-38.3086 6.484271E-04
-38.2886 6.497613E-04
-38.2686 6.510994E-04
-38.2486 6.524426E-04
-38.2286 6.537896E-04
-38.2085 6.551415E-04
-38.1885 6.564977E-04
-38.1685 6.578581E-04
-38.1485 6.592232E-04
-38.1285 6.605927E-04
-38.1085 6.619667E-04
-38.0885 6.633454E-04
-38.0685 6.647283E-04
-38.0485 6.661161E-04
-38.0285 6.675083E-04
-38.0084 6.689051E-04
-37.9884 6.703070E-04
-37.9684 6.717131E-04
-37.9484 6.731239E-04
-37.9284 6.745395E-04
-37.9084 6.759595E-04
-37.8884 6.773847E-04
-37.8684 6.788147E-04
-37.8484 6.802492E-04
-37.8284 6.816883E-04
-37.8083 6.831329E-04
-37.7883 6.845819E-04
-37.7683 6.860359E-04
-37.7483 6.874947E-04
-37.7283 6.889582E-04
-37.7083 6.904272E-04
-37.6883 6.919010E-04
-37.6683 6.933795E-04
-37.6483 6.948630E-04
-37.6283 6.963516E-04
-37.6082 6.978458E-04
-37.5882 6.993442E-04
-37.5682 7.008483E-04
-37.5482 7.023572E-04
-37.5282 7.038713E-04
-37.5082 7.053909E-04
-37.4882 7.069154E-04
-37.4682 7.084451E-04
-37.4482 7.099801E-04
-37.4282 7.115205E-04
-37.4081 7.130663E-04
-37.3881 7.146173E-04
-37.3681 7.161734E-04
-37.3481 7.177346E-04
-37.3281 7.193020E-04
-37.3081 7.208744E-04
-37.2881 7.224524E-04
-37.2681 7.240358E-04
-37.2481 7.256244E-04
-37.2281 7.272189E-04
-37.2080 7.288187E-04
-37.1880 7.304240E-04
-37.1680 7.320350E-04
-37.1480 7.336517E-04
-37.1280 7.352741E-04
-37.1080 7.369024E-04
-37.0880 7.385360E-04
-37.0680 7.401751E-04
-37.0480 7.418208E-04
-37.0280 7.434718E-04
-37.0079 7.451287E-04
-36.9879 7.467910E-04
-36.9679 7.484598E-04
-36.9479 7.501340E-04
-36.9279 7.518143E-04
-36.9079 7.535006E-04
-36.8879 7.551928E-04
-36.8679 7.568912E-04
-36.8479 7.585952E-04
-36.8279 7.603060E-04
-36.8078 7.620224E-04
-36.7878 7.637451E-04
-36.7678 7.654739E-04
-36.7478 7.672090E-04
-36.7278 7.689499E-04
-36.7078 7.706972E-04
-36.6878 7.724515E-04
-36.6678 7.742110E-04
-36.6478 7.759775E-04
-36.6278 7.777504E-04
-36.6077 7.795294E-04
-36.5877 7.813148E-04
-36.5677 7.831068E-04
-36.5477 7.849055E-04
-36.5277 7.867106E-04
-36.5077 7.885222E-04
-36.4877 7.903402E-04
-36.4677 7.921650E-04
-36.4477 7.939966E-04
-36.4277 7.958350E-04
-36.4076 7.976796E-04
-36.3876 7.995313E-04
-36.3676 8.013897E-04
-36.3476 8.032550E-04
-36.3276 8.051275E-04
-36.3076 8.070062E-04
-36.2876 8.088922E-04
-36.2676 8.107851E-04
-36.2476 8.126847E-04
-36.2276 8.145919E-04
-36.2075 8.165057E-04
-36.1875 8.184269E-04
-36.1675 8.203553E-04
-36.1475 8.222905E-04
-36.1275 8.242335E-04
-36.1075 8.261833E-04
-36.0875 8.281400E-04
-36.0675 8.301047E-04
-36.0475 8.320763E-04
-36.0275 8.340554E-04
-36.0074 8.360423E-04
-35.9874 8.380361E-04
-35.9674 8.400381E-04
-35.9474 8.420473E-04
-35.9274 8.440634E-04
-35.9074 8.460882E-04
-35.8874 8.481201E-04
-35.8674 8.501598E-04
-35.8474 8.522069E-04
-35.8274 8.542624E-04
-35.8073 8.563254E-04
-35.7873 8.583965E-04
-35.7673 8.604748E-04
-35.7473 8.625613E-04
-35.7273 8.646561E-04
-35.7073 8.667592E-04
-35.6873 8.688697E-04
-35.6673 8.709886E-04
-35.6473 8.731158E-04
-35.6273 8.752507E-04
-35.6072 8.773942E-04
-35.5872 8.795461E-04
-35.5672 8.817066E-04
-35.5472 8.838749E-04
-35.5272 8.860510E-04
-35.5072 8.882368E-04
-35.4872 8.904304E-04
-35.4672 8.926329E-04
-35.4472 8.948435E-04
-35.4272 8.970629E-04
-35.4071 8.992913E-04
-35.3871 9.015279E-04
-35.3671 9.037736E-04
-35.3471 9.060283E-04
-35.3271 9.082914E-04
-35.3071 9.105638E-04
-35.2871 9.128453E-04
-35.2671 9.151354E-04
-35.2471 9.174349E-04
-35.2271 9.197429E-04
-35.2070 9.220603E-04
-35.1870 9.243872E-04
-35.1670 9.267232E-04
-35.1470 9.290685E-04
-35.1270 9.314230E-04
-35.1070 9.337870E-04
-35.0870 9.361599E-04
-35.0670 9.385428E-04
-35.0470 9.409356E-04
-35.0270 9.433374E-04
-35.0069 9.457494E-04
-34.9869 9.481705E-04
-34.9669 9.506019E-04
-34.9469 9.530424E-04
-34.9269 9.554933E-04
-34.9069 9.579544E-04
-34.8869 9.604252E-04
-34.8669 9.629058E-04
-34.8469 9.653966E-04
-34.8269 9.678973E-04
-34.8068 9.704083E-04
-34.7868 9.729301E-04
-34.7668 9.754618E-04
-34.7468 9.780038E-04
-34.7268 9.805562E-04
-34.7068 9.831191E-04
-34.6868 9.856926E-04
-34.6668 9.882767E-04
-34.6468 9.908716E-04
-34.6268 9.934769E-04
-34.6067 9.960929E-04
-34.5867 9.987201E-04
-34.5667 1.001358E-03
-34.5467 1.004007E-03
-34.5267 1.006667E-03
-34.5067 1.009338E-03
-34.4867 1.012020E-03
-34.4667 1.014713E-03
-34.4467 1.017418E-03
-34.4267 1.020134E-03
-34.4066 1.022861E-03
-34.3866 1.025600E-03
-34.3666 1.028350E-03
-34.3466 1.031112E-03
-34.3266 1.033885E-03
-34.3066 1.036671E-03
-34.2866 1.039468E-03
-34.2666 1.042276E-03
-34.2466 1.045097E-03
-34.2266 1.047929E-03
-34.2065 1.050774E-03
-34.1865 1.053632E-03
-34.1665 1.056501E-03
-34.1465 1.059383E-03
-34.1265 1.062276E-03
-34.1065 1.065182E-03
-34.0865 1.068100E-03
-34.0665 1.071032E-03
-34.0465 1.073976E-03
-34.0265 1.076932E-03
-34.0064 1.079901E-03
-33.9864 1.082884E-03
-33.9664 1.085878E-03
-33.9464 1.088886E-03
-33.9264 1.091908E-03
-33.9064 1.094942E-03
-33.8864 1.097990E-03
-33.8664 1.101051E-03
-33.8464 1.104125E-03
-33.8264 1.107212E-03
-33.8063 1.110314E-03
-33.7863 1.113428E-03
-33.7663 1.116557E-03
-33.7463 1.119699E-03
-33.7263 1.122855E-03
-33.7063 1.126025E-03
-33.6863 1.129209E-03
-33.6663 1.132408E-03
-33.6463 1.135621E-03
-33.6263 1.138847E-03
-33.6062 1.142088E-03
-33.5862 1.145344E-03
-33.5662 1.148614E-03
-33.5462 1.151899E-03
-33.5262 1.155199E-03
-33.5062 1.158513E-03
-33.4862 1.161843E-03
-33.4662 1.165186E-03
-33.4462 1.168546E-03
-33.4262 1.171921E-03
-33.4061 1.175310E-03
-33.3861 1.178715E-03
-33.3661 1.182136E-03
-33.3461 1.185571E-03
-33.3261 1.189023E-03
-33.3061 1.192491E-03
-33.2861 1.195974E-03
-33.2661 1.199474E-03
-33.2461 1.202990E-03
-33.2261 1.206521E-03
-33.2060 1.210069E-03
-33.1860 1.213632E-03
-33.1660 1.217213E-03
-33.1460 1.220810E-03
-33.1260 1.224423E-03
-33.1060 1.228054E-03
-33.0860 1.231701E-03
-33.0660 1.235366E-03
-33.0460 1.239046E-03
-33.0260 1.242745E-03
-33.0059 1.246461E-03
-32.9859 1.250194E-03
-32.9659 1.253944E-03
-32.9459 1.257713E-03
-32.9259 1.261498E-03
-32.9059 1.265302E-03
-32.8859 1.269123E-03
-32.8659 1.272963E-03
-32.8459 1.276821E-03
-32.8259 1.280698E-03
-32.8058 1.284592E-03
-32.7858 1.288506E-03
-32.7658 1.292437E-03
-32.7458 1.296387E-03
-32.7258 1.300357E-03
-32.7058 1.304345E-03
-32.6858 1.308353E-03
-32.6658 1.312379E-03
-32.6458 1.316425E-03
-32.6258 1.320491E-03
-32.6057 1.324576E-03
-32.5857 1.328682E-03
-32.5657 1.332806E-03
-32.5457 1.336951E-03
-32.5257 1.341116E-03
-32.5057 1.345301E-03
-32.4857 1.349507E-03
-32.4657 1.353734E-03
-32.4457 1.357980E-03
-32.4257 1.362249E-03
-32.4056 1.366537E-03
-32.3856 1.370847E-03
-32.3656 1.375178E-03
-32.3456 1.379530E-03
-32.3256 1.383905E-03
-32.3056 1.388300E-03
-32.2856 1.392717E-03
-32.2656 1.397157E-03
-32.2456 1.401618E-03
-32.2256 1.406102E-03
-32.2055 1.410608E-03
-32.1855 1.415137E-03
-32.1655 1.419689E-03
-32.1455 1.424262E-03
-32.1255 1.428859E-03
-32.1055 1.433479E-03
-32.0855 1.438123E-03
-32.0655 1.442791E-03
-32.0455 1.447481E-03
-32.0255 1.452196E-03
-32.0054 1.456935E-03
-31.9854 1.461698E-03
-31.9654 1.466484E-03
-31.9454 1.471296E-03
-31.9254 1.476132E-03
-31.9054 1.480993E-03
-31.8854 1.485878E-03
-31.8654 1.490789E-03
-31.8454 1.495725E-03
-31.8254 1.500687E-03
-31.8053 1.505674E-03
-31.7853 1.510688E-03
-31.7653 1.515727E-03
-31.7453 1.520792E-03
-31.7253 1.525884E-03
-31.7053 1.531003E-03
-31.6853 1.536148E-03
-31.6653 1.541321E-03
-31.6453 1.546519E-03
-31.6253 1.551747E-03
-31.6052 1.557001E-03
-31.5852 1.562282E-03
-31.5652 1.567592E-03
-31.5452 1.572931E-03
-31.5252 1.578297E-03
-31.5052 1.583691E-03
-31.4852 1.589116E-03
-31.4652 1.594568E-03
-31.4452 1.600049E-03
-31.4252 1.605560E-03
-31.4051 1.611100E-03
-31.3851 1.616671E-03
-31.3651 1.622272E-03
-31.3451 1.627902E-03
-31.3251 1.633562E-03
-31.3051 1.639254E-03
-31.2851 1.644977E-03
-31.2651 1.650731E-03
-31.2451 1.656516E-03
-31.2251 1.662332E-03
-31.2050 1.668181E-03
-31.1850 1.674060E-03
-31.1650 1.679974E-03
-31.1450 1.685918E-03
-31.1250 1.691896E-03
-31.1050 1.697907E-03
-31.0850 1.703951E-03
-31.0650 1.710028E-03
-31.0450 1.716139E-03
-31.0250 1.722285E-03
-31.0049 1.728465E-03
-30.9849 1.734678E-03
-30.9649 1.740927E-03
-30.9449 1.747211E-03
-30.9249 1.753530E-03
-30.9049 1.759885E-03
-30.8849 1.766275E-03
-30.8649 1.772701E-03
-30.8449 1.779164E-03
-30.8249 1.785663E-03
-30.8048 1.792199E-03
-30.7848 1.798773E-03
-30.7648 1.805384E-03
-30.7448 1.812033E-03
-30.7248 1.818719E-03
-30.7048 1.825445E-03
-30.6848 1.832209E-03
-30.6648 1.839012E-03
-30.6448 1.845854E-03
-30.6248 1.852736E-03
-30.6047 1.859657E-03
-30.5847 1.866619E-03
-30.5647 1.873620E-03
-30.5447 1.880664E-03
-30.5247 1.887748E-03
-30.5047 1.894873E-03
-30.4847 1.902040E-03
-30.4647 1.909251E-03
-30.4447 1.916501E-03
-30.4247 1.923796E-03
-30.4046 1.931134E-03
-30.3846 1.938515E-03
-30.3646 1.945942E-03
-30.3446 1.953410E-03
-30.3246 1.960923E-03
-30.3046 1.968482E-03
-30.2846 1.976086E-03
-30.2646 1.983735E-03
-30.2446 1.991430E-03
-30.2246 1.999173E-03
-30.2045 2.006961E-03
-30.1845 2.014797E-03
-30.1645 2.022679E-03
-30.1445 2.030610E-03
-30.1245 2.038589E-03
-30.1045 2.046617E-03
-30.0845 2.054694E-03
-30.0645 2.062820E-03
-30.0445 2.070996E-03
-30.0245 2.079222E-03
-30.0044 2.087500E-03
-29.9844 2.095828E-03
-29.9644 2.104208E-03
-29.9444 2.112639E-03
-29.9244 2.121123E-03
-29.9044 2.129660E-03
-29.8844 2.138251E-03
-29.8644 2.146894E-03
-29.8444 2.155592E-03
-29.8244 2.164345E-03
-29.8043 2.173153E-03
-29.7843 2.182016E-03
-29.7643 2.190936E-03
-29.7443 2.199912E-03
-29.7243 2.208945E-03
-29.7043 2.218035E-03
-29.6843 2.227183E-03
-29.6643 2.236390E-03
-29.6443 2.245656E-03
-29.6243 2.254980E-03
-29.6042 2.264367E-03
-29.5842 2.273812E-03
-29.5642 2.283318E-03
-29.5442 2.292887E-03
-29.5242 2.302517E-03
-29.5042 2.312210E-03
-29.4842 2.321967E-03
-29.4642 2.331787E-03
-29.4442 2.341671E-03
-29.4242 2.351621E-03
-29.4041 2.361635E-03
-29.3841 2.371717E-03
-29.3641 2.381864E-03
-29.3441 2.392079E-03
-29.3241 2.402361E-03
-29.3041 2.412712E-03
-29.2841 2.423133E-03
-29.2641 2.433622E-03
-29.2441 2.444182E-03
-29.2241 2.454812E-03
-29.2040 2.465515E-03
-29.1840 2.476289E-03
-29.1640 2.487137E-03
-29.1440 2.498058E-03
-29.1240 2.509052E-03
-29.1040 2.520122E-03
-29.0840 2.531268E-03
-29.0640 2.542490E-03
-29.0440 2.553789E-03
-29.0240 2.565165E-03
-29.0039 2.576620E-03
-28.9839 2.588154E-03
-28.9639 2.599767E-03
-28.9439 2.611461E-03
-28.9239 2.623238E-03
-28.9039 2.635095E-03
-28.8839 2.647036E-03
-28.8639 2.659060E-03
-28.8439 2.671169E-03
-28.8239 2.683363E-03
-28.8038 2.695643E-03
-28.7838 2.708010E-03
-28.7638 2.720464E-03
-28.7438 2.733008E-03
-28.7238 2.745640E-03
-28.7038 2.758363E-03
-28.6838 2.771177E-03
-28.6638 2.784082E-03
-28.6438 2.797082E-03
-28.6238 2.810174E-03
-28.6037 2.823361E-03
-28.5837 2.836644E-03
-28.5637 2.850023E-03
-28.5437 2.863500E-03
-28.5237 2.877075E-03
-28.5037 2.890750E-03
-28.4837 2.904525E-03
-28.4637 2.918401E-03
-28.4437 2.932379E-03
-28.4237 2.946462E-03
-28.4036 2.960649E-03
-28.3836 2.974941E-03
-28.3636 2.989339E-03
-28.3436 3.003845E-03
-28.3236 3.018460E-03
-28.3036 3.033184E-03
-28.2836 3.048020E-03
-28.2636 3.062966E-03
-28.2436 3.078026E-03
-28.2236 3.093202E-03
-28.2035 3.108492E-03
-28.1835 3.123899E-03
-28.1635 3.139424E-03
-28.1435 3.155068E-03
-28.1235 3.170833E-03
-28.1035 3.186717E-03
-28.0835 3.202726E-03
-28.0635 3.218858E-03
-28.0435 3.235116E-03
-28.0235 3.251501E-03
-28.0034 3.268014E-03
-27.9834 3.284656E-03
-27.9634 3.301429E-03
-27.9434 3.318332E-03
-27.9234 3.335371E-03
-27.9034 3.352543E-03
-27.8834 3.369853E-03
-27.8634 3.387301E-03
-27.8434 3.404888E-03
-27.8234 3.422615E-03
-27.8033 3.440484E-03
-27.7833 3.458498E-03
-27.7633 3.476656E-03
-27.7433 3.494963E-03
-27.7233 3.513417E-03
-27.7033 3.532020E-03
-27.6833 3.550777E-03
-27.6633 3.569687E-03
-27.6433 3.588753E-03
-27.6233 3.607974E-03
-27.6032 3.627354E-03
-27.5832 3.646896E-03
-27.5632 3.666599E-03
-27.5432 3.686466E-03
-27.5232 3.706499E-03
-27.5032 3.726701E-03
-27.4832 3.747071E-03
-27.4632 3.767612E-03
-27.4432 3.788328E-03
-27.4232 3.809218E-03
-27.4031 3.830287E-03
-27.3831 3.851534E-03
-27.3631 3.872964E-03
-27.3431 3.894577E-03
-27.3231 3.916376E-03
-27.3031 3.938362E-03
-27.2831 3.960539E-03
-27.2631 3.982906E-03
-27.2431 4.005471E-03
-27.2231 4.028231E-03
-27.2030 4.051190E-03
-27.1830 4.074351E-03
-27.1630 4.097715E-03
-27.1430 4.121286E-03
-27.1230 4.145065E-03
-27.1030 4.169055E-03
-27.0830 4.193259E-03
-27.0630 4.217680E-03
-27.0430 4.242321E-03
-27.0230 4.267180E-03
-27.0029 4.292267E-03
-26.9829 4.317577E-03
-26.9629 4.343120E-03
-26.9429 4.368894E-03
-26.9229 4.394903E-03
-26.9029 4.421151E-03
-26.8829 4.447641E-03
-26.8629 4.474374E-03
-26.8429 4.501355E-03
-26.8229 4.528585E-03
-26.8028 4.556069E-03
-26.7828 4.583810E-03
-26.7628 4.611809E-03
-26.7428 4.640074E-03
-26.7228 4.668604E-03
-26.7028 4.697402E-03
-26.6828 4.726475E-03
-26.6628 4.755825E-03
-26.6428 4.785454E-03
-26.6228 4.815368E-03
-26.6027 4.845568E-03
-26.5827 4.876061E-03
-26.5627 4.906849E-03
-26.5427 4.937934E-03
-26.5227 4.969325E-03
-26.5027 5.001019E-03
-26.4827 5.033027E-03
-26.4627 5.065347E-03
-26.4427 5.097990E-03
-26.4227 5.130952E-03
-26.4026 5.164244E-03
-26.3826 5.197869E-03
-26.3626 5.231827E-03
-26.3426 5.266127E-03
-26.3226 5.300775E-03
-26.3026 5.335772E-03
-26.2826 5.371123E-03
-26.2626 5.406835E-03
-26.2426 5.442911E-03
-26.2226 5.479358E-03
-26.2025 5.516178E-03
-26.1825 5.553380E-03
-26.1625 5.590970E-03
-26.1425 5.628948E-03
-26.1225 5.667321E-03
-26.1025 5.706098E-03
-26.0825 5.745283E-03
-26.0625 5.784881E-03
-26.0425 5.824897E-03
-26.0225 5.865340E-03
-26.0024 5.906214E-03
-25.9824 5.947525E-03
-25.9624 5.989280E-03
-25.9424 6.031488E-03
-25.9224 6.074148E-03
-25.9024 6.117274E-03
-25.8824 6.160870E-03
-25.8624 6.204946E-03
-25.8424 6.249501E-03
-25.8224 6.294551E-03
-25.8023 6.340098E-03
-25.7823 6.386153E-03
-25.7623 6.432721E-03
-25.7423 6.479810E-03
-25.7223 6.527429E-03
-25.7023 6.575583E-03
-25.6823 6.624288E-03
-25.6623 6.673544E-03
-25.6423 6.723362E-03
-25.6223 6.773751E-03
-25.6022 6.824718E-03
-25.5822 6.876280E-03
-25.5622 6.928436E-03
-25.5422 6.981200E-03
-25.5222 7.034582E-03
-25.5022 7.088586E-03
-25.4822 7.143233E-03
-25.4622 7.198525E-03
-25.4422 7.254471E-03
-25.4222 7.311088E-03
-25.4021 7.368382E-03
-25.3821 7.426366E-03
-25.3621 7.485051E-03
-25.3421 7.544452E-03
-25.3221 7.604570E-03
-25.3021 7.665427E-03
-25.2821 7.727031E-03
-25.2621 7.789395E-03
-25.2421 7.852532E-03
-25.2221 7.916456E-03
-25.2020 7.981178E-03
-25.1820 8.046717E-03
-25.1620 8.113075E-03
-25.1420 8.180276E-03
-25.1220 8.248332E-03
-25.1020 8.317258E-03
-25.0820 8.387068E-03
-25.0620 8.457777E-03
-25.0420 8.529403E-03
-25.0220 8.601960E-03
-25.0019 8.675465E-03
-24.9819 8.749935E-03
-24.9619 8.825385E-03
-24.9419 8.901836E-03
-24.9219 8.979303E-03
-24.9019 9.057806E-03
-24.8819 9.137362E-03
-24.8619 9.217992E-03
-24.8419 9.299715E-03
-24.8219 9.382547E-03
-24.8018 9.466516E-03
-24.7818 9.551643E-03
-24.7618 9.637943E-03
-24.7418 9.725436E-03
-24.7218 9.814152E-03
-24.7018 9.904118E-03
-24.6818 9.995344E-03
-24.6618 1.008786E-02
-24.6418 1.018170E-02
-24.6218 1.027687E-02
-24.6017 1.037341E-02
-24.5817 1.047135E-02
-24.5617 1.057070E-02
-24.5417 1.067150E-02
-24.5217 1.077379E-02
-24.5017 1.087757E-02
-24.4817 1.098290E-02
-24.4617 1.108979E-02
-24.4417 1.119828E-02
-24.4217 1.130840E-02
-24.4016 1.142020E-02
-24.3816 1.153368E-02
-24.3616 1.164890E-02
-24.3416 1.176589E-02
-24.3216 1.188469E-02
-24.3016 1.200533E-02
-24.2816 1.212785E-02
-24.2616 1.225230E-02
-24.2416 1.237871E-02
-24.2216 1.250712E-02
-24.2015 1.263759E-02
-24.1815 1.277016E-02
-24.1615 1.290485E-02
-24.1415 1.304173E-02
-24.1215 1.318086E-02
-24.1015 1.332226E-02
-24.0815 1.346599E-02
-24.0615 1.361212E-02
-24.0415 1.376068E-02
-24.0215 1.391175E-02
-24.0014 1.406536E-02
-23.9814 1.422159E-02
-23.9614 1.438048E-02
-23.9414 1.454212E-02
-23.9214 1.470655E-02
-23.9014 1.487384E-02
-23.8814 1.504407E-02
-23.8614 1.521730E-02
-23.8414 1.539361E-02
-23.8214 1.557306E-02
-23.8013 1.575573E-02
-23.7813 1.594171E-02
-23.7613 1.613107E-02
-23.7413 1.632390E-02
-23.7213 1.652029E-02
-23.7013 1.672032E-02
-23.6813 1.692409E-02
-23.6613 1.713169E-02
-23.6413 1.734321E-02
-23.6213 1.755878E-02
-23.6012 1.777848E-02
-23.5812 1.800242E-02
-23.5612 1.823071E-02
-23.5412 1.846348E-02
-23.5212 1.870084E-02
-23.5012 1.894290E-02
-23.4812 1.918982E-02
-23.4612 1.944173E-02
-23.4412 1.969873E-02
-23.4212 1.996099E-02
-23.4011 2.022864E-02
-23.3811 2.050185E-02
-23.3611 2.078076E-02
-23.3411 2.106557E-02
-23.3211 2.135639E-02
-23.3011 2.165346E-02
-23.2811 2.195689E-02
-23.2611 2.226693E-02
-23.2411 2.258378E-02
-23.2211 2.290759E-02
-23.2010 2.323859E-02
-23.1810 2.357702E-02
-23.1610 2.392312E-02
-23.1410 2.427706E-02
-23.1210 2.463918E-02
-23.1010 2.500966E-02
-23.0810 2.538878E-02
-23.0610 2.577684E-02
-23.0410 2.617412E-02
-23.0210 2.658096E-02
-23.0009 2.699758E-02
-22.9809 2.742439E-02
-22.9609 2.786172E-02
-22.9409 2.830987E-02
-22.9209 2.876930E-02
-22.9009 2.924030E-02
-22.8809 2.972334E-02
-22.8609 3.021884E-02
-22.8409 3.072722E-02
-22.8209 3.124899E-02
-22.8008 3.178455E-02
-22.7808 3.233447E-02
-22.7608 3.289929E-02
-22.7408 3.347954E-02
-22.7208 3.407580E-02
-22.7008 3.468868E-02
-22.6808 3.531885E-02
-22.6608 3.596699E-02
-22.6408 3.663376E-02
-22.6208 3.731996E-02
-22.6007 3.802633E-02
-22.5807 3.875374E-02
-22.5607 3.950300E-02
-22.5407 4.027510E-02
-22.5207 4.107094E-02
-22.5007 4.189158E-02
-22.4807 4.273811E-02
-22.4607 4.361159E-02
-22.4407 4.451332E-02
-22.4207 4.544455E-02
-22.4006 4.640652E-02
-22.3806 4.740087E-02
-22.3606 4.842895E-02
-22.3406 4.949241E-02
-22.3206 5.059297E-02
-22.3006 5.173245E-02
-22.2806 5.291275E-02
-22.2606 5.413592E-02
-22.2406 5.540426E-02
-22.2206 5.672009E-02
-22.2005 5.808594E-02
-22.1805 5.950429E-02
-22.1605 6.097826E-02
-22.1405 6.251081E-02
-22.1205 6.410532E-02
-22.1005 6.576530E-02
-22.0805 6.749460E-02
-22.0605 6.929725E-02
-22.0405 7.117771E-02
-22.0205 7.314099E-02
-22.0004 7.519212E-02
-21.9804 7.733671E-02
-21.9604 7.958094E-02
-21.9404 8.193147E-02
-21.9204 8.439544E-02
-21.9004 8.698104E-02
-21.8804 8.969675E-02
-21.8604 9.255182E-02
-21.8404 9.555711E-02
-21.8204 9.872392E-02
-21.8003 1.020648E-01
-21.7803 1.055939E-01
-21.7603 1.093267E-01
-21.7403 1.132805E-01
-21.7203 1.174741E-01
-21.7003 1.219299E-01
-21.6803 1.266714E-01
-21.6603 1.317258E-01
-21.6403 1.371246E-01
-21.6203 1.429024E-01
-21.6002 1.490991E-01
-21.5802 1.557605E-01
-21.5602 1.629392E-01
-21.5402 1.706964E-01
-21.5202 1.791024E-01
-21.5002 1.882415E-01
-21.4802 1.982112E-01
-21.4602 2.091285E-01
-21.4402 2.211335E-01
-21.4202 2.343950E-01
-21.4001 2.491200E-01
-21.3801 2.655637E-01
-21.3601 2.840448E-01
-21.3401 3.049657E-01
-21.3201 3.288471E-01
-21.3001 3.563645E-01
-21.2801 3.884213E-01
-21.2601 4.262390E-01
-21.2401 4.715186E-01
-21.2201 5.266836E-01
-21.2000 5.952683E-01
-21.1800 6.825943E-01
-21.1600 7.968665E-01
-21.1400 9.509463E-01
-21.1200 1.164707E+00
-21.1000 1.465966E+00
-21.0800 1.879157E+00
-21.0600 2.373164E+00
-21.0400 2.779259E+00
-21.0200 2.889090E+00
-20.9999 2.746173E+00
-20.9799 2.604046E+00
-20.9599 2.644013E+00
-20.9399 2.935535E+00
-20.9199 3.512704E+00
-20.8999 4.349180E+00
-20.8799 5.195793E+00
-20.8599 5.564653E+00
-20.8399 5.315774E+00
-20.8199 4.898656E+00
-20.7998 4.737808E+00
-20.7798 5.013474E+00
-20.7598 5.760035E+00
-20.7398 6.877379E+00
-20.7198 8.036068E+00
-20.6998 8.652590E+00
-20.6798 8.258633E+00
-20.6598 7.172915E+00
-20.6398 6.139246E+00
-20.6198 5.488795E+00
-20.5997 5.191555E+00
-20.5797 5.120124E+00
-20.5597 5.232193E+00
-20.5397 5.610613E+00
-20.5197 6.274822E+00
-20.4997 7.054835E+00
-20.4797 7.685666E+00
-20.4597 7.843330E+00
-20.4397 7.357294E+00
-20.4197 6.588116E+00
-20.3996 5.984770E+00
-20.3796 5.694820E+00
-20.3596 5.542085E+00
-20.3396 5.304579E+00
-20.3196 5.050504E+00
-20.2996 4.884042E+00
-20.2796 4.839835E+00
-20.2596 5.007725E+00
-20.2396 5.450064E+00
-20.2196 6.181841E+00
-20.1995 7.054725E+00
-20.1795 7.649831E+00
-20.1595 7.803211E+00
-20.1395 7.870495E+00
-20.1195 8.063011E+00
-20.0995 8.259072E+00
-20.0795 8.348440E+00
-20.0595 8.320679E+00
-20.0395 8.193015E+00
-20.0195 8.026635E+00
-19.9994 7.925719E+00
-19.9794 7.756774E+00
-19.9594 7.322122E+00
-19.9394 6.816455E+00
-19.9194 6.474240E+00
-19.8994 6.271217E+00
-19.8794 6.057794E+00
-19.8594 5.760009E+00
-19.8394 5.544229E+00
-19.8194 5.561955E+00
-19.7993 5.820123E+00
-19.7793 6.297315E+00
-19.7593 6.900513E+00
-19.7393 7.424376E+00
-19.7193 7.644270E+00
-19.6993 7.501753E+00
-19.6793 7.167327E+00
-19.6593 6.633535E+00
-19.6393 5.661136E+00
-19.6193 4.436881E+00
-19.5992 3.363352E+00
-19.5792 2.572290E+00
-19.5592 2.017193E+00
-19.5392 1.625437E+00
-19.5192 1.342213E+00
-19.4992 1.131607E+00
-19.4792 9.707532E-01
-19.4592 8.449025E-01
-19.4392 7.443480E-01
-19.4192 6.625244E-01
-19.3991 5.948846E-01
-19.3791 5.381908E-01
-19.3591 4.900944E-01
-19.3391 4.488606E-01
-19.3191 4.131745E-01
-19.2991 3.820331E-01
-19.2791 3.546538E-01
-19.2591 3.304208E-01
-19.2391 3.088431E-01
-19.2191 2.895244E-01
-19.1990 2.721425E-01
-19.1790 2.564324E-01
-19.1590 2.421739E-01
-19.1390 2.291831E-01
-19.1190 2.173062E-01
-19.0990 2.064122E-01
-19.0790 1.963894E-01
-19.0590 1.871423E-01
-19.0390 1.785885E-01
-19.0190 1.706569E-01
-18.9989 1.632855E-01
-18.9789 1.564198E-01
-18.9589 1.500124E-01
-18.9389 1.440214E-01
-18.9189 1.384098E-01
-18.8989 1.331447E-01
-18.8789 1.281969E-01
-18.8589 1.235403E-01
-18.8389 1.191516E-01
-18.8189 1.150098E-01
-18.7988 1.110960E-01
-18.7788 1.073933E-01
-18.7588 1.038862E-01
-18.7388 1.005609E-01
-18.7188 9.740464E-02
-18.6988 9.440606E-02
-18.6788 9.155458E-02
-18.6588 8.884075E-02
-18.6388 8.625581E-02
-18.6188 8.379184E-02
-18.5987 8.144164E-02
-18.5787 7.919840E-02
-18.5587 7.705630E-02
-18.5387 7.500968E-02
-18.5187 7.305358E-02
-18.4987 7.118338E-02
-18.4787 6.939510E-02
-18.4587 6.768508E-02
-18.4387 6.605012E-02
-18.4187 6.448745E-02
-18.3986 6.299499E-02
-18.3786 6.157081E-02
-18.3586 6.021413E-02
-18.3386 5.892435E-02
-18.3186 5.770226E-02
-18.2986 5.654921E-02
-18.2786 5.546862E-02
-18.2586 5.446556E-02
-18.2386 5.354800E-02
-18.2186 5.272769E-02
-18.1985 5.202280E-02
-18.1785 5.146020E-02
-18.1585 5.108052E-02
-18.1385 5.094677E-02
-18.1185 5.115867E-02
-18.0985 5.187370E-02
-18.0785 5.334097E-02
-18.0585 5.591485E-02
-18.0385 5.994486E-02
-18.0185 6.519858E-02
-17.9984 7.000269E-02
-17.9784 7.250138E-02
-17.9584 7.239561E-02
-17.9384 6.870543E-02
-17.9184 6.183699E-02
-17.8984 5.475352E-02
-17.8784 4.916211E-02
-17.8584 4.509765E-02
-17.8384 4.213828E-02
-17.8184 3.991253E-02
-17.7983 3.817151E-02
-17.7783 3.675681E-02
-17.7583 3.556845E-02
-17.7383 3.454297E-02
-17.7183 3.363730E-02
-17.6983 3.282200E-02
-17.6783 3.207812E-02
-17.6583 3.139052E-02
-17.6383 3.075019E-02
-17.6183 3.014820E-02
-17.5982 2.957950E-02
-17.5782 2.903814E-02
-17.5582 2.852273E-02
-17.5382 2.802893E-02
-17.5182 2.755433E-02
-17.4982 2.709835E-02
-17.4782 2.665981E-02
-17.4582 2.623491E-02
-17.4382 2.582486E-02
-17.4182 2.542580E-02
-17.3981 2.503983E-02
-17.3781 2.466684E-02
-17.3581 2.430226E-02
-17.3381 2.395073E-02
-17.3181 2.360669E-02
-17.2981 2.327836E-02
-17.2781 2.294902E-02
-17.2581 2.263950E-02
-17.2381 2.232797E-02
-17.2181 2.202964E-02
-17.1980 2.175410E-02
-17.1780 2.145183E-02
-17.1580 2.118652E-02
-17.1380 2.094533E-02
-17.1180 2.067564E-02
-17.0980 2.034742E-02
-17.0780 2.009187E-02
-17.0580 1.983600E-02
-17.0380 1.964834E-02
-17.0180 1.943453E-02
-16.9979 1.924397E-02
-16.9779 1.916303E-02
-16.9579 1.882001E-02
-16.9379 1.979313E-02
-16.9179 1.962322E-02
-16.8979 1.842146E-02
-16.8779 1.909333E-02
-16.8579 1.840759E-02
-16.8379 1.851934E-02
-16.8179 1.804065E-02
-16.7978 1.787832E-02
-16.7778 1.828127E-02
-16.7578 1.820578E-02
-16.7378 1.823577E-02
-16.7178 1.828068E-02
-16.6978 1.843839E-02
-16.6778 1.852946E-02
-16.6578 1.869959E-02
-16.6378 1.889743E-02
-16.6178 1.914000E-02
-16.5977 1.938449E-02
-16.5777 1.969922E-02
-16.5577 2.005667E-02
-16.5377 2.044535E-02
-16.5177 2.083129E-02
-16.4977 2.115907E-02
-16.4777 2.135363E-02
-16.4577 2.141768E-02
-16.4377 2.140533E-02
-16.4177 2.139408E-02
-16.3976 2.142811E-02
-16.3776 2.152548E-02
-16.3576 2.166096E-02
-16.3376 2.182991E-02
-16.3176 2.201899E-02
-16.2976 2.221751E-02
-16.2776 2.241951E-02
-16.2576 2.261821E-02
-16.2376 2.281603E-02
-16.2176 2.299595E-02
-16.1975 2.316179E-02
-16.1775 2.331533E-02
-16.1575 2.344783E-02
-16.1375 2.356615E-02
-16.1175 2.366292E-02
-16.0975 2.373929E-02
-16.0775 2.379731E-02
-16.0575 2.383317E-02
-16.0375 2.384958E-02
-16.0175 2.384827E-02
-15.9974 2.382798E-02
-15.9774 2.379121E-02
-15.9574 2.373618E-02
-15.9374 2.366657E-02
-15.9174 2.358145E-02
-15.8974 2.348362E-02
-15.8774 2.337354E-02
-15.8574 2.325244E-02
-15.8374 2.312229E-02
-15.8174 2.298391E-02
-15.7973 2.283657E-02
-15.7773 2.268352E-02
-15.7573 2.252548E-02
-15.7373 2.236310E-02
-15.7173 2.219707E-02
-15.6973 2.202839E-02
-15.6773 2.185834E-02
-15.6573 2.168717E-02
-15.6373 2.151552E-02
-15.6173 2.134404E-02
-15.5972 2.117326E-02
-15.5772 2.100458E-02
-15.5572 2.083669E-02
-15.5372 2.067172E-02
-15.5172 2.050871E-02
-15.4972 2.034925E-02
-15.4772 2.019240E-02
-15.4572 2.003919E-02
-15.4372 1.988903E-02
-15.4172 1.974295E-02
-15.3971 1.960098E-02
-15.3771 1.946285E-02
-15.3571 1.932851E-02
-15.3371 1.919866E-02
-15.3171 1.907297E-02
-15.2971 1.895210E-02
-15.2771 1.883503E-02
-15.2571 1.872287E-02
-15.2371 1.861503E-02
-15.2171 1.851159E-02
-15.1970 1.841224E-02
-15.1770 1.831783E-02
-15.1570 1.822771E-02
-15.1370 1.814215E-02
-15.1170 1.806062E-02
-15.0970 1.798332E-02
-15.0770 1.791060E-02
-15.0570 1.784179E-02
-15.0370 1.777718E-02
-15.0170 1.771649E-02
-14.9969 1.765960E-02
-14.9769 1.760661E-02
-14.9569 1.755717E-02
-14.9369 1.751114E-02
-14.9169 1.746838E-02
-14.8969 1.742886E-02
-14.8769 1.739227E-02
-14.8569 1.735858E-02
-14.8369 1.732744E-02
-14.8169 1.729866E-02
-14.7968 1.727213E-02
-14.7768 1.724781E-02
-14.7568 1.722528E-02
-14.7368 1.720485E-02
-14.7168 1.718604E-02
-14.6968 1.716915E-02
-14.6768 1.715375E-02
-14.6568 1.714004E-02
-14.6368 1.712793E-02
-14.6168 1.711738E-02
-14.5967 1.710858E-02
-14.5767 1.710126E-02
-14.5567 1.709588E-02
-14.5367 1.709209E-02
-14.5167 1.709016E-02
-14.4967 1.709003E-02
-14.4767 1.709185E-02
-14.4567 1.709553E-02
-14.4367 1.710103E-02
-14.4167 1.710867E-02
-14.3966 1.711826E-02
-14.3766 1.712983E-02
-14.3566 1.714338E-02
-14.3366 1.715903E-02
-14.3166 1.717665E-02
-14.2966 1.719626E-02
-14.2766 1.721792E-02
-14.2566 1.724153E-02
-14.2366 1.726706E-02
-14.2166 1.729459E-02
-14.1965 1.732397E-02
-14.1765 1.735518E-02
-14.1565 1.738828E-02
-14.1365 1.742313E-02
-14.1165 1.745973E-02
-14.0965 1.749805E-02
-14.0765 1.753794E-02
-14.0565 1.757944E-02
-14.0365 1.762257E-02
-14.0165 1.766718E-02
-13.9964 1.771318E-02
-13.9764 1.776063E-02
-13.9564 1.780934E-02
-13.9364 1.785938E-02
-13.9164 1.791066E-02
-13.8964 1.796299E-02
-13.8764 1.801654E-02
-13.8564 1.807104E-02
-13.8364 1.812651E-02
-13.8164 1.818291E-02
-13.7963 1.824017E-02
-13.7763 1.829824E-02
-13.7563 1.835701E-02
-13.7363 1.841640E-02
-13.7163 1.847646E-02
-13.6963 1.853697E-02
-13.6763 1.859806E-02
-13.6563 1.865949E-02
-13.6363 1.872126E-02
-13.6163 1.878334E-02
-13.5962 1.884560E-02
-13.5762 1.890810E-02
-13.5562 1.897060E-02
-13.5362 1.903323E-02
-13.5162 1.909584E-02
-13.4962 1.915834E-02
-13.4762 1.922074E-02
-13.4562 1.928296E-02
-13.4362 1.934496E-02
-13.4162 1.940664E-02
-13.3961 1.946805E-02
-13.3761 1.952899E-02
-13.3561 1.958961E-02
-13.3361 1.964976E-02
-13.3161 1.970928E-02
-13.2961 1.976835E-02
-13.2761 1.982680E-02
-13.2561 1.988471E-02
-13.2361 1.994187E-02
-13.2161 1.999839E-02
-13.1960 2.005425E-02
-13.1760 2.010935E-02
-13.1560 2.016367E-02
-13.1360 2.021731E-02
-13.1160 2.027009E-02
-13.0960 2.032213E-02
-13.0760 2.037336E-02
-13.0560 2.042381E-02
-13.0360 2.047341E-02
-13.0160 2.052223E-02
-12.9959 2.057029E-02
-12.9759 2.061752E-02
-12.9559 2.066391E-02
-12.9359 2.070953E-02
-12.9159 2.075445E-02
-12.8959 2.079860E-02
-12.8759 2.084200E-02
-12.8559 2.088466E-02
-12.8359 2.092670E-02
-12.8159 2.096803E-02
-12.7958 2.100869E-02
-12.7758 2.104881E-02
-12.7558 2.108834E-02
-12.7358 2.112729E-02
-12.7158 2.116574E-02
-12.6958 2.120370E-02
-12.6758 2.124119E-02
-12.6558 2.127828E-02
-12.6358 2.131502E-02
-12.6158 2.135139E-02
-12.5957 2.138744E-02
-12.5757 2.142325E-02
-12.5557 2.145882E-02
-12.5357 2.149420E-02
-12.5157 2.152942E-02
-12.4957 2.156452E-02
-12.4757 2.159957E-02
-12.4557 2.163456E-02
-12.4357 2.166953E-02
-12.4157 2.170457E-02
-12.3956 2.173966E-02
-12.3756 2.177488E-02
-12.3556 2.181018E-02
-12.3356 2.184574E-02
-12.3156 2.188147E-02
-12.2956 2.191749E-02
-12.2756 2.195378E-02
-12.2556 2.199037E-02
-12.2356 2.202733E-02
-12.2156 2.206462E-02
-12.1955 2.210237E-02
-12.1755 2.214056E-02
-12.1555 2.217924E-02
-12.1355 2.221843E-02
-12.1155 2.225813E-02
-12.0955 2.229838E-02
-12.0755 2.233924E-02
-12.0555 2.238071E-02
-12.0355 2.242282E-02
-12.0155 2.246561E-02
-11.9954 2.250912E-02
-11.9754 2.255327E-02
-11.9554 2.259820E-02
-11.9354 2.264388E-02
-11.9154 2.269036E-02
-11.8954 2.273761E-02
-11.8754 2.278568E-02
-11.8554 2.283460E-02
-11.8354 2.288437E-02
-11.8154 2.293503E-02
-11.7953 2.298654E-02
-11.7753 2.303896E-02
-11.7553 2.309232E-02
-11.7353 2.314655E-02
-11.7153 2.320177E-02
-11.6953 2.325790E-02
-11.6753 2.331500E-02
-11.6553 2.337305E-02
-11.6353 2.343206E-02
-11.6153 2.349202E-02
-11.5952 2.355299E-02
-11.5752 2.361494E-02
-11.5552 2.367784E-02
-11.5352 2.374171E-02
-11.5152 2.380654E-02
-11.4952 2.387237E-02
-11.4752 2.393912E-02
-11.4552 2.400682E-02
-11.4352 2.407547E-02
-11.4152 2.414506E-02
-11.3951 2.421550E-02
-11.3751 2.428687E-02
-11.3551 2.435913E-02
-11.3351 2.443226E-02
-11.3151 2.450622E-02
-11.2951 2.458099E-02
-11.2751 2.465658E-02
-11.2551 2.473290E-02
-11.2351 2.481001E-02
-11.2151 2.488780E-02
-11.1950 2.496630E-02
-11.1750 2.504544E-02
-11.1550 2.512519E-02
-11.1350 2.520556E-02
-11.1150 2.528644E-02
-11.0950 2.536788E-02
-11.0750 2.544977E-02
-11.0550 2.553210E-02
-11.0350 2.561482E-02
-11.0150 2.569793E-02
-10.9949 2.578129E-02
-10.9749 2.586499E-02
-10.9549 2.594888E-02
-10.9349 2.603294E-02
-10.9149 2.611716E-02
-10.8949 2.620151E-02
-10.8749 2.628589E-02
-10.8549 2.637027E-02
-10.8349 2.645461E-02
-10.8149 2.653888E-02
-10.7948 2.662304E-02
-10.7748 2.670703E-02
-10.7548 2.679082E-02
-10.7348 2.687438E-02
-10.7148 2.695765E-02
-10.6948 2.704058E-02
-10.6748 2.712316E-02
-10.6548 2.720534E-02
-10.6348 2.728712E-02
-10.6148 2.736842E-02
-10.5947 2.744926E-02
-10.5747 2.752953E-02
-10.5547 2.760930E-02
-10.5347 2.768848E-02
-10.5147 2.776707E-02
-10.4947 2.784504E-02
-10.4747 2.792240E-02
-10.4547 2.799911E-02
-10.4347 2.807517E-02
-10.4147 2.815055E-02
-10.3946 2.822522E-02
-10.3746 2.829924E-02
-10.3546 2.837253E-02
-10.3346 2.844517E-02
-10.3146 2.851707E-02
-10.2946 2.858829E-02
-10.2746 2.865881E-02
-10.2546 2.872868E-02
-10.2346 2.879782E-02
-10.2146 2.886631E-02
-10.1945 2.893414E-02
-10.1745 2.900133E-02
-10.1545 2.906787E-02
-10.1345 2.913381E-02
-10.1145 2.919913E-02
-10.0945 2.926389E-02
-10.0745 2.932809E-02
-10.0545 2.939173E-02
-10.0345 2.945488E-02
-10.0145 2.951751E-02
-9.9944 2.957971E-02
-9.9744 2.964143E-02
-9.9544 2.970275E-02
-9.9344 2.976365E-02
-9.9144 2.982420E-02
-9.8944 2.988442E-02
-9.8744 2.994433E-02
-9.8544 3.000396E-02
-9.8344 3.006332E-02
-9.8144 3.012246E-02
-9.7943 3.018141E-02
-9.7743 3.024018E-02
-9.7543 3.029885E-02
-9.7343 3.035736E-02
-9.7143 3.041582E-02
-9.6943 3.047422E-02
-9.6743 3.053263E-02
-9.6543 3.059101E-02
-9.6343 3.064942E-02
-9.6143 3.070788E-02
-9.5942 3.076646E-02
-9.5742 3.082515E-02
-9.5542 3.088399E-02
-9.5342 3.094299E-02
-9.5142 3.100220E-02
-9.4942 3.106162E-02
-9.4742 3.112132E-02
-9.4542 3.118128E-02
-9.4342 3.124157E-02
-9.4142 3.130217E-02
-9.3941 3.136315E-02
-9.3741 3.142449E-02
-9.3541 3.148624E-02
-9.3341 3.154845E-02
-9.3141 3.161111E-02
-9.2941 3.167424E-02
-9.2741 3.173790E-02
-9.2541 3.180209E-02
-9.2341 3.186685E-02
-9.2141 3.193220E-02
-9.1940 3.199818E-02
-9.1740 3.206478E-02
-9.1540 3.213204E-02
-9.1340 3.220002E-02
-9.1140 3.226873E-02
-9.0940 3.233818E-02
-9.0740 3.240841E-02
-9.0540 3.247947E-02
-9.0340 3.255133E-02
-9.0140 3.262410E-02
-8.9939 3.269774E-02
-8.9739 3.277230E-02
-8.9539 3.284786E-02
-8.9339 3.292437E-02
-8.9139 3.300193E-02
-8.8939 3.308056E-02
-8.8739 3.316027E-02
-8.8539 3.324113E-02
-8.8339 3.332315E-02
-8.8139 3.340640E-02
-8.7938 3.349084E-02
-8.7738 3.357661E-02
-8.7538 3.366371E-02
-8.7338 3.375219E-02
-8.7138 3.384205E-02
-8.6938 3.393338E-02
-8.6738 3.402623E-02
-8.6538 3.412065E-02
-8.6338 3.421663E-02
-8.6138 3.431427E-02
-8.5937 3.441360E-02
-8.5737 3.451466E-02
-8.5537 3.461757E-02
-8.5337 3.472230E-02
-8.5137 3.482893E-02
-8.4937 3.493751E-02
-8.4737 3.504812E-02
-8.4537 3.516083E-02
-8.4337 3.527562E-02
-8.4137 3.539261E-02
-8.3936 3.551183E-02
-8.3736 3.563336E-02
-8.3536 3.575729E-02
-8.3336 3.588361E-02
-8.3136 3.601236E-02
-8.2936 3.614370E-02
-8.2736 3.627761E-02
-8.2536 3.641418E-02
-8.2336 3.655348E-02
-8.2136 3.669553E-02
-8.1935 3.684042E-02
-8.1735 3.698817E-02
-8.1535 3.713888E-02
-8.1335 3.729260E-02
-8.1135 3.744934E-02
-8.0935 3.760919E-02
-8.0735 3.777221E-02
-8.0535 3.793838E-02
-8.0335 3.810777E-02
-8.0135 3.828050E-02
-7.9934 3.845654E-02
-7.9734 3.863590E-02
-7.9534 3.881866E-02
-7.9334 3.900487E-02
-7.9134 3.919445E-02
-7.8934 3.938759E-02
-7.8734 3.958417E-02
-7.8534 3.978424E-02
-7.8334 3.998784E-02
-7.8134 4.019494E-02
-7.7933 4.040557E-02
-7.7733 4.061965E-02
-7.7533 4.083727E-02
-7.7333 4.105832E-02
-7.7133 4.128280E-02
-7.6933 4.151064E-02
-7.6733 4.174184E-02
-7.6533 4.197636E-02
-7.6333 4.221417E-02
-7.6133 4.245507E-02
-7.5932 4.269914E-02
-7.5732 4.294613E-02
-7.5532 4.319611E-02
-7.5332 4.344892E-02
-7.5132 4.370444E-02
-7.4932 4.396253E-02
-7.4732 4.422311E-02
-7.4532 4.448602E-02
-7.4332 4.475106E-02
-7.4132 4.650934E-02
-7.3931 4.528713E-02
-7.3731 4.555778E-02
-7.3531 4.582996E-02
-7.3331 4.610347E-02
-7.3131 4.637809E-02
-7.2931 4.665365E-02
-7.2731 4.692990E-02
-7.2531 4.720665E-02
-7.2331 4.748377E-02
-7.2131 4.776089E-02
-7.1930 4.803788E-02
-7.1730 4.831445E-02
-7.1530 5.004364E-02
-7.1330 4.886553E-02
-7.1130 4.913957E-02
-7.0930 5.096945E-02
-7.0730 4.968349E-02
-7.0530 4.995292E-02
-7.0330 5.022036E-02
-7.0130 5.048556E-02
-6.9929 5.074844E-02
-6.9729 5.100863E-02
-6.9529 5.126606E-02
-6.9329 5.152049E-02
-6.9129 5.177176E-02
-6.8929 5.201968E-02
-6.8729 5.226412E-02
-6.8529 5.250492E-02
-6.8329 5.264293E-02
-6.8129 5.297519E-02
-6.7928 5.320438E-02
-6.7728 5.368098E-02
-6.7528 5.365055E-02
-6.7328 5.386732E-02
-6.7128 5.407983E-02
-6.6928 5.428813E-02
-6.6728 5.449204E-02
-6.6528 5.469160E-02
-6.6328 5.488687E-02
-6.6128 5.507785E-02
-6.5927 5.526455E-02
-6.5727 5.544697E-02
-6.5527 5.562524E-02
-6.5327 5.579930E-02
-6.5127 5.424233E-02
-6.4927 5.613532E-02
-6.4727 5.562334E-02
-6.4527 5.645559E-02
-6.4327 5.661008E-02
-6.4127 5.676090E-02
-6.3926 5.690816E-02
-6.3726 5.705196E-02
-6.3526 5.719240E-02
-6.3326 5.732959E-02
-6.3126 5.746363E-02
-6.2926 5.759463E-02
-6.2726 5.772267E-02
-6.2526 5.784787E-02
-6.2326 5.797036E-02
-6.2126 5.809020E-02
-6.1925 5.544958E-02
-6.1725 5.832230E-02
-6.1525 5.716135E-02
-6.1325 5.854485E-02
-6.1125 5.865277E-02
-6.0925 5.875853E-02
-6.0725 5.886225E-02
-6.0525 5.896394E-02
-6.0325 5.906365E-02
-6.0125 5.916145E-02
-5.9924 5.925743E-02
-5.9724 5.935158E-02
-5.9524 5.944392E-02
-5.9324 5.953460E-02
-5.9124 5.962351E-02
-5.8924 5.971069E-02
-5.8724 5.633120E-02
-5.8524 5.988023E-02
-5.8324 5.829642E-02
-5.8124 6.004323E-02
-5.7923 6.012229E-02
-5.7723 6.019983E-02
-5.7523 6.027573E-02
-5.7323 6.035010E-02
-5.7123 6.042290E-02
-5.6923 6.049411E-02
-5.6723 6.056378E-02
-5.6523 6.063189E-02
-5.6323 6.069851E-02
-5.6123 6.076355E-02
-5.5922 6.082706E-02
-5.5722 6.088911E-02
-5.5522 5.711984E-02
-5.5322 6.100874E-02
-5.5122 5.910468E-02
-5.4922 6.112259E-02
-5.4722 6.117740E-02
-5.4522 6.123087E-02
-5.4322 6.128300E-02
-5.4122 6.133390E-02
-5.3921 6.138356E-02
-5.3721 6.143208E-02
-5.3521 6.147946E-02
-5.3321 6.152579E-02
-5.3121 6.157117E-02
-5.2921 6.161569E-02
-5.2721 6.165940E-02
-5.2521 6.170238E-02
-5.2321 5.835688E-02
-5.2121 6.178657E-02
-5.1920 5.987023E-02
-5.1720 6.186914E-02
-5.1520 6.191011E-02
-5.1320 6.195100E-02
-5.1120 6.199196E-02
-5.0920 6.203324E-02
-5.0720 6.207483E-02
-5.0520 6.211695E-02
-5.0320 6.215971E-02
-5.0120 6.220331E-02
-4.9919 6.224787E-02
-4.9719 6.229366E-02
-4.9519 6.234071E-02
-4.9319 6.238932E-02
-4.9119 6.071472E-02
-4.8919 6.249173E-02
-4.8719 6.119332E-02
-4.8519 6.260235E-02
-4.8319 6.266125E-02
-4.8119 6.272267E-02
-4.7918 6.278697E-02
-4.7718 6.285429E-02
-4.7518 6.292480E-02
-4.7318 6.299871E-02
-4.7118 6.307618E-02
-4.6918 6.315735E-02
-4.6718 6.324261E-02
-4.6518 6.333191E-02
-4.6318 6.342563E-02
-4.6118 6.352380E-02
-4.5917 6.456502E-02
-4.5717 6.373446E-02
-4.5517 6.376390E-02
-4.5317 6.396538E-02
-4.5117 6.408873E-02
-4.4917 6.421761E-02
-4.4717 6.435217E-02
-4.4517 6.449255E-02
-4.4317 6.463887E-02
-4.4117 6.479119E-02
-4.3916 6.494975E-02
-4.3716 6.511452E-02
-4.3516 6.528567E-02
-4.3316 6.546331E-02
-4.3116 6.564743E-02
-4.2916 6.583808E-02
-4.2716 6.942029E-02
-4.2516 6.623925E-02
-4.2316 6.788467E-02
-4.2116 6.666704E-02
-4.1915 6.689078E-02
-4.1715 6.712123E-02
-4.1515 6.735816E-02
-4.1315 6.760152E-02
-4.1115 6.785127E-02
-4.0915 6.810722E-02
-4.0715 6.836936E-02
-4.0515 6.863743E-02
-4.0315 6.891135E-02
-4.0115 6.919086E-02
-3.9914 6.947575E-02
-3.9714 6.976576E-02
-3.9514 7.386071E-02
-3.9314 7.036023E-02
-3.9114 7.290088E-02
-3.8914 7.097200E-02
-3.8714 7.128353E-02
-3.8514 7.159837E-02
-3.8314 7.191613E-02
-3.8114 7.223649E-02
-3.7913 7.255892E-02
-3.7713 7.288310E-02
-3.7513 7.320852E-02
-3.7313 7.353482E-02
-3.7113 7.386148E-02
-3.6913 7.418808E-02
-3.6713 7.451406E-02
-3.6513 7.483909E-02
-3.6313 7.682086E-02
-3.6113 7.548423E-02
-3.5912 7.727809E-02
-3.5712 7.611980E-02
-3.5512 7.643278E-02
-3.5312 7.674212E-02
-3.5112 7.704730E-02
-3.4912 7.734797E-02
-3.4712 7.764373E-02
-3.4512 7.793425E-02
-3.4312 7.821919E-02
-3.4112 7.849833E-02
-3.3911 7.877130E-02
-3.3711 7.903793E-02
-3.3511 7.929796E-02
-3.3311 7.955129E-02
-3.3111 7.872628E-02
-3.2911 8.003718E-02
-3.2711 8.007971E-02
-3.2511 8.049489E-02
-3.2311 8.071312E-02
-3.2111 8.092434E-02
-3.1910 8.112850E-02
-3.1710 8.132578E-02
-3.1510 8.151625E-02
-3.1310 8.170010E-02
-3.1110 8.187754E-02
-3.0910 8.204866E-02
-3.0710 8.221385E-02
-3.0510 8.237315E-02
-3.0310 8.252701E-02
-3.0110 8.267553E-02
-2.9909 8.057407E-02
-2.9709 8.295805E-02
-2.9509 8.191405E-02
-2.9309 8.322318E-02
-2.9109 8.335003E-02
-2.8909 8.347343E-02
-2.8709 8.359383E-02
-2.8509 8.371141E-02
-2.8309 8.382661E-02
-2.8109 8.393966E-02
-2.7908 8.405093E-02
-2.7708 8.416060E-02
-2.7508 8.426913E-02
-2.7308 8.437665E-02
-2.7108 8.448353E-02
-2.6908 8.458996E-02
-2.6708 8.273152E-02
-2.6508 8.480244E-02
-2.6308 8.378347E-02
-2.6108 8.501595E-02
-2.5907 8.512357E-02
-2.5707 8.523193E-02
-2.5507 8.534130E-02
-2.5307 8.545171E-02
-2.5107 8.556332E-02
-2.4907 8.567625E-02
-2.4707 8.579061E-02
-2.4507 8.590633E-02
-2.4307 8.602363E-02
-2.4107 8.614244E-02
-2.3906 8.626289E-02
-2.3706 8.638493E-02
-2.3506 8.482616E-02
-2.3306 8.663371E-02
-2.3106 8.595881E-02
-2.2906 8.688860E-02
-2.2706 8.701823E-02
-2.2506 8.714924E-02
-2.2306 8.728157E-02
-2.2106 8.741508E-02
-2.1905 8.754965E-02
-2.1705 8.768524E-02
-2.1505 8.782169E-02
-2.1305 8.795888E-02
-2.1105 8.809671E-02
-2.0905 8.823489E-02
-2.0705 8.837349E-02
-2.0505 8.851216E-02
-2.0305 8.623460E-02
-2.0105 8.878935E-02
-1.9904 8.798817E-02
-1.9704 8.906510E-02
-1.9504 8.920194E-02
-1.9304 8.933794E-02
-1.9104 8.947286E-02
-1.8904 8.960651E-02
-1.8704 8.973872E-02
-1.8504 8.986934E-02
-1.8304 8.999807E-02
-1.8104 9.012484E-02
-1.7903 9.024943E-02
-1.7703 9.037173E-02
-1.7503 9.049149E-02
-1.7303 9.060855E-02
-1.7103 8.664205E-02
-1.6903 9.083397E-02
-1.6703 8.923874E-02
-1.6503 9.104677E-02
-1.6303 9.114807E-02
-1.6103 9.124587E-02
-1.5902 9.133999E-02
-1.5702 9.143028E-02
-1.5502 9.151668E-02
-1.5302 9.159911E-02
-1.5102 9.167745E-02
-1.4902 9.175161E-02
-1.4702 9.182160E-02
-1.4502 9.188728E-02
-1.4302 9.194875E-02
-1.4102 9.200577E-02
-1.3901 8.625937E-02
-1.3701 9.210676E-02
-1.3501 8.945427E-02
-1.3301 9.219019E-02
-1.3101 9.222542E-02
-1.2901 9.225622E-02
-1.2701 9.228279E-02
-1.2501 9.230507E-02
-1.2301 9.232319E-02
-1.2101 9.233719E-02
-1.1900 9.234711E-02
-1.1700 9.235299E-02
-1.1500 9.235506E-02
-1.1300 9.235329E-02
-1.1100 9.234786E-02
-1.0900 9.233882E-02
-1.0700 8.444079E-02
-1.0500 9.231036E-02
-1.0300 8.891125E-02
-1.0100 9.226897E-02
-0.9899 9.224369E-02
-0.9699 9.221558E-02
-0.9499 9.218470E-02
-0.9299 9.215128E-02
-0.9099 9.211545E-02
-0.8899 9.207720E-02
-0.8699 9.203677E-02
-0.8499 9.199433E-02
-0.8299 9.194999E-02
-0.8099 9.190386E-02
-0.7898 9.185609E-02
-0.7698 9.180680E-02
-0.7498 8.704549E-02
-0.7298 9.170422E-02
-0.7098 8.737154E-02
