-29.6444 6.046765E-04
-29.6244 6.058514E-04
-29.6044 6.070299E-04
-29.5844 6.082122E-04
-29.5644 6.093979E-04
-29.5443 6.105874E-04
-29.5243 6.117808E-04
-29.5043 6.129778E-04
-29.4843 6.141786E-04
-29.4643 6.153830E-04
-29.4443 6.165913E-04
-29.4243 6.178035E-04
-29.4043 6.190192E-04
-29.3843 6.202387E-04
-29.3643 6.214624E-04
-29.3442 6.226900E-04
-29.3242 6.239210E-04
-29.3042 6.251565E-04
-29.2842 6.263955E-04
-29.2642 6.276384E-04
-29.2442 6.288854E-04
-29.2242 6.301362E-04
-29.2042 6.313913E-04
-29.1842 6.326502E-04
-29.1642 6.339129E-04
-29.1441 6.351800E-04
-29.1241 6.364510E-04
-29.1041 6.377261E-04
-29.0841 6.390053E-04
-29.0641 6.402886E-04
-29.0441 6.415758E-04
-29.0241 6.428676E-04
-29.0041 6.441633E-04
-28.9841 6.454628E-04
-28.9641 6.467670E-04
-28.9440 6.480752E-04
-28.9240 6.493874E-04
-28.9040 6.507045E-04
-28.8840 6.520252E-04
-28.8640 6.533506E-04
-28.8440 6.546801E-04
-28.8240 6.560141E-04
-28.8040 6.573523E-04
-28.7840 6.586951E-04
-28.7640 6.600421E-04
-28.7439 6.613935E-04
-28.7239 6.627491E-04
-28.7039 6.641096E-04
-28.6839 6.654744E-04
-28.6639 6.668436E-04
-28.6439 6.682173E-04
-28.6239 6.695953E-04
-28.6039 6.709780E-04
-28.5839 6.723654E-04
-28.5639 6.737573E-04
-28.5438 6.751538E-04
-28.5238 6.765547E-04
-28.5038 6.779608E-04
-28.4838 6.793712E-04
-28.4638 6.807860E-04
-28.4438 6.822063E-04
-28.4238 6.836308E-04
-28.4038 6.850601E-04
-28.3838 6.864940E-04
-28.3638 6.879328E-04
-28.3437 6.893765E-04
-28.3237 6.908251E-04
-28.3037 6.922785E-04
-28.2837 6.937368E-04
-28.2637 6.952000E-04
-28.2437 6.966682E-04
-28.2237 6.981411E-04
-28.2037 6.996193E-04
-28.1837 7.011019E-04
-28.1637 7.025900E-04
-28.1436 7.040831E-04
-28.1236 7.055815E-04
-28.1036 7.070849E-04
-28.0836 7.085929E-04
-28.0636 7.101064E-04
-28.0436 7.116250E-04
-28.0236 7.131488E-04
-28.0036 7.146780E-04
-27.9836 7.162123E-04
-27.9636 7.177517E-04
-27.9435 7.192965E-04
-27.9235 7.208467E-04
-27.9035 7.224022E-04
-27.8835 7.239630E-04
-27.8635 7.255291E-04
-27.8435 7.271004E-04
-27.8235 7.286778E-04
-27.8035 7.302599E-04
-27.7835 7.318482E-04
-27.7635 7.334417E-04
-27.7434 7.350407E-04
-27.7234 7.366449E-04
-27.7034 7.382550E-04
-27.6834 7.398712E-04
-27.6634 7.414922E-04
-27.6434 7.431193E-04
-27.6234 7.447521E-04
-27.6034 7.463905E-04
-27.5834 7.480348E-04
-27.5634 7.496848E-04
-27.5433 7.513406E-04
-27.5233 7.530022E-04
-27.5033 7.546697E-04
-27.4833 7.563427E-04
-27.4633 7.580224E-04
-27.4433 7.597077E-04
-27.4233 7.613985E-04
-27.4033 7.630957E-04
-27.3833 7.647990E-04
-27.3633 7.665083E-04
-27.3432 7.682238E-04
-27.3232 7.699453E-04
-27.3032 7.716731E-04
-27.2832 7.734069E-04
-27.2632 7.751469E-04
-27.2432 7.768933E-04
-27.2232 7.786458E-04
-27.2032 7.804047E-04
-27.1832 7.821699E-04
-27.1632 7.839415E-04
-27.1431 7.857195E-04
-27.1231 7.875039E-04
-27.1031 7.892948E-04
-27.0831 7.910922E-04
-27.0631 7.928959E-04
-27.0431 7.947063E-04
-27.0231 7.965234E-04
-27.0031 7.983470E-04
-26.9831 8.001773E-04
-26.9631 8.020142E-04
-26.9430 8.038579E-04
-26.9230 8.057084E-04
-26.9030 8.075656E-04
-26.8830 8.094296E-04
-26.8630 8.113005E-04
-26.8430 8.131783E-04
-26.8230 8.150625E-04
-26.8030 8.169542E-04
-26.7830 8.188528E-04
-26.7630 8.207586E-04
-26.7429 8.226713E-04
-26.7229 8.245910E-04
-26.7029 8.265181E-04
-26.6829 8.284528E-04
-26.6629 8.303935E-04
-26.6429 8.323428E-04
-26.6229 8.342980E-04
-26.6029 8.362612E-04
-26.5829 8.382319E-04
-26.5629 8.402098E-04
-26.5428 8.421950E-04
-26.5228 8.441880E-04
-26.5028 8.461889E-04
-26.4828 8.481961E-04
-26.4628 8.502117E-04
-26.4428 8.522349E-04
-26.4228 8.542656E-04
-26.4028 8.563041E-04
-26.3828 8.583502E-04
-26.3628 8.604042E-04
-26.3427 8.624661E-04
-26.3227 8.645358E-04
-26.3027 8.666132E-04
-26.2827 8.686989E-04
-26.2627 8.707926E-04
-26.2427 8.728941E-04
-26.2227 8.750031E-04
-26.2027 8.771215E-04
-26.1827 8.792467E-04
-26.1627 8.813815E-04
-26.1426 8.835230E-04
-26.1226 8.856743E-04
-26.1026 8.878332E-04
-26.0826 8.899999E-04
-26.0626 8.921764E-04
-26.0426 8.943597E-04
-26.0226 8.965531E-04
-26.0026 8.987544E-04
-25.9826 9.009635E-04
-25.9626 9.031819E-04
-25.9425 9.054092E-04
-25.9225 9.076450E-04
-25.9025 9.098897E-04
-25.8825 9.121435E-04
-25.8625 9.144058E-04
-25.8425 9.166771E-04
-25.8225 9.189572E-04
-25.8025 9.212474E-04
-25.7825 9.235449E-04
-25.7625 9.258533E-04
-25.7424 9.281700E-04
-25.7224 9.304950E-04
-25.7024 9.328310E-04
-25.6824 9.351745E-04
-25.6624 9.375284E-04
-25.6424 9.398917E-04
-25.6224 9.422644E-04
-25.6024 9.446469E-04
-25.5824 9.470385E-04
-25.5624 9.494400E-04
-25.5423 9.518508E-04
-25.5223 9.542721E-04
-25.5023 9.567034E-04
-25.4823 9.591430E-04
-25.4623 9.615931E-04
-25.4423 9.640534E-04
-25.4223 9.665240E-04
-25.4023 9.690042E-04
-25.3823 9.714957E-04
-25.3623 9.739954E-04
-25.3422 9.765067E-04
-25.3222 9.790278E-04
-25.3022 9.815594E-04
-25.2822 9.841010E-04
-25.2622 9.866538E-04
-25.2422 9.892168E-04
-25.2222 9.917898E-04
-25.2022 9.943743E-04
-25.1822 9.969690E-04
-25.1622 9.995747E-04
-25.1421 1.002191E-03
-25.1221 1.004817E-03
-25.1021 1.007457E-03
-25.0821 1.010105E-03
-25.0621 1.012766E-03
-25.0421 1.015437E-03
-25.0221 1.018120E-03
-25.0021 1.020814E-03
-24.9821 1.023519E-03
-24.9621 1.026234E-03
-24.9420 1.028962E-03
-24.9220 1.031703E-03
-24.9020 1.034453E-03
-24.8820 1.037217E-03
-24.8620 1.039991E-03
-24.8420 1.042776E-03
-24.8220 1.045576E-03
-24.8020 1.048385E-03
-24.7820 1.051208E-03
-24.7620 1.054042E-03
-24.7419 1.056887E-03
-24.7219 1.059747E-03
-24.7019 1.062617E-03
-24.6819 1.065499E-03
-24.6619 1.068395E-03
-24.6419 1.071302E-03
-24.6219 1.074224E-03
-24.6019 1.077155E-03
-24.5819 1.080102E-03
-24.5619 1.083061E-03
-24.5418 1.086033E-03
-24.5218 1.089017E-03
-24.5018 1.092015E-03
-24.4818 1.095026E-03
-24.4618 1.098049E-03
-24.4418 1.101085E-03
-24.4218 1.104135E-03
-24.4018 1.107199E-03
-24.3818 1.110277E-03
-24.3618 1.113367E-03
-24.3417 1.116471E-03
-24.3217 1.119589E-03
-24.3017 1.122721E-03
-24.2817 1.125868E-03
-24.2617 1.129027E-03
-24.2417 1.132200E-03
-24.2217 1.135388E-03
-24.2017 1.138591E-03
-24.1817 1.141808E-03
-24.1617 1.145038E-03
-24.1416 1.148286E-03
-24.1216 1.151545E-03
-24.1016 1.154820E-03
-24.0816 1.158110E-03
-24.0616 1.161413E-03
-24.0416 1.164732E-03
-24.0216 1.168069E-03
-24.0016 1.171418E-03
-23.9816 1.174783E-03
-23.9616 1.178161E-03
-23.9415 1.181558E-03
-23.9215 1.184968E-03
-23.9015 1.188394E-03
-23.8815 1.191837E-03
-23.8615 1.195295E-03
-23.8415 1.198770E-03
-23.8215 1.202259E-03
-23.8015 1.205767E-03
-23.7815 1.209289E-03
-23.7615 1.212828E-03
-23.7414 1.216383E-03
-23.7214 1.219953E-03
-23.7014 1.223543E-03
-23.6814 1.227147E-03
-23.6614 1.230771E-03
-23.6414 1.234409E-03
-23.6214 1.238066E-03
-23.6014 1.241736E-03
-23.5814 1.245427E-03
-23.5614 1.249137E-03
-23.5413 1.252861E-03
-23.5213 1.256603E-03
-23.5013 1.260364E-03
-23.4813 1.264142E-03
-23.4613 1.267940E-03
-23.4413 1.271752E-03
-23.4213 1.275586E-03
-23.4013 1.279436E-03
-23.3813 1.283305E-03
-23.3613 1.287193E-03
-23.3412 1.291100E-03
-23.3212 1.295026E-03
-23.3012 1.298968E-03
-23.2812 1.302933E-03
-23.2612 1.306915E-03
-23.2412 1.310920E-03
-23.2212 1.314940E-03
-23.2012 1.318981E-03
-23.1812 1.323038E-03
-23.1612 1.327119E-03
-23.1411 1.331221E-03
-23.1211 1.335340E-03
-23.1011 1.339479E-03
-23.0811 1.343639E-03
-23.0611 1.347820E-03
-23.0411 1.352022E-03
-23.0211 1.356246E-03
-23.0011 1.360490E-03
-22.9811 1.364752E-03
-22.9611 1.369040E-03
-22.9410 1.373346E-03
-22.9210 1.377674E-03
-22.9010 1.382024E-03
-22.8810 1.386396E-03
-22.8610 1.390790E-03
-22.8410 1.395207E-03
-22.8210 1.399642E-03
-22.8010 1.404105E-03
-22.7810 1.408586E-03
-22.7610 1.413090E-03
-22.7409 1.417623E-03
-22.7209 1.422174E-03
-22.7009 1.426743E-03
-22.6809 1.431343E-03
-22.6609 1.435966E-03
-22.6409 1.440607E-03
-22.6209 1.445279E-03
-22.6009 1.449970E-03
-22.5809 1.454690E-03
-22.5609 1.459431E-03
-22.5408 1.464196E-03
-22.5208 1.468986E-03
-22.5008 1.473796E-03
-22.4808 1.478638E-03
-22.4608 1.483505E-03
-22.4408 1.488393E-03
-22.4208 1.493312E-03
-22.4008 1.498252E-03
-22.3808 1.503218E-03
-22.3608 1.508211E-03
-22.3407 1.513231E-03
-22.3207 1.518278E-03
-22.3007 1.523352E-03
-22.2807 1.528454E-03
-22.2607 1.533577E-03
-22.2407 1.538734E-03
-22.2207 1.543913E-03
-22.2007 1.549119E-03
-22.1807 1.554362E-03
-22.1607 1.559626E-03
-22.1406 1.564919E-03
-22.1206 1.570241E-03
-22.1006 1.575593E-03
-22.0806 1.580965E-03
-22.0606 1.586377E-03
-22.0406 1.591809E-03
-22.0206 1.597281E-03
-22.0006 1.602773E-03
-21.9806 1.608307E-03
-21.9606 1.613862E-03
-21.9405 1.619448E-03
-21.9205 1.625065E-03
-21.9005 1.630715E-03
-21.8805 1.636396E-03
-21.8605 1.642099E-03
-21.8405 1.647845E-03
-21.8205 1.653623E-03
-21.8005 1.659424E-03
-21.7805 1.665269E-03
-21.7605 1.671136E-03
-21.7404 1.677037E-03
-21.7204 1.682972E-03
-21.7004 1.688952E-03
-21.6804 1.694956E-03
-21.6604 1.700982E-03
-21.6404 1.707056E-03
-21.6204 1.713165E-03
-21.6004 1.719309E-03
-21.5804 1.725476E-03
-21.5604 1.731693E-03
-21.5403 1.737932E-03
-21.5203 1.744222E-03
-21.5003 1.750536E-03
-21.4803 1.756885E-03
-21.4603 1.763273E-03
-21.4403 1.769699E-03
-21.4203 1.776163E-03
-21.4003 1.782666E-03
-21.3803 1.789208E-03
-21.3603 1.795788E-03
-21.3402 1.802392E-03
-21.3202 1.809051E-03
-21.3002 1.815751E-03
-21.2802 1.822475E-03
-21.2602 1.829241E-03
-21.2402 1.836063E-03
-21.2202 1.842911E-03
-21.2002 1.849798E-03
-21.1802 1.856729E-03
-21.1602 1.863702E-03
-21.1401 1.870717E-03
-21.1201 1.877776E-03
-21.1001 1.884879E-03
-21.0801 1.892025E-03
-21.0601 1.899196E-03
-21.0401 1.906431E-03
-21.0201 1.913710E-03
-21.0001 1.921015E-03
-20.9801 1.928367E-03
-20.9601 1.935784E-03
-20.9400 1.943226E-03
-20.9200 1.950716E-03
-20.9000 1.958253E-03
-20.8800 1.965837E-03
-20.8600 1.973469E-03
-20.8400 1.981149E-03
-20.8200 1.988878E-03
-20.8000 1.996656E-03
-20.7800 2.004485E-03
-20.7600 2.012363E-03
-20.7399 2.020268E-03
-20.7199 2.028248E-03
-20.6999 2.036255E-03
-20.6799 2.044338E-03
-20.6599 2.052448E-03
-20.6399 2.060611E-03
-20.6199 2.068853E-03
-20.5999 2.077123E-03
-20.5799 2.085445E-03
-20.5599 2.093823E-03
-20.5398 2.102255E-03
-20.5198 2.110743E-03
-20.4998 2.119289E-03
-20.4798 2.127889E-03
-20.4598 2.136547E-03
-20.4398 2.145231E-03
-20.4198 2.154006E-03
-20.3998 2.162837E-03
-20.3798 2.171696E-03
-20.3598 2.180648E-03
-20.3397 2.189626E-03
-20.3197 2.198665E-03
-20.2997 2.207800E-03
-20.2797 2.216961E-03
-20.2597 2.226185E-03
-20.2397 2.235471E-03
-20.2197 2.244821E-03
-20.1997 2.254235E-03
-20.1797 2.263713E-03
-20.1597 2.273257E-03
-20.1396 2.282866E-03
-20.1196 2.292542E-03
-20.0996 2.302287E-03
-20.0796 2.312099E-03
-20.0596 2.321936E-03
-20.0396 2.331887E-03
-20.0196 2.341861E-03
-19.9996 2.351952E-03
-19.9796 2.362067E-03
-19.9596 2.372302E-03
-19.9395 2.382560E-03
-19.9195 2.392893E-03
-19.8995 2.403348E-03
-19.8795 2.413829E-03
-19.8595 2.424382E-03
-19.8395 2.435013E-03
-19.8195 2.445721E-03
-19.7995 2.456506E-03
-19.7795 2.467369E-03
-19.7595 2.478311E-03
-19.7394 2.489335E-03
-19.7194 2.500378E-03
-19.6994 2.511562E-03
-19.6794 2.522829E-03
-19.6594 2.534180E-03
-19.6394 2.545551E-03
-19.6194 2.557072E-03
-19.5994 2.568611E-03
-19.5794 2.580305E-03
-19.5594 2.592017E-03
-19.5393 2.603817E-03
-19.5193 2.615779E-03
-19.4993 2.627755E-03
-19.4793 2.639824E-03
-19.4593 2.651985E-03
-19.4393 2.664237E-03
-19.4193 2.676583E-03
-19.3993 2.689108E-03
-19.3793 2.701560E-03
-19.3593 2.714193E-03
-19.3392 2.726925E-03
-19.3192 2.739756E-03
-19.2992 2.752688E-03
-19.2792 2.765723E-03
-19.2592 2.778763E-03
-19.2392 2.792002E-03
-19.2192 2.805348E-03
-19.1992 2.818696E-03
-19.1792 2.832259E-03
-19.1592 2.845818E-03
-19.1391 2.859600E-03
-19.1191 2.873377E-03
-19.0991 2.887266E-03
-19.0791 2.901387E-03
-19.0591 2.915501E-03
-19.0391 2.929730E-03
-19.0191 2.944073E-03
-18.9991 2.958536E-03
-18.9791 2.973116E-03
-18.9591 2.987817E-03
-18.9390 3.002640E-03
-18.9190 3.017587E-03
-18.8990 3.032660E-03
-18.8790 3.047861E-03
-18.8590 3.063191E-03
-18.8390 3.078654E-03
-18.8190 3.094079E-03
-18.7990 3.109804E-03
-18.7790 3.125667E-03
-18.7590 3.141489E-03
-18.7389 3.157628E-03
-18.7189 3.173721E-03
-18.6989 3.190147E-03
-18.6789 3.206520E-03
-18.6589 3.223032E-03
-18.6389 3.239902E-03
-18.6189 3.256708E-03
-18.5989 3.273663E-03
-18.5789 3.290998E-03
-18.5589 3.308260E-03
-18.5388 3.325674E-03
-18.5188 3.343248E-03
-18.4988 3.360981E-03
-18.4788 3.378873E-03
-18.4588 3.396932E-03
-18.4388 3.415165E-03
-18.4188 3.433270E-03
-18.3988 3.451837E-03
-18.3788 3.470582E-03
-18.3588 3.489509E-03
-18.3387 3.508288E-03
-18.3187 3.527578E-03
-18.2987 3.547062E-03
-18.2787 3.566375E-03
-18.2587 3.586243E-03
-18.2387 3.605930E-03
-18.2187 3.625799E-03
-18.1987 3.646271E-03
-18.1787 3.666538E-03
-18.1587 3.686993E-03
-18.1386 3.707655E-03
-18.1186 3.728993E-03
-18.0986 3.750083E-03
-18.0786 3.771381E-03
-18.0586 3.792909E-03
-18.0386 3.814652E-03
-18.0186 3.836630E-03
-17.9986 3.858847E-03
-17.9786 3.880691E-03
-17.9586 3.903373E-03
-17.9385 3.926311E-03
-17.9185 3.949515E-03
-17.8985 3.972281E-03
-17.8785 3.996009E-03
-17.8585 4.019251E-03
-17.8385 4.043540E-03
-17.8185 4.067288E-03
-17.7985 4.092169E-03
-17.7785 4.116477E-03
-17.7585 4.141044E-03
-17.7384 4.166865E-03
-17.7184 4.192043E-03
-17.6984 4.217517E-03
-17.6784 4.243297E-03
-17.6584 4.269397E-03
-17.6384 4.295831E-03
-17.6184 4.322617E-03
-17.5984 4.349739E-03
-17.5784 4.375882E-03
-17.5584 4.403731E-03
-17.5383 4.432019E-03
-17.5183 4.459106E-03
-17.4983 4.488190E-03
-17.4783 4.515990E-03
-17.4583 4.546009E-03
-17.4383 4.574595E-03
-17.4183 4.603588E-03
-17.3983 4.635116E-03
-17.3783 4.665053E-03
-17.3583 4.695415E-03
-17.3382 4.726287E-03
-17.3182 4.757668E-03
-17.2982 4.789662E-03
-17.2782 4.822279E-03
-17.2582 4.852295E-03
-17.2382 4.886086E-03
-17.2182 4.920715E-03
-17.1982 4.952341E-03
-17.1782 4.988546E-03
-17.1582 5.021448E-03
-17.1381 5.054989E-03
-17.1181 5.089158E-03
-17.0981 5.129303E-03
-17.0781 5.165522E-03
-17.0581 5.202577E-03
-17.0381 5.234468E-03
-17.0181 5.273670E-03
-16.9981 5.314363E-03
-16.9781 5.348296E-03
-16.9581 5.392304E-03
-16.9380 5.428548E-03
-16.9180 5.466218E-03
-16.8980 5.516606E-03
-16.8780 5.557940E-03
-16.8580 5.601569E-03
-16.8380 5.633385E-03
-16.8180 5.681814E-03
-16.7980 5.734218E-03
-16.7780 5.771314E-03
-16.7580 5.810916E-03
-16.7379 5.853245E-03
-16.7179 5.926634E-03
-16.6979 5.949999E-03
-16.6779 6.008910E-03
-16.6579 6.076906E-03
-16.6379 6.113491E-03
-16.6179 6.153745E-03
-16.5979 6.205446E-03
-16.5779 6.267946E-03
-16.5579 6.355745E-03
-16.5378 6.370513E-03
-16.5178 6.524178E-03
-16.4978 6.598734E-03
-16.4778 6.549852E-03
-16.4578 6.701480E-03
-16.4378 6.726831E-03
-16.4178 6.828258E-03
-16.3978 7.022149E-03
-16.3778 7.170030E-03
-16.3578 7.432730E-03
-16.3377 8.269817E-03
-16.3177 9.010922E-03
-16.2977 7.044396E-03
-16.2777 8.643492E-03
-16.2577 8.979203E-03
-16.2377 9.609797E-03
-16.2177 1.037019E-02
-16.1977 1.109322E-02
-16.1777 1.148201E-02
-16.1577 1.144417E-02
-16.1376 1.112407E-02
-16.1176 1.076188E-02
-16.0976 1.040708E-02
-16.0776 1.013710E-02
-16.0576 9.950496E-03
-16.0376 9.830697E-03
-16.0176 9.764718E-03
-15.9976 9.725582E-03
-15.9776 9.721168E-03
-15.9576 9.733131E-03
-15.9375 9.768403E-03
-15.9175 9.814354E-03
-15.8975 9.877172E-03
-15.8775 9.947270E-03
-15.8575 1.002440E-02
-15.8375 1.011354E-02
-15.8175 1.021298E-02
-15.7975 1.031255E-02
-15.7775 1.043010E-02
-15.7575 1.054340E-02
-15.7374 1.066521E-02
-15.7174 1.079158E-02
-15.6974 1.092563E-02
-15.6774 1.106704E-02
-15.6574 1.121282E-02
-15.6374 1.136056E-02
-15.6174 1.152051E-02
-15.5974 1.168267E-02
-15.5774 1.185197E-02
-15.5574 1.202636E-02
-15.5373 1.220793E-02
-15.5173 1.239496E-02
-15.4973 1.258944E-02
-15.4773 1.279140E-02
-15.4573 1.299936E-02
-15.4373 1.321506E-02
-15.4173 1.343730E-02
-15.3973 1.367051E-02
-15.3773 1.390910E-02
-15.3573 1.415633E-02
-15.3372 1.441228E-02
-15.3172 1.467593E-02
-15.2972 1.495118E-02
-15.2772 1.523458E-02
-15.2572 1.552769E-02
-15.2372 1.583064E-02
-15.2172 1.614381E-02
-15.1972 1.646842E-02
-15.1772 1.680365E-02
-15.1572 1.714983E-02
-15.1371 1.750733E-02
-15.1171 1.787803E-02
-15.0971 1.825971E-02
-15.0771 1.865428E-02
-15.0571 1.906203E-02
-15.0371 1.948313E-02
-15.0171 1.991713E-02
-14.9971 2.036575E-02
-14.9771 2.082699E-02
-14.9571 2.130405E-02
-14.9370 2.179490E-02
-14.9170 2.230192E-02
-14.8970 2.282308E-02
-14.8770 2.335942E-02
-14.8570 2.391159E-02
-14.8370 2.447976E-02
-14.8170 2.506400E-02
-14.7970 2.566381E-02
-14.7770 2.628047E-02
-14.7570 2.691285E-02
-14.7369 2.756216E-02
-14.7169 2.822778E-02
-14.6969 2.891034E-02
-14.6769 2.960923E-02
-14.6569 3.032555E-02
-14.6369 3.105816E-02
-14.6169 3.180755E-02
-14.5969 3.257378E-02
-14.5769 3.335712E-02
-14.5569 3.415770E-02
-14.5368 3.497493E-02
-14.5168 3.580928E-02
-14.4968 3.666078E-02
-14.4768 3.752990E-02
-14.4568 3.841614E-02
-14.4368 3.932018E-02
-14.4168 4.024202E-02
-14.3968 4.118232E-02
-14.3768 4.214072E-02
-14.3568 4.311807E-02
-14.3367 4.411412E-02
-14.3167 4.513016E-02
-14.2967 4.616652E-02
-14.2767 4.722303E-02
-14.2567 4.830170E-02
-14.2367 4.940253E-02
-14.2167 5.052665E-02
-14.1967 5.167450E-02
-14.1767 5.284735E-02
-14.1567 5.404708E-02
-14.1366 5.527450E-02
-14.1166 5.653126E-02
-14.0966 5.781774E-02
-14.0766 5.913733E-02
-14.0566 6.049026E-02
-14.0366 6.188006E-02
-14.0166 6.330779E-02
-13.9966 6.477610E-02
-13.9766 6.628740E-02
-13.9566 6.784389E-02
-13.9365 6.944952E-02
-13.9165 7.110661E-02
-13.8965 7.281834E-02
-13.8765 7.458849E-02
-13.8565 7.642175E-02
-13.8365 7.832096E-02
-13.8165 8.029103E-02
-13.7965 8.233753E-02
-13.7765 8.446520E-02
-13.7565 8.667911E-02
-13.7364 8.898684E-02
-13.7164 9.139379E-02
-13.6964 9.390784E-02
-13.6764 9.653698E-02
-13.6564 9.928983E-02
-13.6364 1.021758E-01
-13.6164 1.052050E-01
-13.5964 1.083892E-01
-13.5764 1.117412E-01
-13.5564 1.152737E-01
-13.5363 1.190028E-01
-13.5163 1.229460E-01
-13.4963 1.271208E-01
-13.4763 1.315490E-01
-13.4563 1.362543E-01
-13.4363 1.412620E-01
-13.4163 1.466027E-01
-13.3963 1.523099E-01
-13.3763 1.584199E-01
-13.3563 1.649767E-01
-13.3362 1.720291E-01
-13.3162 1.796335E-01
-13.2962 1.878535E-01
-13.2762 1.967621E-01
-13.2562 2.064454E-01
-13.2362 2.170030E-01
-13.2162 2.285466E-01
-13.1962 2.412086E-01
-13.1762 2.551440E-01
-13.1562 2.705291E-01
-13.1361 2.875694E-01
-13.1161 3.064926E-01
-13.0961 3.275642E-01
-13.0761 3.510697E-01
-13.0561 3.773131E-01
-13.0361 4.066045E-01
-13.0161 4.392227E-01
-12.9961 4.753874E-01
-12.9761 5.151998E-01
-12.9561 5.586074E-01
-12.9360 6.053815E-01
-12.9160 6.551585E-01
-12.8960 7.075534E-01
-12.8760 7.622494E-01
-12.8560 8.187853E-01
-12.8360 8.756661E-01
-12.8160 9.284775E-01
-12.7960 9.679690E-01
-12.7760 9.812337E-01
-12.7560 9.590302E-01
-12.7359 9.046368E-01
-12.7159 8.331115E-01
-12.6959 7.612045E-01
-12.6759 6.995009E-01
-12.6559 6.518550E-01
-12.6359 6.181340E-01
-12.6159 5.966898E-01
-12.5959 5.856725E-01
-12.5759 5.835540E-01
-12.5559 5.892508E-01
-12.5358 6.021074E-01
-12.5158 6.218263E-01
-12.4958 6.483983E-01
-12.4758 6.820353E-01
-12.4558 7.230986E-01
-12.4358 7.720671E-01
-12.4158 8.294602E-01
-12.3958 8.958057E-01
-12.3758 9.716190E-01
-12.3558 1.057472E+00
-12.3357 1.154314E+00
-12.3157 1.264015E+00
-12.2957 1.390012E+00
-12.2757 1.537127E+00
-12.2557 1.709075E+00
-12.2357 1.902776E+00
-12.2157 2.102810E+00
-12.1957 2.283535E+00
-12.1757 2.417925E+00
-12.1557 2.472867E+00
-12.1356 2.415309E+00
-12.1156 2.259987E+00
-12.0956 2.063275E+00
-12.0756 1.870990E+00
-12.0556 1.703513E+00
-12.0356 1.566098E+00
-12.0156 1.458246E+00
-11.9956 1.378171E+00
-11.9756 1.324535E+00
-11.9556 1.296930E+00
-11.9355 1.295605E+00
-11.9155 1.320677E+00
-11.8955 1.372153E+00
-11.8755 1.452648E+00
-11.8555 1.570616E+00
-11.8355 1.736097E+00
-11.8155 1.945419E+00
-11.7955 2.157655E+00
-11.7755 2.286300E+00
-11.7555 2.258658E+00
-11.7354 2.101140E+00
-11.7154 1.911283E+00
-11.6954 1.765608E+00
-11.6754 1.691612E+00
-11.6554 1.687863E+00
-11.6354 1.743242E+00
-11.6154 1.844923E+00
-11.5954 1.979477E+00
-11.5754 2.129927E+00
-11.5554 2.270498E+00
-11.5353 2.366320E+00
-11.5153 2.388756E+00
-11.4953 2.339681E+00
-11.4753 2.254415E+00
-11.4553 2.175106E+00
-11.4353 2.125332E+00
-11.4153 2.107204E+00
-11.3953 2.113527E+00
-11.3753 2.136992E+00
-11.3553 2.165984E+00
-11.3352 2.174558E+00
-11.3152 2.131018E+00
-11.2952 2.035186E+00
-11.2752 1.930770E+00
-11.2552 1.863919E+00
-11.2352 1.855222E+00
-11.2152 1.908182E+00
-11.1952 2.022015E+00
-11.1752 2.194175E+00
-11.1552 2.416561E+00
-11.1351 2.670827E+00
-11.1151 2.923235E+00
-11.0951 3.128142E+00
-11.0751 3.258063E+00
-11.0551 3.336885E+00
-11.0351 3.414338E+00
-11.0151 3.502401E+00
-10.9951 3.567442E+00
-10.9751 3.592123E+00
-10.9551 3.604041E+00
-10.9350 3.639167E+00
-10.9150 3.709604E+00
-10.8950 3.803895E+00
-10.8750 3.907719E+00
-10.8550 4.017860E+00
-10.8350 4.131462E+00
-10.8150 4.226960E+00
-10.7950 4.262929E+00
-10.7750 4.199051E+00
-10.7550 4.018748E+00
-10.7349 3.740506E+00
-10.7149 3.416356E+00
-10.6949 3.099057E+00
-10.6749 2.802045E+00
-10.6549 2.519489E+00
-10.6349 2.272967E+00
-10.6149 2.090942E+00
-10.5949 1.979803E+00
-10.5749 1.933887E+00
-10.5549 1.949459E+00
-10.5348 2.028130E+00
-10.5148 2.175977E+00
-10.4948 2.400589E+00
-10.4748 2.701762E+00
-10.4548 3.054483E+00
-10.4348 3.402206E+00
-10.4148 3.692293E+00
-10.3948 3.901662E+00
-10.3748 3.983265E+00
-10.3548 3.879780E+00
-10.3347 3.631985E+00
-10.3147 3.355751E+00
-10.2947 3.135496E+00
-10.2747 2.992908E+00
-10.2547 2.908027E+00
-10.2347 2.849151E+00
-10.2147 2.806975E+00
-10.1947 2.802311E+00
-10.1747 2.853677E+00
-10.1547 2.947544E+00
-10.1346 3.036502E+00
-10.1146 3.074462E+00
-10.0946 3.066849E+00
-10.0746 3.056647E+00
-10.0546 3.063134E+00
-10.0346 3.065341E+00
-10.0146 3.035506E+00
-9.9946 2.970554E+00
-9.9746 2.886413E+00
-9.9546 2.798009E+00
-9.9345 2.713926E+00
-9.9145 2.641374E+00
-9.8945 2.589023E+00
-9.8745 2.564254E+00
-9.8545 2.570908E+00
-9.8345 2.611357E+00
-9.8145 2.688502E+00
-9.7945 2.806159E+00
-9.7745 2.970693E+00
-9.7545 3.193825E+00
-9.7344 3.491071E+00
-9.7144 3.866637E+00
-9.6944 4.278096E+00
-9.6744 4.610071E+00
-9.6544 4.751892E+00
-9.6344 4.741965E+00
-9.6144 4.703449E+00
-9.5944 4.656596E+00
-9.5744 4.527247E+00
-9.5544 4.339716E+00
-9.5343 4.238019E+00
-9.5143 4.299039E+00
-9.4943 4.395508E+00
-9.4743 4.216527E+00
-9.4543 3.641068E+00
-9.4343 2.932159E+00
-9.4143 2.333965E+00
-9.3943 1.896983E+00
-9.3743 1.588083E+00
-9.3543 1.366937E+00
-9.3342 1.204044E+00
-9.3142 1.080261E+00
-9.2942 9.833579E-01
-9.2742 9.054721E-01
-9.2542 8.414057E-01
-9.2342 7.876537E-01
-9.2142 7.417785E-01
-9.1942 7.020446E-01
-9.1742 6.671974E-01
-9.1542 6.362955E-01
-9.1341 6.086303E-01
-9.1141 5.836596E-01
-9.0941 5.609536E-01
-9.0741 5.401775E-01
-9.0541 5.210612E-01
-9.0341 5.033844E-01
-9.0141 4.869673E-01
-8.9941 4.716607E-01
-8.9741 4.573416E-01
-8.9541 4.439059E-01
-8.9340 4.312622E-01
-8.9140 4.193366E-01
-8.8940 4.080642E-01
-8.8740 3.973875E-01
-8.8540 3.872586E-01
-8.8340 3.776324E-01
-8.8140 3.684718E-01
-8.7940 3.597436E-01
-8.7740 3.514168E-01
-8.7540 3.434638E-01
-8.7339 3.358607E-01
-8.7139 3.285857E-01
-8.6939 3.216177E-01
-8.6739 3.149387E-01
-8.6539 3.085320E-01
-8.6339 3.023821E-01
-8.6139 2.964744E-01
-8.5939 2.907954E-01
-8.5739 2.853331E-01
-8.5539 2.800761E-01
-8.5338 2.750135E-01
-8.5138 2.701350E-01
-8.4938 2.654320E-01
-8.4738 2.608951E-01
-8.4538 2.565166E-01
-8.4338 2.522886E-01
-8.4138 2.482039E-01
-8.3938 2.442557E-01
-8.3738 2.404381E-01
-8.3538 2.367447E-01
-8.3337 2.331701E-01
-8.3137 2.297091E-01
-8.2937 2.263560E-01
-8.2737 2.231077E-01
-8.2537 2.199587E-01
-8.2337 2.169053E-01
-8.2137 2.139436E-01
-8.1937 2.110697E-01
-8.1737 2.082807E-01
-8.1537 2.055732E-01
-8.1336 2.029442E-01
-8.1136 2.003907E-01
-8.0936 1.979100E-01
-8.0736 1.954998E-01
-8.0536 1.931577E-01
-8.0336 1.908808E-01
-8.0136 1.886680E-01
-7.9936 1.865164E-01
-7.9736 1.844242E-01
-7.9536 1.823899E-01
-7.9335 1.804110E-01
-7.9135 1.784866E-01
-7.8935 1.766144E-01
-7.8735 1.747933E-01
-7.8535 1.730216E-01
-7.8335 1.712975E-01
-7.8135 1.696203E-01
-7.7935 1.679879E-01
-7.7735 1.663991E-01
-7.7535 1.648531E-01
-7.7334 1.633483E-01
-7.7134 1.618832E-01
-7.6934 1.604570E-01
-7.6734 1.590682E-01
-7.6534 1.577162E-01
-7.6334 1.563993E-01
-7.6134 1.551166E-01
-7.5934 1.538672E-01
-7.5734 1.526498E-01
-7.5534 1.514634E-01
-7.5333 1.503072E-01
-7.5133 1.491798E-01
-7.4933 1.480803E-01
-7.4733 1.470081E-01
-7.4533 1.459617E-01
-7.4333 1.449406E-01
-7.4133 1.439436E-01
-7.3933 1.429698E-01
-7.3733 1.420181E-01
-7.3533 1.410881E-01
-7.3332 1.401783E-01
-7.3132 1.392881E-01
-7.2932 1.384166E-01
-7.2732 1.375629E-01
-7.2532 1.367261E-01
-7.2332 1.359054E-01
-7.2132 1.351000E-01
-7.1932 1.343089E-01
-7.1732 1.335314E-01
-7.1532 1.327665E-01
-7.1331 1.320138E-01
-7.1131 1.312723E-01
-7.0931 1.305410E-01
-7.0731 1.298195E-01
-7.0531 1.291070E-01
-7.0331 1.284026E-01
-7.0131 1.277057E-01
-6.9931 1.270156E-01
-6.9731 1.263317E-01
-6.9531 1.256534E-01
-6.9330 1.249801E-01
-6.9130 1.243110E-01
-6.8930 1.236457E-01
-6.8730 1.229837E-01
-6.8530 1.223243E-01
-6.8330 1.216671E-01
-6.8130 1.210118E-01
-6.7930 1.203577E-01
-6.7730 1.197046E-01
-6.7530 1.190522E-01
-6.7329 1.183998E-01
-6.7129 1.177473E-01
-6.6929 1.170945E-01
-6.6729 1.164410E-01
-6.6529 1.157867E-01
-6.6329 1.151312E-01
-6.6129 1.144746E-01
-6.5929 1.138166E-01
-6.5729 1.131571E-01
-6.5529 1.124960E-01
-6.5328 1.118332E-01
-6.5128 1.111688E-01
-6.4928 1.105027E-01
-6.4728 1.098350E-01
-6.4528 1.091655E-01
-6.4328 1.084946E-01
-6.4128 1.078220E-01
-6.3928 1.071481E-01
-6.3728 1.064728E-01
-6.3528 1.057964E-01
-6.3327 1.051190E-01
-6.3127 1.044406E-01
-6.2927 1.037617E-01
-6.2727 1.030820E-01
-6.2527 1.024020E-01
-6.2327 1.017220E-01
-6.2127 1.010421E-01
-6.1927 1.003622E-01
-6.1727 9.968309E-02
-6.1527 9.900453E-02
-6.1326 9.832701E-02
-6.1126 9.765070E-02
-6.0926 9.697573E-02
-6.0726 9.630245E-02
-6.0526 9.563113E-02
-6.0326 9.496191E-02
-6.0126 9.429507E-02
-5.9926 9.363083E-02
-5.9726 9.296941E-02
-5.9526 9.231113E-02
-5.9325 9.165617E-02
-5.9125 9.100467E-02
-5.8925 9.035697E-02
-5.8725 8.971334E-02
-5.8525 8.907386E-02
-5.8325 8.843867E-02
-5.8125 8.780821E-02
-5.7925 8.718264E-02
-5.7725 8.656215E-02
-5.7525 8.594676E-02
-5.7324 8.533669E-02
-5.7124 8.473241E-02
-5.6924 8.413372E-02
-5.6724 8.354102E-02
-5.6524 8.295444E-02
-5.6324 8.237416E-02
-5.6124 8.180025E-02
-5.5924 8.123280E-02
-5.5724 8.067217E-02
-5.5524 8.011836E-02
-5.5323 7.957148E-02
-5.5123 7.903178E-02
-5.4923 7.849920E-02
-5.4723 7.797391E-02
-5.4523 7.745606E-02
-5.4323 7.694574E-02
-5.4123 7.644308E-02
-5.3923 7.594804E-02
-5.3723 7.546087E-02
-5.3523 7.498148E-02
-5.3322 7.451011E-02
-5.3122 7.404671E-02
-5.2922 7.359142E-02
-5.2722 7.314429E-02
-5.2522 7.270533E-02
-5.2322 7.227455E-02
-5.2122 7.185213E-02
-5.1922 7.143808E-02
-5.1722 7.103237E-02
-5.1522 7.063509E-02
-5.1321 7.024626E-02
-5.1121 6.986590E-02
-5.0921 6.949405E-02
-5.0721 6.913081E-02
-5.0521 6.877613E-02
-5.0321 6.843003E-02
-5.0121 6.809256E-02
-4.9921 6.776373E-02
-4.9721 6.744357E-02
-4.9521 6.713217E-02
-4.9320 6.682937E-02
-4.9120 6.653538E-02
-4.8920 6.625021E-02
-4.8720 6.597371E-02
-4.8520 6.570611E-02
-4.8320 6.544730E-02
-4.8120 6.519738E-02
-4.7920 6.495636E-02
-4.7720 6.472423E-02
-4.7520 6.450109E-02
-4.7319 6.428703E-02
-4.7119 6.408194E-02
-4.6919 6.388594E-02
-4.6719 6.369912E-02
-4.6519 6.352148E-02
-4.6319 6.335314E-02
-4.6119 6.319412E-02
-4.5919 6.304444E-02
-4.5719 6.290425E-02
-4.5519 6.277371E-02
-4.5318 6.265273E-02
-4.5118 6.254147E-02
-4.4918 6.244011E-02
-4.4718 6.234866E-02
-4.4518 6.226728E-02
-4.4318 6.219612E-02
-4.4118 6.213528E-02
-4.3918 6.208491E-02
-4.3718 6.204516E-02
-4.3518 6.201630E-02
-4.3317 6.199832E-02
-4.3117 6.199149E-02
-4.2917 6.199609E-02
-4.2717 6.201219E-02
-4.2517 6.204006E-02
-4.2317 6.207996E-02
-4.2117 6.213212E-02
-4.1917 6.219681E-02
-4.1717 6.227425E-02
-4.1517 6.236473E-02
-4.1316 6.246866E-02
-4.1116 6.258620E-02
-4.0916 6.271777E-02
-4.0716 6.286361E-02
-4.0516 6.302413E-02
-4.0316 6.319975E-02
-4.0116 6.339072E-02
-3.9916 6.359765E-02
-3.9716 6.382084E-02
-3.9516 6.406054E-02
-3.9315 6.431743E-02
-3.9115 6.459179E-02
-3.8915 6.488429E-02
-3.8715 6.519520E-02
-3.8515 6.552507E-02
-3.8315 6.587436E-02
-3.8115 6.624357E-02
-3.7915 6.663317E-02
-3.7715 6.704372E-02
-3.7515 6.747580E-02
-3.7314 6.792971E-02
-3.7114 6.840606E-02
-3.6914 6.890532E-02
-3.6714 6.942791E-02
-3.6514 6.997416E-02
-3.6314 7.054462E-02
-3.6114 7.113966E-02
-3.5914 7.175959E-02
-3.5714 7.240474E-02
-3.5514 7.307524E-02
-3.5313 7.377133E-02
-3.5113 7.449295E-02
-3.4913 7.524037E-02
-3.4713 7.601332E-02
-3.4513 7.681148E-02
-3.4313 7.763472E-02
-3.4113 7.848262E-02
-3.3913 7.935444E-02
-3.3713 8.024953E-02
-3.3513 8.116664E-02
-3.3312 8.210505E-02
-3.3112 8.306323E-02
-3.2912 8.403982E-02
-3.2712 8.503296E-02
-3.2512 8.604080E-02
-3.2312 8.706131E-02
-3.2112 8.809205E-02
-3.1912 8.913015E-02
-3.1712 9.017340E-02
-3.1512 9.121853E-02
-3.1311 9.226221E-02
-3.1111 9.330167E-02
-3.0911 9.433311E-02
-3.0711 9.535273E-02
-3.0511 9.635746E-02
-3.0311 9.734321E-02
-3.0111 9.830665E-02
-2.9911 9.924401E-02
-2.9711 1.001518E-01
-2.9511 1.010264E-01
-2.9310 1.018651E-01
-2.9110 1.026644E-01
-2.8910 1.034218E-01
-2.8710 1.041350E-01
-2.8510 1.048014E-01
-2.8310 1.054195E-01
-2.8110 1.059879E-01
-2.7910 1.065053E-01
-2.7710 1.069710E-01
-2.7510 1.073850E-01
-2.7309 1.077470E-01
-2.7109 1.080575E-01
-2.6909 1.083172E-01
-2.6709 1.085272E-01
-2.6509 1.086886E-01
-2.6309 1.088033E-01
-2.6109 1.088726E-01
-2.5909 1.088987E-01
-2.5709 1.088836E-01
-2.5509 1.088295E-01
-2.5308 1.087385E-01
-2.5108 1.086130E-01
-2.4908 1.084554E-01
-2.4708 1.082678E-01
-2.4508 1.080525E-01
-2.4308 1.078119E-01
-2.4108 1.075479E-01
-2.3908 1.072628E-01
-2.3708 1.069584E-01
-2.3508 1.066364E-01
-2.3307 1.062989E-01
-2.3107 1.059474E-01
-2.2907 1.055834E-01
-2.2707 1.052085E-01
-2.2507 1.048237E-01
-2.2307 1.044303E-01
-2.2107 1.040296E-01
-2.1907 1.036222E-01
-2.1707 1.032095E-01
-2.1507 1.027919E-01
-2.1306 1.023703E-01
-2.1106 1.019452E-01
-2.0906 1.015174E-01
-2.0706 1.010873E-01
-2.0506 1.006554E-01
-2.0306 1.002219E-01
-2.0106 9.978758E-02
-1.9906 9.935226E-02
-1.9706 9.891652E-02
-1.9506 9.848073E-02
-1.9305 9.804486E-02
-1.9105 9.760916E-02
-1.8905 9.717393E-02
-1.8705 9.673940E-02
-1.8505 9.630568E-02
-1.8305 9.587282E-02
-1.8105 9.544114E-02
-1.7905 9.501069E-02
-1.7705 9.458181E-02
-1.7505 9.415467E-02
-1.7304 9.372920E-02
-1.7104 9.330595E-02
-1.6904 9.288468E-02
-1.6704 9.246609E-02
-1.6504 9.205014E-02
-1.6304 9.163701E-02
-1.6104 9.122703E-02
-1.5904 9.082040E-02
-1.5704 9.041749E-02
-1.5504 9.001841E-02
-1.5303 8.962355E-02
-1.5103 8.923329E-02
-1.4903 8.884774E-02
-1.4703 8.846732E-02
-1.4503 8.809212E-02
-1.4303 8.772283E-02
-1.4103 8.735953E-02
-1.3903 8.700261E-02
-1.3703 8.665236E-02
-1.3503 8.630918E-02
-1.3302 8.597336E-02
-1.3102 8.564538E-02
-1.2902 8.532538E-02
-1.2702 8.501373E-02
-1.2502 8.471112E-02
-1.2302 8.441739E-02
-1.2102 8.413326E-02
-1.1902 8.385893E-02
-1.1702 8.359473E-02
-1.1502 8.334100E-02
-1.1301 8.309812E-02
-1.1101 8.286641E-02
-1.0901 8.264610E-02
-1.0701 8.243774E-02
-1.0501 8.224153E-02
-1.0301 8.205773E-02
-1.0101 8.188677E-02
-0.9901 8.172896E-02
-0.9701 8.158453E-02
-0.9501 8.145383E-02
-0.9300 8.133722E-02
-0.9100 8.123497E-02
-0.8900 8.114737E-02
-0.8700 8.107469E-02
-0.8500 8.101736E-02
-0.8300 8.097557E-02
-0.8100 8.094959E-02
-0.7900 8.093984E-02
-0.7700 8.094646E-02
-0.7500 8.096978E-02
-0.7299 8.101023E-02
-0.7099 8.106786E-02
-0.6899 8.114307E-02
-0.6699 8.123614E-02
-0.6499 8.134739E-02
-0.6299 8.147694E-02
-0.6099 8.162506E-02
-0.5899 8.179217E-02
-0.5699 8.197842E-02
-0.5499 8.218401E-02
-0.5298 8.240912E-02
-0.5098 8.265408E-02
-0.4898 8.291905E-02
-0.4698 8.320420E-02
-0.4498 8.350969E-02
-0.4298 8.383561E-02
-0.4098 8.418211E-02
-0.3898 8.454945E-02
-0.3698 8.493749E-02
-0.3498 8.534617E-02
-0.3297 8.577567E-02
-0.3097 8.622597E-02
-0.2897 8.669693E-02
-0.2697 8.718821E-02
-0.2497 8.769995E-02
-0.2297 8.823143E-02
-0.2097 8.878286E-02
-0.1897 8.935339E-02
-0.1697 8.994265E-02
-0.1497 9.055043E-02
-0.1296 9.117572E-02
-0.1096 9.181774E-02
-0.0896 9.247599E-02
-0.0696 9.314953E-02
-0.0496 9.383711E-02
-0.0296 9.453777E-02
-0.0096 9.525030E-02
0.0104 9.597309E-02
0.0304 9.670551E-02
0.0504 9.744509E-02
0.0705 9.819090E-02
0.0905 9.894083E-02
0.1105 9.969346E-02
0.1305 1.004467E-01
0.1505 1.011986E-01
0.1705 1.019473E-01
0.1905 1.026911E-01
0.2105 1.034274E-01
0.2305 1.041546E-01
0.2505 1.048706E-01
0.2706 1.055734E-01
0.2906 1.062610E-01
0.3106 1.069317E-01
0.3306 1.075835E-01
0.3506 1.082150E-01
0.3706 1.088246E-01
0.3906 1.094108E-01
0.4106 1.099724E-01
0.4306 1.105083E-01
0.4506 1.110177E-01
0.4707 1.114999E-01
0.4907 1.119543E-01
0.5107 1.123805E-01
0.5307 1.127784E-01
0.5507 1.131484E-01
0.5707 1.134902E-01
0.5907 1.138044E-01
0.6107 1.140915E-01
0.6307 1.143525E-01
0.6507 1.145880E-01
0.6708 1.147991E-01
0.6908 1.149866E-01
0.7108 1.151520E-01
0.7308 1.152965E-01
0.7508 1.154212E-01
0.7708 1.155276E-01
0.7908 1.156169E-01
0.8108 1.156909E-01
0.8308 1.157506E-01
0.8508 1.157974E-01
0.8709 1.158326E-01
0.8909 1.158577E-01
0.9109 1.158738E-01
0.9309 1.158821E-01
0.9509 1.158839E-01
0.9709 1.158801E-01
0.9909 1.158718E-01
1.0109 1.158599E-01
1.0309 1.158453E-01
1.0509 1.158288E-01
1.0710 1.158110E-01
1.0910 1.157928E-01
1.1110 1.157746E-01
1.1310 1.157567E-01
1.1510 1.157398E-01
1.1710 1.157242E-01
1.1910 1.157102E-01
1.2110 1.156979E-01
1.2310 1.156874E-01
1.2510 1.156791E-01
1.2711 1.156728E-01
1.2911 1.156686E-01
1.3111 1.156663E-01
1.3311 1.156660E-01
1.3511 1.156674E-01
1.3711 1.156703E-01
1.3911 1.156746E-01
1.4111 1.156799E-01
1.4311 1.156861E-01
1.4511 1.156927E-01
1.4712 1.156995E-01
1.4912 1.157061E-01
1.5112 1.157123E-01
1.5312 1.157174E-01
1.5512 1.157212E-01
1.5712 1.157234E-01
1.5912 1.157235E-01
1.6112 1.157210E-01
1.6312 1.157158E-01
1.6512 1.157073E-01
1.6713 1.156952E-01
1.6913 1.156792E-01
1.7113 1.156588E-01
1.7313 1.156339E-01
1.7513 1.156040E-01
1.7713 1.155689E-01
1.7913 1.155283E-01
1.8113 1.154820E-01
1.8313 1.154299E-01
1.8513 1.153715E-01
1.8714 1.153070E-01
1.8914 1.152360E-01
1.9114 1.151586E-01
1.9314 1.150745E-01
1.9514 1.149841E-01
1.9714 1.148869E-01
1.9914 1.147833E-01
2.0114 1.146732E-01
2.0314 1.145567E-01
2.0514 1.144336E-01
2.0715 1.143047E-01
2.0915 1.141695E-01
2.1115 1.140288E-01
2.1315 1.138821E-01
2.1515 1.137302E-01
2.1715 1.135732E-01
2.1915 1.134111E-01
2.2115 1.132446E-01
2.2315 1.130736E-01
2.2515 1.128986E-01
2.2716 1.127199E-01
2.2916 1.125377E-01
2.3116 1.123524E-01
2.3316 1.121643E-01
2.3516 1.119737E-01
2.3716 1.117809E-01
2.3916 1.115863E-01
2.4116 1.113902E-01
2.4316 1.111928E-01
2.4516 1.109946E-01
2.4717 1.107958E-01
2.4917 1.105964E-01
2.5117 1.103971E-01
2.5317 1.101980E-01
2.5517 1.099995E-01
2.5717 1.098016E-01
2.5917 1.096046E-01
2.6117 1.094089E-01
2.6317 1.092145E-01
2.6517 1.090218E-01
2.6718 1.088309E-01
2.6918 1.086419E-01
2.7118 1.084550E-01
2.7318 1.082705E-01
2.7518 1.080883E-01
2.7718 1.079087E-01
2.7918 1.077318E-01
2.8118 1.075577E-01
2.8318 1.073864E-01
2.8518 1.072182E-01
2.8719 1.070530E-01
2.8919 1.068909E-01
2.9119 1.067319E-01
2.9319 1.065763E-01
2.9519 1.064239E-01
2.9719 1.062748E-01
2.9919 1.061291E-01
3.0119 1.059867E-01
3.0319 1.058478E-01
3.0519 1.057124E-01
3.0720 1.055802E-01
3.0920 1.054516E-01
3.1120 1.053262E-01
3.1320 1.052045E-01
3.1520 1.050860E-01
3.1720 1.049710E-01
3.1920 1.048595E-01
3.2120 1.047513E-01
3.2320 1.046464E-01
3.2520 1.045452E-01
3.2721 1.044470E-01
3.2921 1.043523E-01
3.3121 1.042608E-01
3.3321 1.041728E-01
3.3521 1.040879E-01
3.3721 1.040064E-01
3.3921 1.039281E-01
3.4121 1.038531E-01
3.4321 1.037812E-01
3.4521 1.037126E-01
3.4722 1.036472E-01
3.4922 1.035848E-01
3.5122 1.035258E-01
3.5322 1.034698E-01
3.5522 1.034171E-01
3.5722 1.033674E-01
3.5922 1.033208E-01
3.6122 1.032774E-01
3.6322 1.032370E-01
3.6522 1.017077E-01
3.6723 1.031654E-01
3.6923 1.031343E-01
3.7123 1.031061E-01
3.7323 1.030810E-01
3.7523 1.030590E-01
3.7723 1.030399E-01
3.7923 1.030239E-01
3.8123 1.030108E-01
3.8323 1.030006E-01
3.8523 1.029935E-01
3.8724 1.029892E-01
3.8924 1.029879E-01
3.9124 1.018033E-01
3.9324 1.029939E-01
3.9524 1.030011E-01
3.9724 1.014083E-01
3.9924 1.030240E-01
4.0124 1.030396E-01
4.0324 1.030579E-01
4.0524 1.030788E-01
4.0725 1.031023E-01
4.0925 1.031285E-01
4.1125 1.031571E-01
4.1325 1.031882E-01
4.1525 1.032217E-01
4.1725 1.032575E-01
4.1925 1.032957E-01
4.2125 1.033358E-01
4.2325 1.019828E-01
4.2525 1.034227E-01
4.2726 1.034690E-01
4.2926 1.029004E-01
4.3126 1.035671E-01
4.3326 1.036186E-01
4.3526 1.036717E-01
4.3726 1.037262E-01
4.3926 1.037820E-01
4.4126 1.038390E-01
4.4326 1.038969E-01
4.4526 1.039559E-01
4.4727 1.040155E-01
4.4927 1.040759E-01
4.5127 1.041366E-01
4.5327 1.041978E-01
4.5527 1.022504E-01
4.5727 1.043204E-01
4.5927 1.036270E-01
4.6127 1.044424E-01
4.6327 1.045029E-01
4.6527 1.045625E-01
4.6728 1.046215E-01
4.6928 1.046795E-01
4.7128 1.047363E-01
4.7328 1.047919E-01
4.7528 1.048460E-01
4.7728 1.048984E-01
4.7928 1.049490E-01
4.8128 1.049977E-01
4.8328 1.050443E-01
4.8528 1.050886E-01
4.8729 1.016669E-01
4.8929 1.051697E-01
4.9129 1.037796E-01
4.9329 1.052401E-01
4.9529 1.052710E-01
4.9729 1.052987E-01
4.9929 1.053233E-01
5.0129 1.053447E-01
5.0329 1.053627E-01
5.0529 1.053772E-01
5.0730 1.053882E-01
5.0930 1.053957E-01
5.1130 1.053995E-01
5.1330 1.053997E-01
5.1530 1.053962E-01
5.1730 1.053891E-01
5.1930 1.005700E-01
5.2130 1.053638E-01
5.2330 1.030771E-01
5.2530 1.053238E-01
5.2731 1.052986E-01
5.2931 1.052697E-01
5.3131 1.052373E-01
5.3331 1.052015E-01
5.3531 1.051624E-01
5.3731 1.051201E-01
5.3931 1.050747E-01
5.4131 1.050264E-01
5.4331 1.049751E-01
5.4531 1.049211E-01
5.4732 1.048645E-01
5.4932 1.048054E-01
5.5132 9.957632E-02
5.5332 1.046804E-01
5.5532 1.019248E-01
5.5732 1.045472E-01
5.5932 1.044780E-01
5.6132 1.044073E-01
5.6332 1.043352E-01
5.6532 1.042619E-01
5.6733 1.041876E-01
5.6933 1.041125E-01
5.7133 1.040366E-01
5.7333 1.039603E-01
5.7533 1.038837E-01
5.7733 1.038068E-01
5.7933 1.037298E-01
5.8133 1.036532E-01
5.8333 9.915432E-02
5.8533 1.035007E-01
5.8734 1.009495E-01
5.8934 1.033509E-01
5.9134 1.032774E-01
5.9334 1.032048E-01
5.9534 1.031334E-01
5.9734 1.030635E-01
5.9934 1.029948E-01
6.0134 1.029280E-01
6.0334 1.028627E-01
6.0534 1.027994E-01
6.0735 1.027379E-01
6.0935 1.026784E-01
6.1135 1.026210E-01
6.1335 1.025659E-01
6.1535 9.948584E-02
6.1735 1.024627E-01
6.1935 1.005921E-01
6.2135 1.023695E-01
6.2335 1.023267E-01
6.2535 1.022866E-01
6.2736 1.022494E-01
6.2936 1.022147E-01
6.3136 1.021830E-01
6.3336 1.021541E-01
6.3536 1.021283E-01
6.3736 1.021054E-01
6.3936 1.020854E-01
6.4136 1.020685E-01
6.4336 1.020547E-01
6.4536 1.020439E-01
6.4737 1.005347E-01
6.4937 1.020315E-01
6.5137 1.010031E-01
6.5337 1.020315E-01
6.5537 1.020363E-01
6.5737 1.020441E-01
6.5937 1.020550E-01
6.6137 1.020690E-01
6.6337 1.020861E-01
6.6537 1.021063E-01
6.6738 1.021296E-01
6.6938 1.021559E-01
6.7138 1.021853E-01
6.7338 1.022176E-01
6.7538 1.022530E-01
6.7738 1.022913E-01
6.7938 1.021465E-01
6.8138 1.023767E-01
6.8338 1.021256E-01
6.8538 1.024737E-01
6.8739 1.025263E-01
6.8939 1.025818E-01
6.9139 1.026401E-01
6.9339 1.027010E-01
6.9539 1.027646E-01
6.9739 1.028308E-01
6.9939 1.028997E-01
7.0139 1.029709E-01
7.0339 1.030448E-01
7.0539 1.031212E-01
7.0740 1.031998E-01
7.0940 1.032809E-01
7.1140 1.041104E-01
7.1340 1.034499E-01
7.1540 1.037931E-01
7.1740 1.036279E-01
7.1940 1.037199E-01
7.2140 1.038141E-01
7.2340 1.039104E-01
7.2540 1.040086E-01
7.2741 1.041087E-01
7.2941 1.042106E-01
7.3141 1.043145E-01
7.3341 1.044200E-01
7.3541 1.045271E-01
7.3741 1.046360E-01
7.3941 1.047464E-01
7.4141 1.048584E-01
7.4341 1.061814E-01
7.4541 1.050867E-01
7.4742 1.057864E-01
7.4942 1.053203E-01
7.5142 1.054390E-01
7.5342 1.055589E-01
7.5542 1.056800E-01
7.5742 1.058020E-01
7.5942 1.059250E-01
7.6142 1.060491E-01
7.6342 1.061738E-01
7.6542 1.062996E-01
7.6743 1.064260E-01
7.6943 1.065531E-01
7.7143 1.066807E-01
7.7343 1.068090E-01
7.7543 1.080952E-01
7.7743 1.070669E-01
7.7943 1.078535E-01
7.8143 1.073262E-01
7.8343 1.074563E-01
7.8543 1.075864E-01
7.8744 1.077167E-01
7.8944 1.078470E-01
7.9144 1.079773E-01
7.9344 1.081075E-01
7.9544 1.082374E-01
7.9744 1.083672E-01
7.9944 1.084967E-01
8.0144 1.086257E-01
8.0344 1.087543E-01
8.0544 1.088824E-01
8.0745 1.096051E-01
8.0945 1.091368E-01
8.1145 1.097260E-01
8.1345 1.093883E-01
8.1545 1.095129E-01
8.1745 1.096364E-01
8.1945 1.097591E-01
8.2145 1.098807E-01
8.2345 1.100011E-01
8.2545 1.101204E-01
8.2746 1.102384E-01
8.2946 1.103551E-01
8.3146 1.104706E-01
8.3346 1.105844E-01
8.3546 1.106969E-01
8.3746 1.108078E-01
8.3946 1.105532E-01
8.4146 1.110247E-01
8.4346 1.111611E-01
8.4546 1.112347E-01
8.4747 1.113371E-01
8.4947 1.114375E-01
8.5147 1.115361E-01
8.5347 1.116327E-01
8.5547 1.117272E-01
8.5747 1.118197E-01
8.5947 1.119102E-01
8.6147 1.119984E-01
8.6347 1.120845E-01
8.6547 1.121684E-01
8.6748 1.122501E-01
8.6948 1.123295E-01
8.7148 1.109442E-01
8.7348 1.124813E-01
8.7548 1.120161E-01
8.7748 1.126238E-01
8.7948 1.126916E-01
8.8148 1.127569E-01
8.8348 1.128198E-01
8.8548 1.128803E-01
8.8749 1.129383E-01
8.8949 1.129941E-01
8.9149 1.130472E-01
8.9349 1.130981E-01
8.9549 1.131467E-01
8.9749 1.131928E-01
8.9949 1.132365E-01
9.0149 1.132779E-01
9.0349 1.109748E-01
9.0549 1.133536E-01
9.0750 1.123206E-01
9.0950 1.134203E-01
9.1150 1.134503E-01
9.1350 1.134782E-01
9.1550 1.135039E-01
9.1750 1.135275E-01
9.1950 1.135491E-01
9.2150 1.135687E-01
9.2350 1.135862E-01
9.2550 1.136020E-01
9.2751 1.136158E-01
9.2951 1.136280E-01
9.3151 1.136385E-01
9.3351 1.136472E-01
9.3551 1.109918E-01
9.3751 1.136603E-01
9.3951 1.122967E-01
9.4151 1.136674E-01
9.4351 1.136691E-01
9.4551 1.136697E-01
9.4752 1.136691E-01
9.4952 1.136674E-01
9.5152 1.136648E-01
9.5352 1.136614E-01
9.5552 1.136573E-01
9.5752 1.136524E-01
9.5952 1.136470E-01
9.6152 1.136411E-01
9.6352 1.136349E-01
9.6552 1.136284E-01
9.6753 1.114166E-01
9.6953 1.136148E-01
9.7153 1.123096E-01
9.7353 1.136015E-01
9.7553 1.135951E-01
9.7753 1.135889E-01
9.7953 1.135833E-01
9.8153 1.135782E-01
9.8353 1.135737E-01
9.8553 1.135700E-01
9.8754 1.135671E-01
9.8954 1.135653E-01
9.9154 1.135646E-01
9.9354 1.135649E-01
9.9554 1.135666E-01
9.9754 1.135697E-01
9.9954 1.429623E-01
10.0154 1.135805E-01
10.0354 1.127898E-01
10.0554 1.135983E-01
10.0755 1.136101E-01
10.0955 1.136239E-01
10.1155 1.136399E-01
10.1355 1.136582E-01
10.1555 1.136789E-01
10.1755 1.137020E-01
10.1955 1.137279E-01
10.2155 1.137563E-01
10.2355 1.137877E-01
10.2555 1.138219E-01
10.2756 1.138592E-01
10.2956 1.138998E-01
10.3156 1.445600E-01
10.3356 1.139906E-01
10.3556 1.447580E-01
