-33.0081 5.900096E-04
-32.9881 5.911435E-04
-32.9681 5.922806E-04
-32.9481 5.934212E-04
-32.9281 5.945655E-04
-32.9080 5.957130E-04
-32.8880 5.968646E-04
-32.8680 5.980194E-04
-32.8480 5.991777E-04
-32.8280 6.003397E-04
-32.8080 6.015054E-04
-32.7880 6.026751E-04
-32.7680 6.038479E-04
-32.7480 6.050242E-04
-32.7280 6.062044E-04
-32.7079 6.073883E-04
-32.6879 6.085759E-04
-32.6679 6.097672E-04
-32.6479 6.109620E-04
-32.6279 6.121609E-04
-32.6079 6.133630E-04
-32.5879 6.145693E-04
-32.5679 6.157792E-04
-32.5479 6.169931E-04
-32.5279 6.182111E-04
-32.5078 6.194323E-04
-32.4878 6.206572E-04
-32.4678 6.218870E-04
-32.4478 6.231199E-04
-32.4278 6.243569E-04
-32.4078 6.255974E-04
-32.3878 6.268422E-04
-32.3678 6.280911E-04
-32.3478 6.293436E-04
-32.3278 6.306005E-04
-32.3077 6.318616E-04
-32.2877 6.331260E-04
-32.2677 6.343945E-04
-32.2477 6.356675E-04
-32.2277 6.369444E-04
-32.2077 6.382253E-04
-32.1877 6.395106E-04
-32.1677 6.407996E-04
-32.1477 6.420929E-04
-32.1277 6.433904E-04
-32.1076 6.446921E-04
-32.0876 6.459980E-04
-32.0676 6.473084E-04
-32.0476 6.486225E-04
-32.0276 6.499411E-04
-32.0076 6.512639E-04
-31.9876 6.525910E-04
-31.9676 6.539225E-04
-31.9476 6.552582E-04
-31.9276 6.565984E-04
-31.9075 6.579430E-04
-31.8875 6.592918E-04
-31.8675 6.606454E-04
-31.8475 6.620030E-04
-31.8275 6.633650E-04
-31.8075 6.647318E-04
-31.7875 6.661027E-04
-31.7675 6.674785E-04
-31.7475 6.688585E-04
-31.7275 6.702433E-04
-31.7074 6.716324E-04
-31.6874 6.730263E-04
-31.6674 6.744249E-04
-31.6474 6.758280E-04
-31.6274 6.772357E-04
-31.6074 6.786479E-04
-31.5874 6.800651E-04
-31.5674 6.814868E-04
-31.5474 6.829135E-04
-31.5274 6.843448E-04
-31.5073 6.857809E-04
-31.4873 6.872216E-04
-31.4673 6.886670E-04
-31.4473 6.901178E-04
-31.4273 6.915731E-04
-31.4073 6.930332E-04
-31.3873 6.944983E-04
-31.3673 6.959686E-04
-31.3473 6.974437E-04
-31.3273 6.989236E-04
-31.3072 7.004086E-04
-31.2872 7.018986E-04
-31.2672 7.033940E-04
-31.2472 7.048941E-04
-31.2272 7.063993E-04
-31.2072 7.079097E-04
-31.1872 7.094251E-04
-31.1672 7.109459E-04
-31.1472 7.124715E-04
-31.1272 7.140026E-04
-31.1071 7.155389E-04
-31.0871 7.170805E-04
-31.0671 7.186271E-04
-31.0471 7.201794E-04
-31.0271 7.217367E-04
-31.0071 7.232995E-04
-30.9871 7.248680E-04
-30.9671 7.264413E-04
-30.9471 7.280206E-04
-30.9271 7.296050E-04
-30.9070 7.311952E-04
-30.8870 7.327905E-04
-30.8670 7.343917E-04
-30.8470 7.359980E-04
-30.8270 7.376104E-04
-30.8070 7.392282E-04
-30.7870 7.408513E-04
-30.7670 7.424807E-04
-30.7470 7.441152E-04
-30.7270 7.457559E-04
-30.7069 7.474022E-04
-30.6869 7.490541E-04
-30.6669 7.507120E-04
-30.6469 7.523756E-04
-30.6269 7.540452E-04
-30.6069 7.557206E-04
-30.5869 7.574018E-04
-30.5669 7.590890E-04
-30.5469 7.607826E-04
-30.5269 7.624818E-04
-30.5068 7.641869E-04
-30.4868 7.658981E-04
-30.4668 7.676155E-04
-30.4468 7.693392E-04
-30.4268 7.710688E-04
-30.4068 7.728049E-04
-30.3868 7.745470E-04
-30.3668 7.762952E-04
-30.3468 7.780496E-04
-30.3268 7.798106E-04
-30.3067 7.815777E-04
-30.2867 7.833511E-04
-30.2667 7.851314E-04
-30.2467 7.869177E-04
-30.2267 7.887104E-04
-30.2067 7.905098E-04
-30.1867 7.923157E-04
-30.1667 7.941278E-04
-30.1467 7.959471E-04
-30.1267 7.977725E-04
-30.1066 7.996048E-04
-30.0866 8.014433E-04
-30.0666 8.032890E-04
-30.0466 8.051416E-04
-30.0266 8.070006E-04
-30.0066 8.088665E-04
-29.9866 8.107395E-04
-29.9666 8.126192E-04
-29.9466 8.145056E-04
-29.9266 8.163992E-04
-29.9065 8.182996E-04
-29.8865 8.202072E-04
-29.8665 8.221218E-04
-29.8465 8.240436E-04
-29.8265 8.259726E-04
-29.8065 8.279083E-04
-29.7865 8.298514E-04
-29.7665 8.318017E-04
-29.7465 8.337594E-04
-29.7265 8.357241E-04
-29.7064 8.376965E-04
-29.6864 8.396763E-04
-29.6664 8.416637E-04
-29.6464 8.436582E-04
-29.6264 8.456604E-04
-29.6064 8.476697E-04
-29.5864 8.496873E-04
-29.5664 8.517117E-04
-29.5464 8.537441E-04
-29.5264 8.557847E-04
-29.5063 8.578325E-04
-29.4863 8.598880E-04
-29.4663 8.619513E-04
-29.4463 8.640227E-04
-29.4263 8.661021E-04
-29.4063 8.681891E-04
-29.3863 8.702840E-04
-29.3663 8.723871E-04
-29.3463 8.744983E-04
-29.3263 8.766177E-04
-29.3062 8.787450E-04
-29.2862 8.808807E-04
-29.2662 8.830242E-04
-29.2462 8.851762E-04
-29.2262 8.873366E-04
-29.2062 8.895054E-04
-29.1862 8.916827E-04
-29.1662 8.938682E-04
-29.1462 8.960622E-04
-29.1262 8.982649E-04
-29.1061 9.004757E-04
-29.0861 9.026959E-04
-29.0661 9.049239E-04
-29.0461 9.071612E-04
-29.0261 9.094068E-04
-29.0061 9.116620E-04
-28.9861 9.139255E-04
-28.9661 9.161981E-04
-28.9461 9.184795E-04
-28.9261 9.207695E-04
-28.9060 9.230691E-04
-28.8860 9.253776E-04
-28.8660 9.276953E-04
-28.8460 9.300223E-04
-28.8260 9.323582E-04
-28.8060 9.347038E-04
-28.7860 9.370585E-04
-28.7660 9.394226E-04
-28.7460 9.417962E-04
-28.7260 9.441789E-04
-28.7059 9.465716E-04
-28.6859 9.489737E-04
-28.6659 9.513854E-04
-28.6459 9.538072E-04
-28.6259 9.562386E-04
-28.6059 9.586797E-04
-28.5859 9.611306E-04
-28.5659 9.635915E-04
-28.5459 9.660624E-04
-28.5259 9.685429E-04
-28.5058 9.710339E-04
-28.4858 9.735348E-04
-28.4658 9.760462E-04
-28.4458 9.785678E-04
-28.4258 9.810996E-04
-28.4058 9.836418E-04
-28.3858 9.861944E-04
-28.3658 9.887574E-04
-28.3458 9.913307E-04
-28.3258 9.939153E-04
-28.3057 9.965101E-04
-28.2857 9.991156E-04
-28.2657 1.001732E-03
-28.2457 1.004359E-03
-28.2257 1.006997E-03
-28.2057 1.009646E-03
-28.1857 1.012306E-03
-28.1657 1.014977E-03
-28.1457 1.017660E-03
-28.1257 1.020353E-03
-28.1056 1.023057E-03
-28.0856 1.025774E-03
-28.0656 1.028501E-03
-28.0456 1.031240E-03
-28.0256 1.033990E-03
-28.0056 1.036752E-03
-27.9856 1.039526E-03
-27.9656 1.042311E-03
-27.9456 1.045108E-03
-27.9256 1.047917E-03
-27.9055 1.050739E-03
-27.8855 1.053571E-03
-27.8655 1.056416E-03
-27.8455 1.059273E-03
-27.8255 1.062142E-03
-27.8055 1.065025E-03
-27.7855 1.067918E-03
-27.7655 1.070824E-03
-27.7455 1.073743E-03
-27.7255 1.076675E-03
-27.7054 1.079620E-03
-27.6854 1.082576E-03
-27.6654 1.085546E-03
-27.6454 1.088528E-03
-27.6254 1.091523E-03
-27.6054 1.094532E-03
-27.5854 1.097553E-03
-27.5654 1.100588E-03
-27.5454 1.103636E-03
-27.5254 1.106697E-03
-27.5053 1.109772E-03
-27.4853 1.112860E-03
-27.4653 1.115961E-03
-27.4453 1.119077E-03
-27.4253 1.122206E-03
-27.4053 1.125349E-03
-27.3853 1.128505E-03
-27.3653 1.131676E-03
-27.3453 1.134861E-03
-27.3253 1.138059E-03
-27.3052 1.141272E-03
-27.2852 1.144500E-03
-27.2652 1.147742E-03
-27.2452 1.150998E-03
-27.2252 1.154269E-03
-27.2052 1.157555E-03
-27.1852 1.160855E-03
-27.1652 1.164170E-03
-27.1452 1.167500E-03
-27.1252 1.170845E-03
-27.1051 1.174205E-03
-27.0851 1.177580E-03
-27.0651 1.180971E-03
-27.0451 1.184377E-03
-27.0251 1.187799E-03
-27.0051 1.191236E-03
-26.9851 1.194689E-03
-26.9651 1.198158E-03
-26.9451 1.201642E-03
-26.9251 1.205143E-03
-26.9050 1.208658E-03
-26.8850 1.212192E-03
-26.8650 1.215741E-03
-26.8450 1.219306E-03
-26.8250 1.222888E-03
-26.8050 1.226486E-03
-26.7850 1.230101E-03
-26.7650 1.233733E-03
-26.7450 1.237382E-03
-26.7250 1.241048E-03
-26.7049 1.244730E-03
-26.6849 1.248430E-03
-26.6649 1.252149E-03
-26.6449 1.255883E-03
-26.6249 1.259636E-03
-26.6049 1.263406E-03
-26.5849 1.267194E-03
-26.5649 1.270999E-03
-26.5449 1.274823E-03
-26.5249 1.278665E-03
-26.5048 1.282525E-03
-26.4848 1.286403E-03
-26.4648 1.290300E-03
-26.4448 1.294215E-03
-26.4248 1.298150E-03
-26.4048 1.302104E-03
-26.3848 1.306076E-03
-26.3648 1.310066E-03
-26.3448 1.314077E-03
-26.3248 1.318106E-03
-26.3047 1.322155E-03
-26.2847 1.326224E-03
-26.2647 1.330312E-03
-26.2447 1.334421E-03
-26.2247 1.338549E-03
-26.2047 1.342696E-03
-26.1847 1.346865E-03
-26.1647 1.351054E-03
-26.1447 1.355263E-03
-26.1247 1.359494E-03
-26.1046 1.363744E-03
-26.0846 1.368016E-03
-26.0646 1.372308E-03
-26.0446 1.376622E-03
-26.0246 1.380958E-03
-26.0046 1.385314E-03
-25.9846 1.389693E-03
-25.9646 1.394093E-03
-25.9446 1.398515E-03
-25.9246 1.402959E-03
-25.9045 1.407425E-03
-25.8845 1.411914E-03
-25.8645 1.416425E-03
-25.8445 1.420959E-03
-25.8245 1.425516E-03
-25.8045 1.430095E-03
-25.7845 1.434698E-03
-25.7645 1.439324E-03
-25.7445 1.443973E-03
-25.7245 1.448647E-03
-25.7044 1.453343E-03
-25.6844 1.458064E-03
-25.6644 1.462810E-03
-25.6444 1.467579E-03
-25.6244 1.472372E-03
-25.6044 1.477189E-03
-25.5844 1.482034E-03
-25.5644 1.486900E-03
-25.5444 1.491795E-03
-25.5244 1.496713E-03
-25.5043 1.501657E-03
-25.4843 1.506627E-03
-25.4643 1.511622E-03
-25.4443 1.516644E-03
-25.4243 1.521690E-03
-25.4043 1.526764E-03
-25.3843 1.531864E-03
-25.3643 1.536993E-03
-25.3443 1.542146E-03
-25.3243 1.547327E-03
-25.3042 1.552537E-03
-25.2842 1.557773E-03
-25.2642 1.563038E-03
-25.2442 1.568329E-03
-25.2242 1.573650E-03
-25.2042 1.578998E-03
-25.1842 1.584375E-03
-25.1642 1.589782E-03
-25.1442 1.595215E-03
-25.1242 1.600679E-03
-25.1041 1.606173E-03
-25.0841 1.611697E-03
-25.0641 1.617249E-03
-25.0441 1.622831E-03
-25.0241 1.628446E-03
-25.0041 1.634088E-03
-24.9841 1.639762E-03
-24.9641 1.645467E-03
-24.9441 1.651204E-03
-24.9241 1.656971E-03
-24.9040 1.662772E-03
-24.8840 1.668603E-03
-24.8640 1.674465E-03
-24.8440 1.680362E-03
-24.8240 1.686289E-03
-24.8040 1.692251E-03
-24.7840 1.698243E-03
-24.7640 1.704271E-03
-24.7440 1.710332E-03
-24.7240 1.716426E-03
-24.7039 1.722555E-03
-24.6839 1.728718E-03
-24.6639 1.734918E-03
-24.6439 1.741151E-03
-24.6239 1.747416E-03
-24.6039 1.753719E-03
-24.5839 1.760057E-03
-24.5639 1.766435E-03
-24.5439 1.772843E-03
-24.5239 1.779291E-03
-24.5038 1.785776E-03
-24.4838 1.792296E-03
-24.4638 1.798855E-03
-24.4438 1.805451E-03
-24.4238 1.812087E-03
-24.4038 1.818757E-03
-24.3838 1.825468E-03
-24.3638 1.832217E-03
-24.3438 1.839006E-03
-24.3238 1.845835E-03
-24.3037 1.852703E-03
-24.2837 1.859610E-03
-24.2637 1.866558E-03
-24.2437 1.873548E-03
-24.2237 1.880579E-03
-24.2037 1.887649E-03
-24.1837 1.894762E-03
-24.1637 1.901916E-03
-24.1437 1.909114E-03
-24.1237 1.916355E-03
-24.1036 1.923637E-03
-24.0836 1.930965E-03
-24.0636 1.938335E-03
-24.0436 1.945750E-03
-24.0236 1.953209E-03
-24.0036 1.960711E-03
-23.9836 1.968261E-03
-23.9636 1.975855E-03
-23.9436 1.983495E-03
-23.9236 1.991181E-03
-23.9035 1.998915E-03
-23.8835 2.006694E-03
-23.8635 2.014519E-03
-23.8435 2.022398E-03
-23.8235 2.030322E-03
-23.8035 2.038294E-03
-23.7835 2.046313E-03
-23.7635 2.054385E-03
-23.7435 2.062505E-03
-23.7235 2.070673E-03
-23.7034 2.078894E-03
-23.6834 2.087168E-03
-23.6634 2.095493E-03
-23.6434 2.103871E-03
-23.6234 2.112298E-03
-23.6034 2.120777E-03
-23.5834 2.129316E-03
-23.5634 2.137899E-03
-23.5434 2.146544E-03
-23.5234 2.155243E-03
-23.5033 2.163997E-03
-23.4833 2.172802E-03
-23.4633 2.181666E-03
-23.4433 2.190586E-03
-23.4233 2.199564E-03
-23.4033 2.208601E-03
-23.3833 2.217696E-03
-23.3633 2.226846E-03
-23.3433 2.236054E-03
-23.3233 2.245330E-03
-23.3032 2.254661E-03
-23.2832 2.264053E-03
-23.2632 2.273506E-03
-23.2432 2.283016E-03
-23.2232 2.292597E-03
-23.2032 2.302235E-03
-23.1832 2.311942E-03
-23.1632 2.321709E-03
-23.1432 2.331541E-03
-23.1232 2.341439E-03
-23.1031 2.351395E-03
-23.0831 2.361428E-03
-23.0631 2.371519E-03
-23.0431 2.381688E-03
-23.0231 2.391918E-03
-23.0031 2.402216E-03
-22.9831 2.412586E-03
-22.9631 2.423028E-03
-22.9431 2.433539E-03
-22.9231 2.444124E-03
-22.9030 2.454774E-03
-22.8830 2.465495E-03
-22.8630 2.476302E-03
-22.8430 2.487174E-03
-22.8230 2.498122E-03
-22.8030 2.509146E-03
-22.7830 2.520247E-03
-22.7630 2.531416E-03
-22.7430 2.542675E-03
-22.7230 2.554001E-03
-22.7029 2.565419E-03
-22.6829 2.576908E-03
-22.6629 2.588476E-03
-22.6429 2.600128E-03
-22.6229 2.611864E-03
-22.6029 2.623684E-03
-22.5829 2.635588E-03
-22.5629 2.647566E-03
-22.5429 2.659643E-03
-22.5229 2.671794E-03
-22.5028 2.684034E-03
-22.4828 2.696375E-03
-22.4628 2.708795E-03
-22.4428 2.721304E-03
-22.4228 2.733905E-03
-22.4028 2.746585E-03
-22.3828 2.759373E-03
-22.3628 2.772254E-03
-22.3428 2.785218E-03
-22.3228 2.798276E-03
-22.3027 2.811447E-03
-22.2827 2.824702E-03
-22.2627 2.838055E-03
-22.2427 2.851509E-03
-22.2227 2.865063E-03
-22.2027 2.878719E-03
-22.1827 2.892464E-03
-22.1627 2.906329E-03
-22.1427 2.920282E-03
-22.1227 2.934358E-03
-22.1026 2.948524E-03
-22.0826 2.962800E-03
-22.0626 2.977185E-03
-22.0426 2.991698E-03
-22.0226 3.006289E-03
-22.0026 3.021009E-03
-21.9826 3.035843E-03
-21.9626 3.050794E-03
-21.9426 3.065842E-03
-21.9226 3.081025E-03
-21.9025 3.096311E-03
-21.8825 3.111736E-03
-21.8625 3.127261E-03
-21.8425 3.142910E-03
-21.8225 3.158684E-03
-21.8025 3.174583E-03
-21.7825 3.190608E-03
-21.7625 3.206760E-03
-21.7425 3.223043E-03
-21.7225 3.239458E-03
-21.7024 3.255982E-03
-21.6824 3.272663E-03
-21.6624 3.289454E-03
-21.6424 3.306408E-03
-21.6224 3.323475E-03
-21.6024 3.340680E-03
-21.5824 3.358028E-03
-21.5624 3.375519E-03
-21.5424 3.393153E-03
-21.5224 3.410933E-03
-21.5023 3.428860E-03
-21.4823 3.446940E-03
-21.4623 3.465167E-03
-21.4423 3.483520E-03
-21.4223 3.502056E-03
-21.4023 3.520718E-03
-21.3823 3.539567E-03
-21.3623 3.558546E-03
-21.3423 3.577687E-03
-21.3223 3.596992E-03
-21.3022 3.616460E-03
-21.2822 3.636127E-03
-21.2622 3.655932E-03
-21.2422 3.675875E-03
-21.2222 3.696022E-03
-21.2022 3.716344E-03
-21.1822 3.736846E-03
-21.1622 3.757489E-03
-21.1422 3.778348E-03
-21.1222 3.799356E-03
-21.1021 3.820583E-03
-21.0821 3.841963E-03
-21.0621 3.863571E-03
-21.0421 3.885330E-03
-21.0221 3.907285E-03
-21.0021 3.929436E-03
-20.9821 3.951786E-03
-20.9621 3.974337E-03
-20.9421 3.997092E-03
-20.9221 4.020053E-03
-20.9020 4.043223E-03
-20.8820 4.066607E-03
-20.8620 4.090156E-03
-20.8420 4.113968E-03
-20.8220 4.137954E-03
-20.8020 4.162208E-03
-20.7820 4.186639E-03
-20.7620 4.211346E-03
-20.7420 4.236234E-03
-20.7220 4.261356E-03
-20.7019 4.286766E-03
-20.6819 4.312360E-03
-20.6619 4.338198E-03
-20.6419 4.364282E-03
-20.6219 4.390613E-03
-20.6019 4.417196E-03
-20.5819 4.444034E-03
-20.5619 4.471134E-03
-20.5419 4.498428E-03
-20.5219 4.526051E-03
-20.5018 4.553944E-03
-20.4818 4.582112E-03
-20.4618 4.610483E-03
-20.4418 4.639207E-03
-20.4218 4.668139E-03
-20.4018 4.697435E-03
-20.3818 4.726943E-03
-20.3618 4.756747E-03
-20.3418 4.786849E-03
-20.3218 4.817333E-03
-20.3017 4.848041E-03
-20.2817 4.879063E-03
-20.2617 4.910398E-03
-20.2417 4.942054E-03
-20.2217 4.974032E-03
-20.2017 5.006340E-03
-20.1817 5.038979E-03
-20.1617 5.071961E-03
-20.1417 5.105182E-03
-20.1217 5.138850E-03
-20.1016 5.172870E-03
-20.0816 5.207251E-03
-20.0616 5.241884E-03
-20.0416 5.276998E-03
-20.0216 5.312366E-03
-20.0016 5.348233E-03
-19.9816 5.384359E-03
-19.9616 5.420876E-03
-19.9416 5.457911E-03
-19.9216 5.495221E-03
-19.9015 5.532936E-03
-19.8815 5.571201E-03
-19.8615 5.609743E-03
-19.8415 5.648713E-03
-19.8215 5.688115E-03
-19.8015 5.727952E-03
-19.7815 5.768232E-03
-19.7615 5.808965E-03
-19.7415 5.850153E-03
-19.7215 5.891809E-03
-19.7014 5.933941E-03
-19.6814 5.976373E-03
-19.6614 6.019468E-03
-19.6414 6.063059E-03
-19.6214 6.107154E-03
-19.6014 6.151567E-03
-19.5814 6.196689E-03
-19.5614 6.242137E-03
-19.5414 6.288327E-03
-19.5214 6.335069E-03
-19.5013 6.382137E-03
-19.4813 6.429765E-03
-19.4613 6.478194E-03
-19.4413 6.526966E-03
-19.4213 6.576574E-03
-19.4013 6.626529E-03
-19.3813 6.677090E-03
-19.3613 6.728265E-03
-19.3413 6.780068E-03
-19.3213 6.832801E-03
-19.3012 6.885892E-03
-19.2812 6.939649E-03
-19.2612 6.994069E-03
-19.2412 7.049180E-03
-19.2212 7.104985E-03
-19.2012 7.161500E-03
-19.1812 7.218737E-03
-19.1612 7.276708E-03
-19.1412 7.335042E-03
-19.1212 7.394518E-03
-19.1011 7.454769E-03
-19.0811 7.515815E-03
-19.0611 7.577660E-03
-19.0411 7.639881E-03
-19.0211 7.703385E-03
-19.0011 7.767743E-03
-18.9811 7.832474E-03
-18.9611 7.898582E-03
-18.9411 7.965059E-03
-18.9211 8.032994E-03
-18.9010 8.101288E-03
-18.8810 8.171120E-03
-18.8610 8.241307E-03
-18.8410 8.313102E-03
-18.8210 8.385266E-03
-18.8010 8.458438E-03
-18.7810 8.533352E-03
-18.7610 8.608631E-03
-18.7410 8.684976E-03
-18.7210 8.762406E-03
-18.7009 8.840959E-03
-18.6809 8.921508E-03
-18.6609 9.002418E-03
-18.6409 9.084505E-03
-18.6209 9.167808E-03
-18.6009 9.252353E-03
-18.5809 9.338172E-03
-18.5609 9.425314E-03
-18.5409 9.513792E-03
-18.5209 9.603622E-03
-18.5008 9.694881E-03
-18.4808 9.787554E-03
-18.4608 9.880365E-03
-18.4408 9.976002E-03
-18.4208 1.007318E-02
-18.4008 1.017193E-02
-18.3808 1.027072E-02
-18.3608 1.037272E-02
-18.3408 1.047648E-02
-18.3208 1.058011E-02
-18.3007 1.068737E-02
-18.2807 1.079450E-02
-18.2607 1.090543E-02
-18.2407 1.101617E-02
-18.2207 1.113114E-02
-18.2007 1.124568E-02
-18.1807 1.136487E-02
-18.1607 1.148352E-02
-18.1407 1.160431E-02
-18.1207 1.173021E-02
-18.1006 1.185550E-02
-18.0806 1.198304E-02
-18.0606 1.211291E-02
-18.0406 1.224527E-02
-18.0206 1.238407E-02
-18.0006 1.252189E-02
-17.9806 1.266251E-02
-17.9606 1.280573E-02
-17.9406 1.294717E-02
-17.9206 1.309638E-02
-17.9005 1.324891E-02
-17.8805 1.340480E-02
-17.8605 1.356440E-02
-17.8405 1.372066E-02
-17.8205 1.388758E-02
-17.8005 1.405896E-02
-17.7805 1.422624E-02
-17.7605 1.440589E-02
-17.7405 1.458151E-02
-17.7205 1.476121E-02
-17.7004 1.495660E-02
-17.6804 1.514629E-02
-17.6604 1.534156E-02
-17.6404 1.554226E-02
-17.6204 1.574938E-02
-17.6004 1.596317E-02
-17.5804 1.618500E-02
-17.5604 1.641484E-02
-17.5404 1.663354E-02
-17.5204 1.688253E-02
-17.5003 1.711777E-02
-17.4803 1.739178E-02
-17.4603 1.765029E-02
-17.4403 1.792265E-02
-17.4203 1.821045E-02
-17.4003 1.851744E-02
-17.3803 1.884876E-02
-17.3603 1.920891E-02
-17.3403 1.960302E-02
-17.3203 1.998487E-02
-17.3002 2.040711E-02
-17.2802 2.088545E-02
-17.2602 2.144704E-02
-17.2402 2.212221E-02
-17.2202 2.295480E-02
-17.2002 2.386874E-02
-17.1802 2.508623E-02
-17.1602 2.674850E-02
-17.1402 2.909637E-02
-17.1202 3.213059E-02
-17.1001 3.617046E-02
-17.0801 4.057101E-02
-17.0601 4.345704E-02
-17.0401 4.355299E-02
-17.0201 4.083606E-02
-17.0001 3.679325E-02
-16.9801 3.389624E-02
-16.9601 3.190528E-02
-16.9401 3.057225E-02
-16.9201 3.157197E-02
-16.9000 3.552654E-02
-16.8800 2.281198E-02
-16.8600 3.061479E-02
-16.8400 2.966214E-02
-16.8200 2.991212E-02
-16.8000 3.048913E-02
-16.7800 3.096537E-02
-16.7600 3.148404E-02
-16.7400 3.224428E-02
-16.7200 3.279759E-02
-16.6999 3.362579E-02
-16.6799 3.432049E-02
-16.6599 3.514966E-02
-16.6399 3.599814E-02
-16.6199 3.687740E-02
-16.5999 3.779166E-02
-16.5799 3.874475E-02
-16.5599 3.973898E-02
-16.5399 4.081999E-02
-16.5199 4.193785E-02
-16.4998 4.309733E-02
-16.4798 4.433715E-02
-16.4598 4.564586E-02
-16.4398 4.697665E-02
-16.4198 4.840980E-02
-16.3998 4.989913E-02
-16.3798 5.149632E-02
-16.3598 5.317337E-02
-16.3398 5.494269E-02
-16.3198 5.682231E-02
-16.2997 5.882135E-02
-16.2797 6.094359E-02
-16.2597 6.318211E-02
-16.2397 6.559050E-02
-16.2197 6.815076E-02
-16.1997 7.088558E-02
-16.1797 7.380814E-02
-16.1597 7.694611E-02
-16.1397 8.032673E-02
-16.1197 8.392520E-02
-16.0996 8.782329E-02
-16.0796 9.198596E-02
-16.0596 9.646770E-02
-16.0396 1.012847E-01
-16.0196 1.064528E-01
-15.9996 1.119880E-01
-15.9796 1.179400E-01
-15.9596 1.242913E-01
-15.9396 1.310911E-01
-15.9196 1.383606E-01
-15.8995 1.461243E-01
-15.8795 1.544329E-01
-15.8595 1.633150E-01
-15.8395 1.728203E-01
-15.8195 1.830228E-01
-15.7995 1.939928E-01
-15.7795 2.057882E-01
-15.7595 2.185202E-01
-15.7395 2.322836E-01
-15.7195 2.472262E-01
-15.6994 2.635084E-01
-15.6794 2.813269E-01
-15.6594 3.010086E-01
-15.6394 3.228684E-01
-15.6194 3.474532E-01
-15.5994 3.753981E-01
-15.5794 4.076983E-01
-15.5594 4.457452E-01
-15.5394 4.914770E-01
-15.5194 5.478757E-01
-15.4993 6.193922E-01
-15.4793 7.130255E-01
-15.4593 8.393904E-01
-15.4393 1.014281E+00
-15.4193 1.255909E+00
-15.3993 1.565163E+00
-15.3793 1.871328E+00
-15.3593 2.026024E+00
-15.3393 1.981218E+00
-15.3193 1.822636E+00
-15.2992 1.610015E+00
-15.2792 1.389956E+00
-15.2592 1.211363E+00
-15.2392 1.096578E+00
-15.2192 1.045395E+00
-15.1992 1.052413E+00
-15.1792 1.117191E+00
-15.1592 1.246529E+00
-15.1392 1.452936E+00
-15.1192 1.745954E+00
-15.0991 2.101332E+00
-15.0791 2.412255E+00
-15.0591 2.557084E+00
-15.0391 2.589743E+00
-15.0191 2.639815E+00
-14.9991 2.732245E+00
-14.9791 2.813262E+00
-14.9591 2.822352E+00
-14.9391 2.763056E+00
-14.9191 2.721623E+00
-14.8990 2.790574E+00
-14.8790 2.999280E+00
-14.8590 3.263410E+00
-14.8390 3.398389E+00
-14.8190 3.353709E+00
-14.7990 3.258404E+00
-14.7790 3.147364E+00
-14.7590 2.982347E+00
-14.7390 2.804665E+00
-14.7190 2.690593E+00
-14.6989 2.663334E+00
-14.6789 2.672937E+00
-14.6589 2.634111E+00
-14.6389 2.513180E+00
-14.6189 2.358102E+00
-14.5989 2.232682E+00
-14.5789 2.170785E+00
-14.5589 2.176647E+00
-14.5389 2.243822E+00
-14.5189 2.375291E+00
-14.4988 2.572086E+00
-14.4788 2.819232E+00
-14.4588 3.098780E+00
-14.4388 3.385086E+00
-14.4188 3.620959E+00
-14.3988 3.731661E+00
-14.3788 3.681659E+00
-14.3588 3.496751E+00
-14.3388 3.234192E+00
-14.3188 2.951913E+00
-14.2987 2.691807E+00
-14.2787 2.480714E+00
-14.2587 2.334852E+00
-14.2387 2.263572E+00
-14.2187 2.273807E+00
-14.1987 2.373117E+00
-14.1787 2.573246E+00
-14.1587 2.892914E+00
-14.1387 3.341267E+00
-14.1187 3.870413E+00
-14.0986 4.315368E+00
-14.0786 4.460626E+00
-14.0586 4.330317E+00
-14.0386 4.187597E+00
-14.0186 4.216364E+00
-13.9986 4.437838E+00
-13.9786 4.787532E+00
-13.9586 5.171987E+00
-13.9386 5.469743E+00
-13.9186 5.535192E+00
-13.8985 5.286139E+00
-13.8785 4.808664E+00
-13.8585 4.320667E+00
-13.8385 4.011862E+00
-13.8185 3.949890E+00
-13.7985 4.072235E+00
-13.7785 4.213320E+00
-13.7585 4.239925E+00
-13.7385 4.185471E+00
-13.7185 4.146934E+00
-13.6984 4.155547E+00
-13.6784 4.199014E+00
-13.6584 4.236770E+00
-13.6384 4.209717E+00
-13.6184 4.104331E+00
-13.5984 3.959385E+00
-13.5784 3.818898E+00
-13.5584 3.714296E+00
-13.5384 3.671960E+00
-13.5184 3.706083E+00
-13.4983 3.798567E+00
-13.4783 3.909813E+00
-13.4583 3.992332E+00
-13.4383 4.008785E+00
-13.4183 3.973114E+00
-13.3983 3.953685E+00
-13.3783 3.967623E+00
-13.3583 3.959312E+00
-13.3383 3.893573E+00
-13.3183 3.789853E+00
-13.2982 3.657978E+00
-13.2782 3.484428E+00
-13.2582 3.306426E+00
-13.2382 3.176072E+00
-13.2182 3.101933E+00
-13.1982 3.075959E+00
-13.1782 3.107255E+00
-13.1582 3.212819E+00
-13.1382 3.400373E+00
-13.1182 3.677678E+00
-13.0981 4.054658E+00
-13.0781 4.538582E+00
-13.0581 5.104743E+00
-13.0381 5.617701E+00
-13.0181 5.914809E+00
-12.9981 5.997877E+00
-12.9781 5.909084E+00
-12.9581 5.625309E+00
-12.9381 5.315736E+00
-12.9181 5.177886E+00
-12.8980 5.046609E+00
-12.8780 4.537781E+00
-12.8580 3.679220E+00
-12.8380 2.834993E+00
-12.8180 2.188578E+00
-12.7980 1.733030E+00
-12.7780 1.414608E+00
-12.7580 1.187473E+00
-12.7380 1.020835E+00
-12.7180 8.950489E-01
-12.6979 7.975981E-01
-12.6779 7.203171E-01
-12.6579 6.577634E-01
-12.6379 6.062231E-01
-12.6179 5.630890E-01
-12.5979 5.264859E-01
-12.5779 4.950515E-01
-12.5579 4.677619E-01
-12.5379 4.438418E-01
-12.5179 4.226931E-01
-12.4978 4.038499E-01
-12.4778 3.869421E-01
-12.4578 3.716730E-01
-12.4378 3.578028E-01
-12.4178 3.451367E-01
-12.3978 3.335106E-01
-12.3778 3.227935E-01
-12.3578 3.128719E-01
-12.3378 3.036508E-01
-12.3178 2.950484E-01
-12.2977 2.870000E-01
-12.2777 2.794433E-01
-12.2577 2.723285E-01
-12.2377 2.656124E-01
-12.2177 2.592559E-01
-12.1977 2.532265E-01
-12.1777 2.474936E-01
-12.1577 2.420325E-01
-12.1377 2.368198E-01
-12.1177 2.318355E-01
-12.0976 2.270619E-01
-12.0776 2.224826E-01
-12.0576 2.180832E-01
-12.0376 2.138518E-01
-12.0176 2.097761E-01
-11.9976 2.058464E-01
-11.9776 2.020529E-01
-11.9576 1.983872E-01
-11.9376 1.948421E-01
-11.9176 1.914103E-01
-11.8975 1.880860E-01
-11.8775 1.848631E-01
-11.8575 1.817362E-01
-11.8375 1.787012E-01
-11.8175 1.757533E-01
-11.7975 1.728884E-01
-11.7775 1.701032E-01
-11.7575 1.673938E-01
-11.7375 1.647575E-01
-11.7175 1.621911E-01
-11.6974 1.596919E-01
-11.6774 1.572578E-01
-11.6574 1.548862E-01
-11.6374 1.525748E-01
-11.6174 1.503218E-01
-11.5974 1.481252E-01
-11.5774 1.459830E-01
-11.5574 1.438939E-01
-11.5374 1.418559E-01
-11.5174 1.398680E-01
-11.4973 1.379285E-01
-11.4773 1.360359E-01
-11.4573 1.341890E-01
-11.4373 1.323867E-01
-11.4173 1.306280E-01
-11.3973 1.289111E-01
-11.3773 1.272356E-01
-11.3573 1.256003E-01
-11.3373 1.240043E-01
-11.3173 1.224462E-01
-11.2972 1.209256E-01
-11.2772 1.194414E-01
-11.2572 1.179928E-01
-11.2372 1.165789E-01
-11.2172 1.151989E-01
-11.1972 1.138519E-01
-11.1772 1.125376E-01
-11.1572 1.112550E-01
-11.1372 1.100031E-01
-11.1172 1.087817E-01
-11.0971 1.075899E-01
-11.0771 1.064269E-01
-11.0571 1.052924E-01
-11.0371 1.041854E-01
-11.0171 1.031056E-01
-10.9971 1.020523E-01
-10.9771 1.010249E-01
-10.9571 1.000228E-01
-10.9371 9.904555E-02
-10.9171 9.809246E-02
-10.8970 9.716319E-02
-10.8770 9.625708E-02
-10.8570 9.537365E-02
-10.8370 9.451252E-02
-10.8170 9.367299E-02
-10.7970 9.285472E-02
-10.7770 9.205726E-02
-10.7570 9.128005E-02
-10.7370 9.052263E-02
-10.7170 8.978459E-02
-10.6969 8.906561E-02
-10.6769 8.836513E-02
-10.6569 8.768269E-02
-10.6369 8.701800E-02
-10.6169 8.637052E-02
-10.5969 8.573998E-02
-10.5769 8.512593E-02
-10.5569 8.452802E-02
-10.5369 8.394573E-02
-10.5169 8.337875E-02
-10.4968 8.282677E-02
-10.4768 8.228936E-02
-10.4568 8.176624E-02
-10.4368 8.125688E-02
-10.4168 8.076110E-02
-10.3968 8.027847E-02
-10.3768 7.980869E-02
-10.3568 7.935139E-02
-10.3368 7.890625E-02
-10.3168 7.847293E-02
-10.2967 7.805115E-02
-10.2767 7.764049E-02
-10.2567 7.724076E-02
-10.2367 7.685158E-02
-10.2167 7.647272E-02
-10.1967 7.610381E-02
-10.1767 7.574455E-02
-10.1567 7.539471E-02
-10.1367 7.505392E-02
-10.1167 7.472199E-02
-10.0966 7.439861E-02
-10.0766 7.408356E-02
-10.0566 7.377644E-02
-10.0366 7.347713E-02
-10.0166 7.318530E-02
-9.9966 7.290075E-02
-9.9766 7.262319E-02
-9.9566 7.235241E-02
-9.9366 7.208826E-02
-9.9166 7.183035E-02
-9.8965 7.157862E-02
-9.8765 7.133270E-02
-9.8565 7.109247E-02
-9.8365 7.085779E-02
-9.8165 7.062836E-02
-9.7965 7.040398E-02
-9.7765 7.018448E-02
-9.7565 6.996975E-02
-9.7365 6.975965E-02
-9.7165 6.955377E-02
-9.6964 6.935221E-02
-9.6764 6.915463E-02
-9.6564 6.896102E-02
-9.6364 6.877110E-02
-9.6164 6.858480E-02
-9.5964 6.840203E-02
-9.5764 6.822251E-02
-9.5564 6.804618E-02
-9.5364 6.787295E-02
-9.5164 6.770267E-02
-9.4963 6.753517E-02
-9.4763 6.737042E-02
-9.4563 6.720822E-02
-9.4363 6.704857E-02
-9.4163 6.689129E-02
-9.3963 6.673632E-02
-9.3763 6.658344E-02
-9.3563 6.643275E-02
-9.3363 6.628398E-02
-9.3163 6.613721E-02
-9.2962 6.599214E-02
-9.2762 6.584886E-02
-9.2562 6.570719E-02
-9.2362 6.556709E-02
-9.2162 6.542842E-02
-9.1962 6.529120E-02
-9.1762 6.515525E-02
-9.1562 6.502053E-02
-9.1362 6.488699E-02
-9.1162 6.475455E-02
-9.0961 6.462306E-02
-9.0761 6.449252E-02
-9.0561 6.436284E-02
-9.0361 6.423395E-02
-9.0161 6.410578E-02
-8.9961 6.397823E-02
-8.9761 6.385129E-02
-8.9561 6.372483E-02
-8.9361 6.359885E-02
-8.9161 6.347319E-02
-8.8960 6.334785E-02
-8.8760 6.322274E-02
-8.8560 6.309787E-02
-8.8360 6.297308E-02
-8.8160 6.284837E-02
-8.7960 6.272367E-02
-8.7760 6.259886E-02
-8.7560 6.247398E-02
-8.7360 6.234888E-02
-8.7160 6.222363E-02
-8.6959 6.209803E-02
-8.6759 6.197212E-02
-8.6559 6.184583E-02
-8.6359 6.171911E-02
-8.6159 6.159197E-02
-8.5959 6.146427E-02
-8.5759 6.133604E-02
-8.5559 6.120715E-02
-8.5359 6.107771E-02
-8.5159 6.094758E-02
-8.4958 6.081678E-02
-8.4758 6.068524E-02
-8.4558 6.055290E-02
-8.4358 6.041986E-02
-8.4158 6.028599E-02
-8.3958 6.015134E-02
-8.3758 6.001578E-02
-8.3558 5.987946E-02
-8.3358 5.974222E-02
-8.3158 5.960411E-02
-8.2957 5.946515E-02
-8.2757 5.932533E-02
-8.2557 5.918465E-02
-8.2357 5.904308E-02
-8.2157 5.890065E-02
-8.1957 5.875732E-02
-8.1757 5.861316E-02
-8.1557 5.846816E-02
-8.1357 5.832233E-02
-8.1157 5.817573E-02
-8.0956 5.802833E-02
-8.0756 5.788018E-02
-8.0556 5.773123E-02
-8.0356 5.758160E-02
-8.0156 5.743130E-02
-7.9956 5.728032E-02
-7.9756 5.712871E-02
-7.9556 5.697651E-02
-7.9356 5.682375E-02
-7.9156 5.667050E-02
-7.8955 5.651672E-02
-7.8755 5.636256E-02
-7.8555 5.620791E-02
-7.8355 5.605295E-02
-7.8155 5.589771E-02
-7.7955 5.574219E-02
-7.7755 5.558642E-02
-7.7555 5.543053E-02
-7.7355 5.527450E-02
-7.7155 5.511841E-02
-7.6954 5.496229E-02
-7.6754 5.480616E-02
-7.6554 5.465016E-02
-7.6354 5.449429E-02
-7.6154 5.433859E-02
-7.5954 5.418320E-02
-7.5754 5.402809E-02
-7.5554 5.387334E-02
-7.5354 5.371900E-02
-7.5154 5.356515E-02
-7.4953 5.341188E-02
-7.4753 5.325923E-02
-7.4553 5.310720E-02
-7.4353 5.295591E-02
-7.4153 5.280546E-02
-7.3953 5.265582E-02
-7.3753 5.250713E-02
-7.3553 5.235945E-02
-7.3353 5.221281E-02
-7.3153 5.206733E-02
-7.2952 5.192301E-02
-7.2752 5.177997E-02
-7.2552 5.163828E-02
-7.2352 5.149800E-02
-7.2152 5.135924E-02
-7.1952 5.122197E-02
-7.1752 5.108639E-02
-7.1552 5.095252E-02
-7.1352 5.082038E-02
-7.1152 5.069011E-02
-7.0951 5.056179E-02
-7.0751 5.043547E-02
-7.0551 5.031129E-02
-7.0351 5.018923E-02
-7.0151 5.006951E-02
-6.9951 4.995204E-02
-6.9751 4.983705E-02
-6.9551 4.972451E-02
-6.9351 4.961456E-02
-6.9151 4.950731E-02
-6.8950 4.940277E-02
-6.8750 4.930110E-02
-6.8550 4.920237E-02
-6.8350 4.910662E-02
-6.8150 4.901397E-02
-6.7950 4.892450E-02
-6.7750 4.883834E-02
-6.7550 4.875549E-02
-6.7350 4.867609E-02
-6.7150 4.860029E-02
-6.6949 4.852807E-02
-6.6749 4.845960E-02
-6.6549 4.839491E-02
-6.6349 4.833415E-02
-6.6149 4.827740E-02
-6.5949 4.822474E-02
-6.5749 4.817630E-02
-6.5549 4.813216E-02
-6.5349 4.809235E-02
-6.5149 4.805707E-02
-6.4948 4.802639E-02
-6.4748 4.800039E-02
-6.4548 4.797916E-02
-6.4348 4.796283E-02
-6.4148 4.795153E-02
-6.3948 4.794529E-02
-6.3748 4.794432E-02
-6.3548 4.794865E-02
-6.3348 4.795844E-02
-6.3148 4.797378E-02
-6.2947 4.799480E-02
-6.2747 4.802158E-02
-6.2547 4.805431E-02
-6.2347 4.809304E-02
-6.2147 4.813796E-02
-6.1947 4.818919E-02
-6.1747 4.824680E-02
-6.1547 4.831101E-02
-6.1347 4.838186E-02
-6.1147 4.845961E-02
-6.0946 4.854429E-02
-6.0746 4.863614E-02
-6.0546 4.873522E-02
-6.0346 4.884179E-02
-6.0146 4.895590E-02
-5.9946 4.907776E-02
-5.9746 4.920754E-02
-5.9546 4.934536E-02
-5.9346 4.949144E-02
-5.9146 4.964589E-02
-5.8945 4.980892E-02
-5.8745 4.998074E-02
-5.8545 5.016150E-02
-5.8345 5.035132E-02
-5.8145 5.055044E-02
-5.7945 5.075906E-02
-5.7745 5.097733E-02
-5.7545 5.120543E-02
-5.7345 5.144348E-02
-5.7145 5.169177E-02
-5.6944 5.195045E-02
-5.6744 5.221959E-02
-5.6544 5.249961E-02
-5.6344 5.279033E-02
-5.6144 5.309216E-02
-5.5944 5.340518E-02
-5.5744 5.372952E-02
-5.5544 5.406529E-02
-5.5344 5.441263E-02
-5.5144 5.477171E-02
-5.4943 5.514255E-02
-5.4743 5.552518E-02
-5.4543 5.591977E-02
-5.4343 5.632628E-02
-5.4143 5.674463E-02
-5.3943 5.717490E-02
-5.3743 5.761702E-02
-5.3543 5.807100E-02
-5.3343 5.853652E-02
-5.3143 5.901350E-02
-5.2942 5.950176E-02
-5.2742 6.000099E-02
-5.2542 6.051107E-02
-5.2342 6.103154E-02
-5.2142 6.156190E-02
-5.1942 6.210193E-02
-5.1742 6.265101E-02
-5.1542 6.320862E-02
-5.1342 6.377410E-02
-5.1142 6.434684E-02
-5.0941 6.492607E-02
-5.0741 6.551089E-02
-5.0541 6.610057E-02
-5.0341 6.669431E-02
-5.0141 6.729098E-02
-4.9941 6.788956E-02
-4.9741 6.848911E-02
-4.9541 6.908841E-02
-4.9341 6.968635E-02
-4.9141 7.028194E-02
-4.8940 7.087363E-02
-4.8740 7.146040E-02
-4.8540 7.204112E-02
-4.8340 7.261444E-02
-4.8140 7.317911E-02
-4.7940 7.373392E-02
-4.7740 7.427790E-02
-4.7540 7.480970E-02
-4.7340 7.532834E-02
-4.7140 7.583261E-02
-4.6939 7.632176E-02
-4.6739 7.679469E-02
-4.6539 7.725078E-02
-4.6339 7.768905E-02
-4.6139 7.810904E-02
-4.5939 7.851011E-02
-4.5739 7.889172E-02
-4.5539 7.925374E-02
-4.5339 7.959559E-02
-4.5139 7.991729E-02
-4.4938 8.021871E-02
-4.4738 8.049994E-02
-4.4538 8.076092E-02
-4.4338 8.100195E-02
-4.4138 8.122333E-02
-4.3938 8.142534E-02
-4.3738 8.160836E-02
-4.3538 8.177296E-02
-4.3338 8.191952E-02
-4.3138 8.204872E-02
-4.2937 8.216106E-02
-4.2737 8.225721E-02
-4.2537 8.233787E-02
-4.2337 8.240363E-02
-4.2137 8.245522E-02
-4.1937 8.249322E-02
-4.1737 8.251845E-02
-4.1537 8.253157E-02
-4.1337 8.253302E-02
-4.1137 8.252372E-02
-4.0936 8.250411E-02
-4.0736 8.247489E-02
-4.0536 8.243658E-02
-4.0336 8.238976E-02
-4.0136 8.233500E-02
-3.9936 8.227268E-02
-3.9736 8.220341E-02
-3.9536 8.212753E-02
-3.9336 8.204558E-02
-3.9136 8.195779E-02
-3.8935 8.186462E-02
-3.8735 8.176633E-02
-3.8535 8.166329E-02
-3.8335 8.155580E-02
-3.8135 8.144404E-02
-3.7935 8.132834E-02
-3.7735 8.120887E-02
-3.7535 8.108588E-02
-3.7335 8.095949E-02
-3.7135 8.082994E-02
-3.6934 8.069738E-02
-3.6734 8.056187E-02
-3.6534 8.042364E-02
-3.6334 8.028285E-02
-3.6134 8.013954E-02
-3.5934 7.999389E-02
-3.5734 7.984596E-02
-3.5534 7.969593E-02
-3.5334 7.954392E-02
-3.5134 7.939002E-02
-3.4933 7.923433E-02
-3.4733 7.907701E-02
-3.4533 7.891815E-02
-3.4333 7.875787E-02
-3.4133 7.859638E-02
-3.3933 7.843369E-02
-3.3733 7.827003E-02
-3.3533 7.810553E-02
-3.3333 7.794039E-02
-3.3133 7.777468E-02
-3.2932 7.760870E-02
-3.2732 7.744249E-02
-3.2532 7.727637E-02
-3.2332 7.711046E-02
-3.2132 7.694498E-02
-3.1932 7.678018E-02
-3.1732 7.661617E-02
-3.1532 7.645333E-02
-3.1332 7.629171E-02
-3.1132 7.613171E-02
-3.0931 7.597358E-02
-3.0731 7.581746E-02
-3.0531 7.566367E-02
-3.0331 7.551256E-02
-3.0131 7.536426E-02
-2.9931 7.521907E-02
-2.9731 7.507732E-02
-2.9531 7.493931E-02
-2.9331 7.480524E-02
-2.9131 7.467550E-02
-2.8930 7.455033E-02
-2.8730 7.443006E-02
-2.8530 7.431487E-02
-2.8330 7.420515E-02
-2.8130 7.410119E-02
-2.7930 7.400328E-02
-2.7730 7.391184E-02
-2.7530 7.382690E-02
-2.7330 7.374897E-02
-2.7130 7.367824E-02
-2.6929 7.361509E-02
-2.6729 7.355971E-02
-2.6529 7.351248E-02
-2.6329 7.347360E-02
-2.6129 7.344343E-02
-2.5929 7.342217E-02
-2.5729 7.341022E-02
-2.5529 7.340769E-02
-2.5329 7.341501E-02
-2.5129 7.343242E-02
-2.4928 7.346005E-02
-2.4728 7.349823E-02
-2.4528 7.354726E-02
-2.4328 7.360738E-02
-2.4128 7.367873E-02
-2.3928 7.376161E-02
-2.3728 7.385626E-02
-2.3528 7.396284E-02
-2.3328 7.408156E-02
-2.3128 7.421269E-02
-2.2927 7.435640E-02
-2.2727 7.451273E-02
-2.2527 7.468199E-02
-2.2327 7.486442E-02
-2.2127 7.505984E-02
-2.1927 7.526863E-02
-2.1727 7.549083E-02
-2.1527 7.572649E-02
-2.1327 7.597568E-02
-2.1127 7.623848E-02
-2.0926 7.651496E-02
-2.0726 7.680495E-02
-2.0526 7.710862E-02
-2.0326 7.742581E-02
-2.0126 7.775643E-02
-1.9926 7.810031E-02
-1.9726 7.845750E-02
-1.9526 7.882760E-02
-1.9326 7.921042E-02
-1.9126 7.960586E-02
-1.8925 8.001338E-02
-1.8725 8.043287E-02
-1.8525 8.086369E-02
-1.8325 8.130557E-02
-1.8125 8.175804E-02
-1.7925 8.222041E-02
-1.7725 8.269218E-02
-1.7525 8.317268E-02
-1.7325 8.366138E-02
-1.7125 8.415721E-02
-1.6924 8.465984E-02
-1.6724 8.516807E-02
-1.6524 8.568119E-02
-1.6324 8.619833E-02
-1.6124 8.671844E-02
-1.5924 8.724050E-02
-1.5724 8.776373E-02
-1.5524 8.828670E-02
-1.5324 8.880863E-02
-1.5124 8.932826E-02
-1.4923 8.984477E-02
-1.4723 9.035681E-02
-1.4523 9.086349E-02
-1.4323 9.136356E-02
-1.4123 9.185631E-02
-1.3923 9.234036E-02
-1.3723 9.281492E-02
-1.3523 9.327905E-02
-1.3323 9.373194E-02
-1.3123 9.417274E-02
-1.2922 9.460069E-02
-1.2722 9.501505E-02
-1.2522 9.541545E-02
-1.2322 9.580118E-02
-1.2122 9.617204E-02
-1.1922 9.652752E-02
-1.1722 9.686742E-02
-1.1522 9.719161E-02
-1.1322 9.750018E-02
-1.1122 9.779293E-02
-1.0921 9.806997E-02
-1.0721 9.833181E-02
-1.0521 9.857839E-02
-1.0321 9.881019E-02
-1.0121 9.902772E-02
-0.9921 9.923135E-02
-0.9721 9.942161E-02
-0.9521 9.959912E-02
-0.9321 9.976451E-02
-0.9121 9.991846E-02
-0.8920 1.000616E-01
-0.8720 1.001947E-01
-0.8520 1.003185E-01
-0.8320 1.004336E-01
-0.8120 1.005410E-01
-0.7920 1.006411E-01
-0.7720 1.007348E-01
-0.7520 1.008229E-01
-0.7320 1.009059E-01
-0.7120 1.009846E-01
-0.6919 1.010597E-01
-0.6719 1.011316E-01
-0.6519 1.012012E-01
-0.6319 1.012687E-01
-0.6119 1.013349E-01
-0.5919 1.014001E-01
-0.5719 1.014649E-01
-0.5519 1.015297E-01
-0.5319 1.015948E-01
-0.5119 1.016605E-01
-0.4918 1.017272E-01
-0.4718 1.017951E-01
-0.4518 1.018644E-01
-0.4318 1.019353E-01
-0.4118 1.020080E-01
-0.3918 1.020825E-01
-0.3718 1.021590E-01
-0.3518 1.022375E-01
-0.3318 1.023180E-01
-0.3118 1.024005E-01
-0.2917 1.024850E-01
-0.2717 1.025714E-01
-0.2517 1.026595E-01
-0.2317 1.027493E-01
-0.2117 1.028405E-01
-0.1917 1.029331E-01
-0.1717 1.030268E-01
-0.1517 1.031216E-01
-0.1317 1.032170E-01
-0.1117 1.033128E-01
-0.0916 1.034090E-01
-0.0716 1.035050E-01
-0.0516 1.036007E-01
-0.0316 1.036958E-01
-0.0116 1.037900E-01
0.0084 1.038829E-01
0.0284 1.039744E-01
0.0484 1.040640E-01
0.0684 1.041515E-01
0.0884 1.042365E-01
0.1085 1.043189E-01
0.1285 1.043982E-01
0.1485 1.044741E-01
0.1685 1.045464E-01
0.1885 1.046149E-01
0.2085 1.046791E-01
0.2285 1.047389E-01
0.2485 1.047941E-01
0.2685 1.048443E-01
0.2885 1.031049E-01
0.3086 1.049294E-01
0.3286 1.049638E-01
0.3486 1.049925E-01
0.3686 1.050154E-01
0.3886 1.050324E-01
0.4086 1.050434E-01
0.4286 1.050483E-01
0.4486 1.050470E-01
0.4686 1.050395E-01
0.4886 1.050257E-01
0.5087 1.050058E-01
0.5287 1.049797E-01
0.5487 1.014773E-01
0.5687 1.049088E-01
0.5887 1.048644E-01
0.6087 9.774642E-02
0.6287 1.047574E-01
0.6487 1.046955E-01
0.6687 1.046278E-01
0.6887 1.045548E-01
0.7088 1.044766E-01
0.7288 1.043933E-01
0.7488 1.043052E-01
0.7688 1.042125E-01
0.7888 1.041152E-01
0.8088 1.040137E-01
0.8288 1.039083E-01
0.8488 1.037992E-01
0.8688 9.544517E-02
0.8888 1.035707E-01
0.9089 1.034516E-01
0.9289 9.933724E-02
0.9489 1.032057E-01
0.9689 1.030791E-01
0.9889 1.029505E-01
1.0089 1.028201E-01
1.0289 1.026881E-01
1.0489 1.025547E-01
1.0689 1.024203E-01
1.0889 1.022850E-01
1.1090 1.021489E-01
1.1290 1.020124E-01
1.1490 1.018756E-01
1.1690 1.017387E-01
1.1890 9.403023E-02
1.2090 1.014655E-01
1.2290 9.727356E-02
1.2490 1.011940E-01
1.2690 1.010594E-01
1.2890 1.009258E-01
1.3091 1.007931E-01
1.3291 1.006616E-01
1.3491 1.005315E-01
1.3691 1.004027E-01
1.3891 1.002755E-01
1.4091 1.001501E-01
1.4291 1.000263E-01
1.4491 9.990435E-02
1.4691 9.978424E-02
1.4891 9.966615E-02
1.5092 9.324321E-02
1.5292 9.943620E-02
1.5492 9.587417E-02
1.5692 9.921491E-02
1.5892 9.910770E-02
1.6092 9.900268E-02
1.6292 9.890018E-02
1.6492 9.879999E-02
1.6692 9.870224E-02
1.6892 9.860686E-02
1.7093 9.851403E-02
1.7293 9.842366E-02
1.7493 9.833582E-02
1.7693 9.825056E-02
1.7893 9.816778E-02
1.8093 9.808767E-02
1.8293 9.310837E-02
1.8493 9.793509E-02
1.8693 9.512167E-02
1.8893 9.779281E-02
1.9094 9.772557E-02
1.9294 9.766101E-02
1.9494 9.759900E-02
1.9694 9.753965E-02
1.9894 9.748296E-02
2.0094 9.742888E-02
2.0294 9.737744E-02
2.0494 9.732863E-02
2.0694 9.728246E-02
2.0894 9.723895E-02
2.1095 9.719809E-02
2.1295 9.715987E-02
2.1495 9.361664E-02
2.1695 9.709139E-02
2.1895 9.503541E-02
2.2095 9.703351E-02
2.2295 9.700863E-02
2.2495 9.698634E-02
2.2695 9.696670E-02
2.2895 9.694973E-02
2.3096 9.693549E-02
2.3296 9.692390E-02
2.3496 9.691500E-02
2.3696 9.690870E-02
2.3896 9.690515E-02
2.4096 9.690412E-02
2.4296 9.690580E-02
2.4496 9.691023E-02
2.4696 9.466016E-02
2.4896 9.692686E-02
2.5097 9.559856E-02
2.5297 9.695402E-02
2.5497 9.697156E-02
2.5697 9.699166E-02
2.5897 9.701438E-02
2.6097 9.703957E-02
2.6297 9.706742E-02
2.6497 9.709773E-02
2.6697 9.713051E-02
2.6897 9.716580E-02
2.7098 9.720355E-02
2.7298 9.724364E-02
2.7498 9.728612E-02
2.7698 9.733096E-02
2.7898 9.592127E-02
2.8098 9.742744E-02
2.8298 9.667979E-02
2.8498 9.753265E-02
2.8698 9.758845E-02
2.8898 9.764621E-02
2.9099 9.770594E-02
2.9299 9.776763E-02
2.9499 9.783106E-02
2.9699 9.789620E-02
2.9899 9.796308E-02
3.0099 9.803150E-02
3.0299 9.810131E-02
3.0499 9.817260E-02
3.0699 9.824515E-02
3.0899 9.831884E-02
3.1100 9.687529E-02
3.1300 9.846942E-02
3.1500 9.792326E-02
3.1700 9.862331E-02
3.1900 9.870120E-02
3.2100 9.877957E-02
3.2300 9.885824E-02
3.2500 9.893717E-02
3.2700 9.901616E-02
3.2900 9.909501E-02
3.3101 9.917369E-02
3.3301 9.925199E-02
3.3501 9.932971E-02
3.3701 9.940690E-02
3.3901 9.948317E-02
3.4101 9.955852E-02
3.4301 9.706977E-02
3.4501 9.970560E-02
3.4701 9.878135E-02
3.4901 9.984706E-02
3.5102 9.991530E-02
3.5302 9.998157E-02
3.5502 1.000458E-01
3.5702 1.001081E-01
3.5902 1.001679E-01
3.6102 1.002253E-01
3.6302 1.002802E-01
3.6502 1.003324E-01
3.6702 1.003819E-01
3.6902 1.004284E-01
3.7103 1.004719E-01
3.7303 1.005123E-01
3.7503 9.651597E-02
3.7703 1.005835E-01
3.7903 9.883451E-02
3.8103 1.006414E-01
3.8303 1.006652E-01
3.8503 1.006855E-01
3.8703 1.007022E-01
3.8903 1.007154E-01
3.9104 1.007251E-01
3.9304 1.007311E-01
3.9504 1.007337E-01
3.9704 1.007326E-01
3.9904 1.007281E-01
4.0104 1.007201E-01
4.0304 1.007088E-01
4.0504 1.006940E-01
4.0704 9.569646E-02
4.0904 1.006547E-01
4.1105 9.816630E-02
4.1305 1.006028E-01
4.1505 1.005724E-01
4.1705 1.005392E-01
4.1905 1.005033E-01
4.2105 1.004648E-01
4.2305 1.004238E-01
4.2505 1.003806E-01
4.2705 1.003352E-01
4.2905 1.002877E-01
4.3106 1.002384E-01
4.3306 1.001873E-01
4.3506 1.001347E-01
4.3706 1.000806E-01
4.3906 9.517569E-02
4.4106 9.996889E-02
4.4306 9.730395E-02
4.4506 9.985349E-02
4.4706 9.979475E-02
4.4906 9.973567E-02
4.5107 9.967612E-02
4.5307 9.961660E-02
4.5507 9.955704E-02
4.5707 9.949772E-02
4.5907 9.943864E-02
4.6107 9.938012E-02
4.6307 9.932217E-02
4.6507 9.926506E-02
4.6707 9.920884E-02
4.6907 9.915370E-02
4.7108 9.529785E-02
4.7308 9.904689E-02
4.7508 9.680512E-02
4.7708 9.894587E-02
4.7908 9.889781E-02
4.8108 9.885160E-02
4.8308 9.880706E-02
4.8508 9.876455E-02
4.8708 9.872410E-02
4.8908 9.868578E-02
4.9109 9.864973E-02
4.9309 9.861593E-02
4.9509 9.858462E-02
4.9709 9.855569E-02
4.9909 9.852935E-02
5.0109 9.850552E-02
5.0309 9.615214E-02
5.0509 9.846581E-02
5.0709 9.698491E-02
5.0909 9.843721E-02
5.1110 9.842700E-02
5.1310 9.841973E-02
5.1510 9.841535E-02
5.1710 9.841391E-02
5.1910 9.841535E-02
5.2110 9.841975E-02
5.2310 9.842723E-02
5.2510 9.843762E-02
5.2710 9.845103E-02
5.2910 9.846746E-02
5.3111 9.848696E-02
5.3311 9.850938E-02
5.3511 9.765965E-02
5.3711 9.856326E-02
5.3911 9.790598E-02
5.4111 9.862930E-02
5.4311 9.866684E-02
5.4511 9.870719E-02
5.4711 9.875062E-02
5.4911 9.879698E-02
5.5112 9.884618E-02
5.5312 9.889830E-02
5.5512 9.895333E-02
5.5712 9.901113E-02
5.5912 9.907189E-02
5.6112 9.913529E-02
5.6312 9.920154E-02
5.6512 9.927037E-02
5.6712 9.965480E-02
5.6912 9.941632E-02
5.7113 9.947305E-02
5.7313 9.957270E-02
5.7513 9.965473E-02
5.7713 9.973933E-02
5.7913 9.982636E-02
5.8113 9.991576E-02
5.8313 1.000076E-01
5.8513 1.001017E-01
5.8713 1.001982E-01
5.8913 1.002970E-01
5.9114 1.003979E-01
5.9314 1.005010E-01
5.9514 1.006062E-01
5.9714 1.007135E-01
5.9914 1.019275E-01
6.0114 1.009340E-01
6.0314 1.015097E-01
6.0514 1.011623E-01
6.0714 1.012791E-01
6.0914 1.013978E-01
6.1115 1.015182E-01
6.1315 1.016402E-01
6.1515 1.017639E-01
6.1715 1.018890E-01
6.1915 1.020158E-01
6.2115 1.021440E-01
6.2315 1.022735E-01
6.2515 1.024043E-01
6.2715 1.025365E-01
6.2915 1.026700E-01
6.3116 1.042411E-01
6.3316 1.029402E-01
6.3516 1.037978E-01
6.3716 1.032148E-01
6.3916 1.033534E-01
6.4116 1.034931E-01
6.4316 1.036334E-01
6.4516 1.037746E-01
6.4716 1.039165E-01
6.4916 1.040591E-01
6.5117 1.042022E-01
6.5317 1.043458E-01
6.5517 1.044899E-01
6.5717 1.046344E-01
6.5917 1.047792E-01
6.6117 1.049244E-01
6.6317 1.311684E-01
6.6517 1.052151E-01
6.6717 1.060949E-01
6.6917 1.055064E-01
6.7118 1.056519E-01
6.7318 1.057975E-01
6.7518 1.059428E-01
6.7718 1.060879E-01
6.7918 1.062327E-01
6.8118 1.063772E-01
6.8318 1.065213E-01
6.8518 1.066649E-01
6.8718 1.068079E-01
6.8918 1.069505E-01
6.9119 1.070923E-01
6.9319 1.072335E-01
6.9519 1.331052E-01
6.9719 1.075134E-01
6.9919 1.333458E-01
