25
24.503
24.011
23.524
23.042
22.5649
22.0929
21.6259
21.1638
20.7068
20.2548
19.8077
19.3656
18.9286
18.4965
18.0694
17.6474
17.2303
16.8182
16.4111
16.009
15.6119
15.2198
14.8327
14.4506
14.0734
13.7013
13.3342
12.972
12.6149
12.2628
11.9156
11.5734
11.2363
10.9041
10.5769
10.2548
9.93758
9.62539
9.3182
9.016
8.7188
8.42659
8.13938
7.85716
7.57994
7.30771
7.04048
6.77824
6.521
6.26875
6.0215
5.77924
5.54198
5.30971
5.08244
4.86016
4.64288
4.43059
4.2233
4.021
3.8237
3.63139
3.44408
3.26176
3.08444
2.91211
2.74478
2.58244
2.4251
2.27275
2.1254
1.98304
1.84568
1.71331
1.58594
1.46356
1.34618
1.23379
1.1264
1.024
0.926598
0.83419
0.746778
0.66436
0.586938
0.51451
0.447078
0.38464
0.327198
0.27475
0.227298
0.18484
0.147378
0.11491
0.0874375
0.06496
0.0474775
0.03499
0.0274975
0.025
