-38.2005 5.464185E-04
-38.1805 5.474306E-04
-38.1605 5.484455E-04
-38.1405 5.494632E-04
-38.1205 5.504845E-04
-38.1004 5.515084E-04
-38.0804 5.525355E-04
-38.0604 5.535657E-04
-38.0404 5.545987E-04
-38.0204 5.556350E-04
-38.0004 5.566743E-04
-37.9804 5.577167E-04
-37.9604 5.587626E-04
-37.9404 5.598108E-04
-37.9204 5.608627E-04
-37.9003 5.619178E-04
-37.8803 5.629757E-04
-37.8603 5.640373E-04
-37.8403 5.651016E-04
-37.8203 5.661693E-04
-37.8003 5.672403E-04
-37.7803 5.683143E-04
-37.7603 5.693917E-04
-37.7403 5.704723E-04
-37.7203 5.715565E-04
-37.7002 5.726436E-04
-37.6802 5.737341E-04
-37.6602 5.748277E-04
-37.6402 5.759249E-04
-37.6202 5.770253E-04
-37.6002 5.781289E-04
-37.5802 5.792360E-04
-37.5602 5.803466E-04
-37.5402 5.814606E-04
-37.5202 5.825778E-04
-37.5001 5.836988E-04
-37.4801 5.848229E-04
-37.4601 5.859505E-04
-37.4401 5.870818E-04
-37.4201 5.882161E-04
-37.4001 5.893544E-04
-37.3801 5.904959E-04
-37.3601 5.916410E-04
-37.3401 5.927898E-04
-37.3201 5.939417E-04
-37.3000 5.950977E-04
-37.2800 5.962568E-04
-37.2600 5.974199E-04
-37.2400 5.985865E-04
-37.2200 5.997563E-04
-37.2000 6.009304E-04
-37.1800 6.021077E-04
-37.1600 6.032889E-04
-37.1400 6.044739E-04
-37.1200 6.056621E-04
-37.0999 6.068542E-04
-37.0799 6.080502E-04
-37.0599 6.092499E-04
-37.0399 6.104535E-04
-37.0199 6.116607E-04
-36.9999 6.128721E-04
-36.9799 6.140870E-04
-36.9599 6.153052E-04
-36.9399 6.165282E-04
-36.9199 6.177545E-04
-36.8998 6.189847E-04
-36.8798 6.202190E-04
-36.8598 6.214569E-04
-36.8398 6.226989E-04
-36.8198 6.239453E-04
-36.7998 6.251949E-04
-36.7798 6.264491E-04
-36.7598 6.277069E-04
-36.7398 6.289689E-04
-36.7198 6.302351E-04
-36.6997 6.315048E-04
-36.6797 6.327789E-04
-36.6597 6.340571E-04
-36.6397 6.353397E-04
-36.6197 6.366258E-04
-36.5997 6.379165E-04
-36.5797 6.392113E-04
-36.5597 6.405098E-04
-36.5397 6.418134E-04
-36.5197 6.431210E-04
-36.4996 6.444321E-04
-36.4796 6.457476E-04
-36.4596 6.470677E-04
-36.4396 6.483923E-04
-36.4196 6.497207E-04
-36.3996 6.510536E-04
-36.3796 6.523912E-04
-36.3596 6.537333E-04
-36.3396 6.550792E-04
-36.3196 6.564292E-04
-36.2995 6.577846E-04
-36.2795 6.591439E-04
-36.2595 6.605078E-04
-36.2395 6.618759E-04
-36.2195 6.632486E-04
-36.1995 6.646261E-04
-36.1795 6.660078E-04
-36.1595 6.673942E-04
-36.1395 6.687854E-04
-36.1195 6.701809E-04
-36.0994 6.715812E-04
-36.0794 6.729858E-04
-36.0594 6.743953E-04
-36.0394 6.758097E-04
-36.0194 6.772284E-04
-35.9994 6.786521E-04
-35.9794 6.800809E-04
-35.9594 6.815139E-04
-35.9394 6.829520E-04
-35.9194 6.843947E-04
-35.8993 6.858424E-04
-35.8793 6.872947E-04
-35.8593 6.887520E-04
-35.8393 6.902146E-04
-35.8193 6.916816E-04
-35.7993 6.931538E-04
-35.7793 6.946310E-04
-35.7593 6.961131E-04
-35.7393 6.976003E-04
-35.7193 6.990924E-04
-35.6992 7.005895E-04
-35.6792 7.020920E-04
-35.6592 7.035991E-04
-35.6392 7.051117E-04
-35.6192 7.066297E-04
-35.5992 7.081522E-04
-35.5792 7.096806E-04
-35.5592 7.112141E-04
-35.5392 7.127525E-04
-35.5192 7.142965E-04
-35.4991 7.158455E-04
-35.4791 7.174003E-04
-35.4591 7.189601E-04
-35.4391 7.205249E-04
-35.4191 7.220955E-04
-35.3991 7.236715E-04
-35.3791 7.252531E-04
-35.3591 7.268401E-04
-35.3391 7.284326E-04
-35.3191 7.300307E-04
-35.2990 7.316340E-04
-35.2790 7.332435E-04
-35.2590 7.348581E-04
-35.2390 7.364784E-04
-35.2190 7.381044E-04
-35.1990 7.397361E-04
-35.1790 7.413740E-04
-35.1590 7.430167E-04
-35.1390 7.446656E-04
-35.1190 7.463210E-04
-35.0989 7.479810E-04
-35.0789 7.496476E-04
-35.0589 7.513199E-04
-35.0389 7.529985E-04
-35.0189 7.546823E-04
-34.9989 7.563725E-04
-34.9789 7.580686E-04
-34.9589 7.597705E-04
-34.9389 7.614791E-04
-34.9189 7.631931E-04
-34.8988 7.649136E-04
-34.8788 7.666403E-04
-34.8588 7.683729E-04
-34.8388 7.701117E-04
-34.8188 7.718566E-04
-34.7988 7.736082E-04
-34.7788 7.753658E-04
-34.7588 7.771299E-04
-34.7388 7.789000E-04
-34.7188 7.806770E-04
-34.6987 7.824603E-04
-34.6787 7.842495E-04
-34.6587 7.860457E-04
-34.6387 7.878479E-04
-34.6187 7.896572E-04
-34.5987 7.914734E-04
-34.5787 7.932952E-04
-34.5587 7.951240E-04
-34.5387 7.969596E-04
-34.5187 7.988024E-04
-34.4986 8.006508E-04
-34.4786 8.025068E-04
-34.4586 8.043696E-04
-34.4386 8.062388E-04
-34.4186 8.081150E-04
-34.3986 8.099985E-04
-34.3786 8.118889E-04
-34.3586 8.137859E-04
-34.3386 8.156901E-04
-34.3186 8.176009E-04
-34.2985 8.195189E-04
-34.2785 8.214445E-04
-34.2585 8.233767E-04
-34.2385 8.253165E-04
-34.2185 8.272638E-04
-34.1985 8.292181E-04
-34.1785 8.311794E-04
-34.1585 8.331483E-04
-34.1385 8.351243E-04
-34.1185 8.371074E-04
-34.0984 8.390986E-04
-34.0784 8.410977E-04
-34.0584 8.431033E-04
-34.0384 8.451172E-04
-34.0184 8.471384E-04
-33.9984 8.491672E-04
-33.9784 8.512035E-04
-33.9584 8.532475E-04
-33.9384 8.553000E-04
-33.9184 8.573595E-04
-33.8983 8.594268E-04
-33.8783 8.615027E-04
-33.8583 8.635859E-04
-33.8383 8.656773E-04
-33.8183 8.677760E-04
-33.7983 8.698838E-04
-33.7783 8.719991E-04
-33.7583 8.741226E-04
-33.7383 8.762549E-04
-33.7183 8.783948E-04
-33.6982 8.805425E-04
-33.6782 8.826990E-04
-33.6582 8.848635E-04
-33.6382 8.870370E-04
-33.6182 8.892188E-04
-33.5982 8.914088E-04
-33.5782 8.936072E-04
-33.5582 8.958141E-04
-33.5382 8.980304E-04
-33.5182 9.002547E-04
-33.4981 9.024877E-04
-33.4781 9.047290E-04
-33.4581 9.069801E-04
-33.4381 9.092395E-04
-33.4181 9.115074E-04
-33.3981 9.137847E-04
-33.3781 9.160714E-04
-33.3581 9.183661E-04
-33.3381 9.206706E-04
-33.3181 9.229842E-04
-33.2980 9.253063E-04
-33.2780 9.276384E-04
-33.2580 9.299791E-04
-33.2380 9.323298E-04
-33.2180 9.346891E-04
-33.1980 9.370585E-04
-33.1780 9.394371E-04
-33.1580 9.418252E-04
-33.1380 9.442226E-04
-33.1180 9.466302E-04
-33.0979 9.490475E-04
-33.0779 9.514742E-04
-33.0579 9.539101E-04
-33.0379 9.563569E-04
-33.0179 9.588133E-04
-32.9979 9.612788E-04
-32.9779 9.637549E-04
-32.9579 9.662414E-04
-32.9379 9.687376E-04
-32.9179 9.712442E-04
-32.8978 9.737611E-04
-32.8778 9.762876E-04
-32.8578 9.788250E-04
-32.8378 9.813727E-04
-32.8178 9.839302E-04
-32.7978 9.864993E-04
-32.7778 9.890782E-04
-32.7578 9.916682E-04
-32.7378 9.942684E-04
-32.7178 9.968800E-04
-32.6977 9.995014E-04
-32.6777 1.002134E-03
-32.6577 1.004778E-03
-32.6377 1.007432E-03
-32.6177 1.010098E-03
-32.5977 1.012775E-03
-32.5777 1.015464E-03
-32.5577 1.018162E-03
-32.5377 1.020873E-03
-32.5177 1.023595E-03
-32.4976 1.026328E-03
-32.4776 1.029073E-03
-32.4576 1.031830E-03
-32.4376 1.034597E-03
-32.4176 1.037377E-03
-32.3976 1.040168E-03
-32.3776 1.042971E-03
-32.3576 1.045787E-03
-32.3376 1.048613E-03
-32.3176 1.051453E-03
-32.2975 1.054304E-03
-32.2775 1.057167E-03
-32.2575 1.060043E-03
-32.2375 1.062931E-03
-32.2175 1.065830E-03
-32.1975 1.068743E-03
-32.1775 1.071668E-03
-32.1575 1.074605E-03
-32.1375 1.077556E-03
-32.1175 1.080519E-03
-32.0974 1.083495E-03
-32.0774 1.086484E-03
-32.0574 1.089486E-03
-32.0374 1.092500E-03
-32.0174 1.095528E-03
-31.9974 1.098569E-03
-31.9774 1.101623E-03
-31.9574 1.104691E-03
-31.9374 1.107772E-03
-31.9174 1.110866E-03
-31.8973 1.113974E-03
-31.8773 1.117097E-03
-31.8573 1.120232E-03
-31.8373 1.123382E-03
-31.8173 1.126545E-03
-31.7973 1.129723E-03
-31.7773 1.132914E-03
-31.7573 1.136119E-03
-31.7373 1.139339E-03
-31.7173 1.142573E-03
-31.6972 1.145821E-03
-31.6772 1.149085E-03
-31.6572 1.152362E-03
-31.6372 1.155654E-03
-31.6172 1.158962E-03
-31.5972 1.162283E-03
-31.5772 1.165619E-03
-31.5572 1.168971E-03
-31.5372 1.172338E-03
-31.5172 1.175721E-03
-31.4971 1.179118E-03
-31.4771 1.182531E-03
-31.4571 1.185959E-03
-31.4371 1.189403E-03
-31.4171 1.192863E-03
-31.3971 1.196338E-03
-31.3771 1.199830E-03
-31.3571 1.203337E-03
-31.3371 1.206860E-03
-31.3171 1.210400E-03
-31.2970 1.213956E-03
-31.2770 1.217529E-03
-31.2570 1.221117E-03
-31.2370 1.224722E-03
-31.2170 1.228345E-03
-31.1970 1.231983E-03
-31.1770 1.235639E-03
-31.1570 1.239311E-03
-31.1370 1.243001E-03
-31.1170 1.246708E-03
-31.0969 1.250432E-03
-31.0769 1.254175E-03
-31.0569 1.257933E-03
-31.0369 1.261710E-03
-31.0169 1.265505E-03
-30.9969 1.269318E-03
-30.9769 1.273149E-03
-30.9569 1.276997E-03
-30.9369 1.280864E-03
-30.9169 1.284750E-03
-30.8968 1.288654E-03
-30.8768 1.292576E-03
-30.8568 1.296517E-03
-30.8368 1.300477E-03
-30.8168 1.304455E-03
-30.7968 1.308453E-03
-30.7768 1.312470E-03
-30.7568 1.316507E-03
-30.7368 1.320562E-03
-30.7168 1.324638E-03
-30.6967 1.328733E-03
-30.6767 1.332848E-03
-30.6567 1.336982E-03
-30.6367 1.341137E-03
-30.6167 1.345312E-03
-30.5967 1.349508E-03
-30.5767 1.353724E-03
-30.5567 1.357961E-03
-30.5367 1.362218E-03
-30.5167 1.366496E-03
-30.4966 1.370796E-03
-30.4766 1.375116E-03
-30.4566 1.379458E-03
-30.4366 1.383821E-03
-30.4166 1.388205E-03
-30.3966 1.392612E-03
-30.3766 1.397040E-03
-30.3566 1.401491E-03
-30.3366 1.405963E-03
-30.3166 1.410458E-03
-30.2965 1.414975E-03
-30.2765 1.419515E-03
-30.2565 1.424078E-03
-30.2365 1.428664E-03
-30.2165 1.433272E-03
-30.1965 1.437904E-03
-30.1765 1.442559E-03
-30.1565 1.447238E-03
-30.1365 1.451941E-03
-30.1165 1.456668E-03
-30.0964 1.461418E-03
-30.0764 1.466193E-03
-30.0564 1.470992E-03
-30.0364 1.475816E-03
-30.0164 1.480664E-03
-29.9964 1.485537E-03
-29.9764 1.490436E-03
-29.9564 1.495360E-03
-29.9364 1.500309E-03
-29.9164 1.505283E-03
-29.8963 1.510284E-03
-29.8763 1.515310E-03
-29.8563 1.520362E-03
-29.8363 1.525441E-03
-29.8163 1.530546E-03
-29.7963 1.535679E-03
-29.7763 1.540837E-03
-29.7563 1.546023E-03
-29.7363 1.551236E-03
-29.7163 1.556477E-03
-29.6962 1.561745E-03
-29.6762 1.567041E-03
-29.6562 1.572365E-03
-29.6362 1.577717E-03
-29.6162 1.583098E-03
-29.5962 1.588508E-03
-29.5762 1.593946E-03
-29.5562 1.599413E-03
-29.5362 1.604910E-03
-29.5162 1.610435E-03
-29.4961 1.615992E-03
-29.4761 1.621577E-03
-29.4561 1.627193E-03
-29.4361 1.632839E-03
-29.4161 1.638515E-03
-29.3961 1.644223E-03
-29.3761 1.649961E-03
-29.3561 1.655731E-03
-29.3361 1.661532E-03
-29.3161 1.667365E-03
-29.2960 1.673230E-03
-29.2760 1.679127E-03
-29.2560 1.685056E-03
-29.2360 1.691018E-03
-29.2160 1.697013E-03
-29.1960 1.703041E-03
-29.1760 1.709102E-03
-29.1560 1.715197E-03
-29.1360 1.721326E-03
-29.1160 1.727489E-03
-29.0959 1.733687E-03
-29.0759 1.739918E-03
-29.0559 1.746186E-03
-29.0359 1.752488E-03
-29.0159 1.758825E-03
-28.9959 1.765199E-03
-28.9759 1.771608E-03
-28.9559 1.778053E-03
-28.9359 1.784536E-03
-28.9159 1.791054E-03
-28.8958 1.797610E-03
-28.8758 1.804203E-03
-28.8558 1.810834E-03
-28.8358 1.817503E-03
-28.8158 1.824211E-03
-28.7958 1.830956E-03
-28.7758 1.837741E-03
-28.7558 1.844565E-03
-28.7358 1.851427E-03
-28.7158 1.858331E-03
-28.6957 1.865273E-03
-28.6757 1.872257E-03
-28.6557 1.879281E-03
-28.6357 1.886346E-03
-28.6157 1.893452E-03
-28.5957 1.900600E-03
-28.5757 1.907791E-03
-28.5557 1.915023E-03
-28.5357 1.922298E-03
-28.5157 1.929616E-03
-28.4956 1.936978E-03
-28.4756 1.944383E-03
-28.4556 1.951832E-03
-28.4356 1.959326E-03
-28.4156 1.966864E-03
-28.3956 1.974447E-03
-28.3756 1.982076E-03
-28.3556 1.989751E-03
-28.3356 1.997472E-03
-28.3156 2.005240E-03
-28.2955 2.013053E-03
-28.2755 2.020915E-03
-28.2555 2.028825E-03
-28.2355 2.036783E-03
-28.2155 2.044789E-03
-28.1955 2.052844E-03
-28.1755 2.060948E-03
-28.1555 2.069103E-03
-28.1355 2.077307E-03
-28.1155 2.085562E-03
-28.0954 2.093868E-03
-28.0754 2.102226E-03
-28.0554 2.110635E-03
-28.0354 2.119096E-03
-28.0154 2.127610E-03
-27.9954 2.136178E-03
-27.9754 2.144798E-03
-27.9554 2.153473E-03
-27.9354 2.162203E-03
-27.9154 2.170988E-03
-27.8953 2.179827E-03
-27.8753 2.188723E-03
-27.8553 2.197675E-03
-27.8353 2.206684E-03
-27.8153 2.215751E-03
-27.7953 2.224874E-03
-27.7753 2.234058E-03
-27.7553 2.243299E-03
-27.7353 2.252599E-03
-27.7153 2.261960E-03
-27.6952 2.271381E-03
-27.6752 2.280864E-03
-27.6552 2.290406E-03
-27.6352 2.300012E-03
-27.6152 2.309679E-03
-27.5952 2.319410E-03
-27.5752 2.329205E-03
-27.5552 2.339064E-03
-27.5352 2.348987E-03
-27.5152 2.358977E-03
-27.4951 2.369031E-03
-27.4751 2.379152E-03
-27.4551 2.389340E-03
-27.4351 2.399596E-03
-27.4151 2.409921E-03
-27.3951 2.420313E-03
-27.3751 2.430777E-03
-27.3551 2.441309E-03
-27.3351 2.451913E-03
-27.3151 2.462588E-03
-27.2950 2.473335E-03
-27.2750 2.484155E-03
-27.2550 2.495047E-03
-27.2350 2.506015E-03
-27.2150 2.517057E-03
-27.1950 2.528174E-03
-27.1750 2.539368E-03
-27.1550 2.550638E-03
-27.1350 2.561986E-03
-27.1150 2.573413E-03
-27.0949 2.584919E-03
-27.0749 2.596503E-03
-27.0549 2.608168E-03
-27.0349 2.619915E-03
-27.0149 2.631744E-03
-26.9949 2.643656E-03
-26.9749 2.655649E-03
-26.9549 2.667729E-03
-26.9349 2.679893E-03
-26.9149 2.692143E-03
-26.8948 2.704480E-03
-26.8748 2.716905E-03
-26.8548 2.729418E-03
-26.8348 2.742019E-03
-26.8148 2.754713E-03
-26.7948 2.767496E-03
-26.7748 2.780372E-03
-26.7548 2.793340E-03
-26.7348 2.806400E-03
-26.7148 2.819557E-03
-26.6947 2.832808E-03
-26.6747 2.846156E-03
-26.6547 2.859603E-03
-26.6347 2.873147E-03
-26.6147 2.886789E-03
-26.5947 2.900532E-03
-26.5747 2.914378E-03
-26.5547 2.928325E-03
-26.5347 2.942376E-03
-26.5147 2.956529E-03
-26.4946 2.970789E-03
-26.4746 2.985156E-03
-26.4546 2.999631E-03
-26.4346 3.014212E-03
-26.4146 3.028903E-03
-26.3946 3.043706E-03
-26.3746 3.058620E-03
-26.3546 3.073649E-03
-26.3346 3.088792E-03
-26.3146 3.104049E-03
-26.2945 3.119423E-03
-26.2745 3.134914E-03
-26.2545 3.150525E-03
-26.2345 3.166258E-03
-26.2145 3.182110E-03
-26.1945 3.198086E-03
-26.1745 3.214185E-03
-26.1545 3.230409E-03
-26.1345 3.246762E-03
-26.1145 3.263241E-03
-26.0944 3.279851E-03
-26.0744 3.296590E-03
-26.0544 3.313460E-03
-26.0344 3.330467E-03
-26.0144 3.347605E-03
-25.9944 3.364881E-03
-25.9744 3.382295E-03
-25.9544 3.399850E-03
-25.9344 3.417542E-03
-25.9144 3.435381E-03
-25.8943 3.453361E-03
-25.8743 3.471485E-03
-25.8543 3.489759E-03
-25.8343 3.508179E-03
-25.8143 3.526751E-03
-25.7943 3.545476E-03
-25.7743 3.564352E-03
-25.7543 3.583384E-03
-25.7343 3.602573E-03
-25.7143 3.621921E-03
-25.6942 3.641430E-03
-25.6742 3.661101E-03
-25.6542 3.680936E-03
-25.6342 3.700937E-03
-25.6142 3.721106E-03
-25.5942 3.741445E-03
-25.5742 3.761956E-03
-25.5542 3.782639E-03
-25.5342 3.803499E-03
-25.5142 3.824536E-03
-25.4941 3.845753E-03
-25.4741 3.867152E-03
-25.4541 3.888734E-03
-25.4341 3.910503E-03
-25.4141 3.932459E-03
-25.3941 3.954607E-03
-25.3741 3.976946E-03
-25.3541 3.999480E-03
-25.3341 4.022211E-03
-25.3141 4.045143E-03
-25.2940 4.068273E-03
-25.2740 4.091612E-03
-25.2540 4.115155E-03
-25.2340 4.138908E-03
-25.2140 4.162872E-03
-25.1940 4.187050E-03
-25.1740 4.211445E-03
-25.1540 4.236059E-03
-25.1340 4.260896E-03
-25.1140 4.285956E-03
-25.0939 4.311244E-03
-25.0739 4.336761E-03
-25.0539 4.362514E-03
-25.0339 4.388499E-03
-25.0139 4.414726E-03
-24.9939 4.441197E-03
-24.9739 4.467909E-03
-24.9539 4.494868E-03
-24.9339 4.522079E-03
-24.9139 4.549548E-03
-24.8938 4.577268E-03
-24.8738 4.605255E-03
-24.8538 4.633500E-03
-24.8338 4.662015E-03
-24.8138 4.690803E-03
-24.7938 4.719863E-03
-24.7738 4.749197E-03
-24.7538 4.778819E-03
-24.7338 4.808719E-03
-24.7138 4.838914E-03
-24.6937 4.869399E-03
-24.6737 4.900175E-03
-24.6537 4.931259E-03
-24.6337 4.962644E-03
-24.6137 4.994333E-03
-24.5937 5.026337E-03
-24.5737 5.058661E-03
-24.5537 5.091299E-03
-24.5337 5.124265E-03
-24.5137 5.157563E-03
-24.4936 5.191188E-03
-24.4736 5.225155E-03
-24.4536 5.259463E-03
-24.4336 5.294124E-03
-24.4136 5.329127E-03
-24.3936 5.364493E-03
-24.3736 5.400220E-03
-24.3536 5.436314E-03
-24.3336 5.472779E-03
-24.3136 5.509621E-03
-24.2935 5.546846E-03
-24.2735 5.584460E-03
-24.2535 5.622465E-03
-24.2335 5.660870E-03
-24.2135 5.699678E-03
-24.1935 5.738895E-03
-24.1735 5.778531E-03
-24.1535 5.818589E-03
-24.1335 5.859072E-03
-24.1135 5.899991E-03
-24.0934 5.941351E-03
-24.0734 5.983156E-03
-24.0534 6.025415E-03
-24.0334 6.068135E-03
-24.0134 6.111319E-03
-23.9934 6.154981E-03
-23.9734 6.199122E-03
-23.9534 6.243748E-03
-23.9334 6.288874E-03
-23.9134 6.334500E-03
-23.8933 6.380633E-03
-23.8733 6.427288E-03
-23.8533 6.474467E-03
-23.8333 6.522180E-03
-23.8133 6.570436E-03
-23.7933 6.619239E-03
-23.7733 6.668607E-03
-23.7533 6.718539E-03
-23.7333 6.769043E-03
-23.7133 6.820139E-03
-23.6932 6.871825E-03
-23.6732 6.924117E-03
-23.6532 6.977022E-03
-23.6332 7.030547E-03
-23.6132 7.084706E-03
-23.5932 7.139509E-03
-23.5732 7.194967E-03
-23.5532 7.251084E-03
-23.5332 7.307883E-03
-23.5132 7.365364E-03
-23.4931 7.423531E-03
-23.4731 7.482424E-03
-23.4531 7.542027E-03
-23.4331 7.602360E-03
-23.4131 7.663447E-03
-23.3931 7.725287E-03
-23.3731 7.787887E-03
-23.3531 7.851286E-03
-23.3331 7.915471E-03
-23.3131 7.980454E-03
-23.2930 8.046277E-03
-23.2730 8.112922E-03
-23.2530 8.180425E-03
-23.2330 8.248796E-03
-23.2130 8.318054E-03
-23.1930 8.388206E-03
-23.1730 8.459262E-03
-23.1530 8.531243E-03
-23.1330 8.604182E-03
-23.1130 8.678077E-03
-23.0929 8.752954E-03
-23.0729 8.828819E-03
-23.0529 8.905699E-03
-23.0329 8.983615E-03
-23.0129 9.062584E-03
-22.9929 9.142627E-03
-22.9729 9.223750E-03
-22.9529 9.305980E-03
-22.9329 9.389348E-03
-22.9129 9.473870E-03
-22.8928 9.559574E-03
-22.8728 9.646472E-03
-22.8528 9.734578E-03
-22.8328 9.823927E-03
-22.8128 9.914540E-03
-22.7928 1.000646E-02
-22.7728 1.009968E-02
-22.7528 1.019423E-02
-22.7328 1.029018E-02
-22.7128 1.038750E-02
-22.6927 1.048625E-02
-22.6727 1.058644E-02
-22.6527 1.068812E-02
-22.6327 1.079129E-02
-22.6127 1.089602E-02
-22.5927 1.100230E-02
-22.5727 1.111019E-02
-22.5527 1.121972E-02
-22.5327 1.133092E-02
-22.5127 1.144379E-02
-22.4926 1.155844E-02
-22.4726 1.167483E-02
-22.4526 1.179304E-02
-22.4326 1.191314E-02
-22.4126 1.203510E-02
-22.3926 1.215897E-02
-22.3726 1.228484E-02
-22.3526 1.241273E-02
-22.3326 1.254266E-02
-22.3126 1.267468E-02
-22.2925 1.280887E-02
-22.2725 1.294525E-02
-22.2525 1.308389E-02
-22.2325 1.322483E-02
-22.2125 1.336813E-02
-22.1925 1.351379E-02
-22.1725 1.366192E-02
-22.1525 1.381260E-02
-22.1325 1.396583E-02
-22.1125 1.412169E-02
-22.0924 1.428025E-02
-22.0724 1.444157E-02
-22.0524 1.460567E-02
-22.0324 1.477273E-02
-22.0124 1.494269E-02
-21.9924 1.511575E-02
-21.9724 1.529187E-02
-21.9524 1.547117E-02
-21.9324 1.565374E-02
-21.9124 1.583967E-02
-21.8923 1.602902E-02
-21.8723 1.622184E-02
-21.8523 1.641832E-02
-21.8323 1.661850E-02
-21.8123 1.682242E-02
-21.7923 1.703023E-02
-21.7723 1.724210E-02
-21.7523 1.745801E-02
-21.7323 1.767813E-02
-21.7123 1.790257E-02
-21.6922 1.813144E-02
-21.6722 1.836487E-02
-21.6522 1.860292E-02
-21.6322 1.884585E-02
-21.6122 1.909364E-02
-21.5922 1.934660E-02
-21.5722 1.960470E-02
-21.5522 1.986826E-02
-21.5322 2.013726E-02
-21.5122 2.041195E-02
-21.4921 2.069249E-02
-21.4721 2.097904E-02
-21.4521 2.127181E-02
-21.4321 2.157095E-02
-21.4121 2.187667E-02
-21.3921 2.218917E-02
-21.3721 2.250865E-02
-21.3521 2.283533E-02
-21.3321 2.316932E-02
-21.3121 2.351108E-02
-21.2920 2.386073E-02
-21.2720 2.421841E-02
-21.2520 2.458463E-02
-21.2320 2.495940E-02
-21.2120 2.534326E-02
-21.1920 2.573625E-02
-21.1720 2.613883E-02
-21.1520 2.655144E-02
-21.1320 2.697413E-02
-21.1120 2.740741E-02
-21.0919 2.785180E-02
-21.0719 2.830736E-02
-21.0519 2.877466E-02
-21.0319 2.925412E-02
-21.0119 2.974635E-02
-20.9919 3.025145E-02
-20.9719 3.077010E-02
-20.9519 3.130279E-02
-20.9319 3.185027E-02
-20.9119 3.241265E-02
-20.8918 3.299076E-02
-20.8718 3.358543E-02
-20.8518 3.419683E-02
-20.8318 3.482588E-02
-20.8118 3.547353E-02
-20.7918 3.614006E-02
-20.7718 3.682674E-02
-20.7518 3.753390E-02
-20.7318 3.826294E-02
-20.7118 3.901456E-02
-20.6917 3.978938E-02
-20.6717 4.058907E-02
-20.6517 4.141443E-02
-20.6317 4.226662E-02
-20.6117 4.314684E-02
-20.5917 4.405643E-02
-20.5717 4.499675E-02
-20.5517 4.596967E-02
-20.5317 4.697598E-02
-20.5117 4.801814E-02
-20.4916 4.909751E-02
-20.4716 5.021602E-02
-20.4516 5.137563E-02
-20.4316 5.257852E-02
-20.4116 5.382699E-02
-20.3916 5.512404E-02
-20.3716 5.647181E-02
-20.3516 5.787311E-02
-20.3316 5.933103E-02
-20.3116 6.084945E-02
-20.2915 6.243062E-02
-20.2715 6.407973E-02
-20.2515 6.580099E-02
-20.2315 6.759732E-02
-20.2115 6.947516E-02
-20.1915 7.143891E-02
-20.1715 7.349530E-02
-20.1515 7.564964E-02
-20.1315 7.790868E-02
-20.1115 8.028098E-02
-20.0914 8.277364E-02
-20.0714 8.539565E-02
-20.0514 8.815941E-02
-20.0314 9.107201E-02
-20.0114 9.414822E-02
-19.9914 9.740166E-02
-19.9714 1.008456E-01
-19.9514 1.044985E-01
-19.9314 1.083793E-01
-19.9114 1.125071E-01
-19.8913 1.169076E-01
-19.8713 1.216077E-01
-19.8513 1.266359E-01
-19.8313 1.320320E-01
-19.8113 1.378310E-01
-19.7913 1.440850E-01
-19.7713 1.508418E-01
-19.7513 1.581706E-01
-19.7313 1.661423E-01
-19.7113 1.748438E-01
-19.6912 1.843793E-01
-19.6712 1.948780E-01
-19.6512 2.064885E-01
-19.6312 2.194009E-01
-19.6112 2.338475E-01
-19.5912 2.501183E-01
-19.5712 2.685754E-01
-19.5512 2.897088E-01
-19.5312 3.141366E-01
-19.5112 3.426930E-01
-19.4911 3.765290E-01
-19.4711 4.172411E-01
-19.4511 4.671125E-01
-19.4311 5.295036E-01
-19.4111 6.094735E-01
-19.3911 7.149048E-01
-19.3711 8.580715E-01
-19.3511 1.057752E+00
-19.3311 1.338798E+00
-19.3111 1.717655E+00
-19.2910 2.152092E+00
-19.2710 2.504250E+00
-19.2510 2.654372E+00
-19.2310 2.591324E+00
-19.2110 2.434409E+00
-19.1910 2.371768E+00
-19.1710 2.499216E+00
-19.1510 2.811407E+00
-19.1310 3.240287E+00
-19.1110 3.749041E+00
-19.0909 4.321346E+00
-19.0709 4.754004E+00
-19.0509 4.780391E+00
-19.0309 4.465572E+00
-19.0109 4.181525E+00
-18.9909 4.195825E+00
-18.9709 4.581843E+00
-18.9509 5.275518E+00
-18.9309 6.102953E+00
-18.9109 6.840678E+00
-18.8908 7.197595E+00
-18.8708 6.978568E+00
-18.8508 6.222191E+00
-18.8308 5.344970E+00
-18.8108 4.725202E+00
-18.7908 4.403876E+00
-18.7708 4.272341E+00
-18.7508 4.214364E+00
-18.7308 4.160864E+00
-18.7108 4.177595E+00
-18.6907 4.387070E+00
-18.6707 4.848430E+00
-18.6507 5.480137E+00
-18.6307 6.089215E+00
-18.6107 6.480626E+00
-18.5907 6.505731E+00
-18.5707 6.188570E+00
-18.5507 5.722144E+00
-18.5307 5.252247E+00
-18.5107 4.914126E+00
-18.4906 4.759871E+00
-18.4706 4.745299E+00
-18.4506 4.763417E+00
-18.4306 4.763858E+00
-18.4106 4.741693E+00
-18.3906 4.637033E+00
-18.3706 4.495784E+00
-18.3506 4.495209E+00
-18.3306 4.802575E+00
-18.3106 5.435521E+00
-18.2905 6.182059E+00
-18.2705 6.697317E+00
-18.2505 6.966947E+00
-18.2305 7.267353E+00
-18.2105 7.600205E+00
-18.1905 7.713302E+00
-18.1705 7.518516E+00
-18.1505 7.121732E+00
-18.1305 6.733678E+00
-18.1105 6.482509E+00
-18.0904 6.280562E+00
-18.0704 6.111477E+00
-18.0504 6.038513E+00
-18.0304 5.937460E+00
-18.0104 5.668705E+00
-17.9904 5.416486E+00
-17.9704 5.375712E+00
-17.9504 5.443039E+00
-17.9304 5.400955E+00
-17.9104 5.117375E+00
-17.8903 4.729540E+00
-17.8703 4.502233E+00
-17.8503 4.510139E+00
-17.8303 4.699664E+00
-17.8103 5.051775E+00
-17.7903 5.574726E+00
-17.7703 6.195295E+00
-17.7503 6.743356E+00
-17.7303 7.036940E+00
-17.7103 7.000845E+00
-17.6902 6.768667E+00
-17.6702 6.503287E+00
-17.6502 6.001111E+00
-17.6302 5.060446E+00
-17.6102 3.982610E+00
-17.5902 3.082512E+00
-17.5702 2.408338E+00
-17.5502 1.906032E+00
-17.5302 1.531465E+00
-17.5102 1.255689E+00
-17.4901 1.051240E+00
-17.4701 8.966164E-01
-17.4501 7.768025E-01
-17.4301 6.819670E-01
-17.4101 6.054000E-01
-17.3901 5.424988E-01
-17.3701 4.900595E-01
-17.3501 4.457543E-01
-17.3301 4.078651E-01
-17.3101 3.751784E-01
-17.2900 3.468171E-01
-17.2700 3.217846E-01
-17.2500 2.999239E-01
-17.2300 2.801603E-01
-17.2100 2.629240E-01
-17.1900 2.471184E-01
-17.1700 2.327296E-01
-17.1500 2.197667E-01
-17.1300 2.078214E-01
-17.1100 1.973863E-01
-17.0899 1.868975E-01
-17.0699 1.778716E-01
-17.0499 1.692258E-01
-17.0299 1.614606E-01
-17.0099 1.563034E-01
-16.9899 1.494323E-01
-16.9699 1.389970E-01
-16.9499 1.441143E-01
-16.9299 1.213259E-01
-16.9099 1.329904E-01
-16.8898 1.279437E-01
-16.8698 1.152370E-01
-16.8498 1.124518E-01
-16.8298 1.123737E-01
-16.8098 1.066787E-01
-16.7898 1.052788E-01
-16.7698 1.009887E-01
-16.7498 9.884460E-02
-16.7298 9.602340E-02
-16.7098 9.345569E-02
-16.6897 9.131961E-02
-16.6697 8.890976E-02
-16.6497 8.699269E-02
-16.6297 8.498151E-02
-16.6097 8.320140E-02
-16.5897 8.134086E-02
-16.5697 7.979658E-02
-16.5497 7.820324E-02
-16.5297 7.682056E-02
-16.5097 7.549069E-02
-16.4896 7.424447E-02
-16.4696 7.313034E-02
-16.4496 7.207337E-02
-16.4296 7.111667E-02
-16.4096 7.029980E-02
-16.3896 6.952188E-02
-16.3696 6.882454E-02
-16.3496 6.821000E-02
-16.3296 6.762091E-02
-16.3096 6.704930E-02
-16.2895 6.647793E-02
-16.2695 6.585971E-02
-16.2495 6.519472E-02
-16.2295 6.446884E-02
-16.2095 6.372916E-02
-16.1895 6.296204E-02
-16.1695 6.221355E-02
-16.1495 6.148456E-02
-16.1295 6.078654E-02
-16.1095 6.012837E-02
-16.0894 5.952107E-02
-16.0694 5.894550E-02
-16.0494 5.841454E-02
-16.0294 5.790739E-02
-16.0094 5.743662E-02
-15.9894 5.698701E-02
-15.9694 5.656083E-02
-15.9494 5.615306E-02
-15.9294 5.575695E-02
-15.9094 5.537400E-02
-15.8893 5.500044E-02
-15.8693 5.463113E-02
-15.8493 5.426737E-02
-15.8293 5.390638E-02
-15.8093 5.354461E-02
-15.7893 5.318306E-02
-15.7693 5.281837E-02
-15.7493 5.245344E-02
-15.7293 5.208189E-02
-15.7093 5.170691E-02
-15.6892 5.132964E-02
-15.6692 5.094474E-02
-15.6492 5.055545E-02
-15.6292 5.016301E-02
-15.6092 4.976344E-02
-15.5892 4.935957E-02
-15.5692 4.895165E-02
-15.5492 4.853890E-02
-15.5292 4.812386E-02
-15.5092 4.770381E-02
-15.4891 4.728150E-02
-15.4691 4.685754E-02
-15.4491 4.643218E-02
-15.4291 4.600602E-02
-15.4091 4.557823E-02
-15.3891 4.515088E-02
-15.3691 4.472454E-02
-15.3491 4.429996E-02
-15.3291 4.387745E-02
-15.3091 4.345626E-02
-15.2890 4.303840E-02
-15.2690 4.262424E-02
-15.2490 4.221421E-02
-15.2290 4.180819E-02
-15.2090 4.140720E-02
-15.1890 4.101102E-02
-15.1690 4.062063E-02
-15.1490 4.023619E-02
-15.1290 3.985757E-02
-15.1090 3.948553E-02
-15.0889 3.911981E-02
-15.0689 3.876109E-02
-15.0489 3.840909E-02
-15.0289 3.806434E-02
-15.0089 3.772698E-02
-14.9889 3.739675E-02
-14.9689 3.707403E-02
-14.9489 3.675857E-02
-14.9289 3.645071E-02
-14.9089 3.615011E-02
-14.8888 3.585710E-02
-14.8688 3.557171E-02
-14.8488 3.529345E-02
-14.8288 3.502264E-02
-14.8088 3.475916E-02
-14.7888 3.450240E-02
-14.7688 3.425304E-02
-14.7488 3.401039E-02
-14.7288 3.377440E-02
-14.7088 3.354518E-02
-14.6887 3.332254E-02
-14.6687 3.310607E-02
-14.6487 3.289588E-02
-14.6287 3.269163E-02
-14.6087 3.249332E-02
-14.5887 3.230079E-02
-14.5687 3.211372E-02
-14.5487 3.193195E-02
-14.5287 3.175551E-02
-14.5087 3.158428E-02
-14.4886 3.141792E-02
-14.4686 3.125653E-02
-14.4486 3.109972E-02
-14.4286 3.094766E-02
-14.4086 3.079999E-02
-14.3886 3.065701E-02
-14.3686 3.051797E-02
-14.3486 3.038339E-02
-14.3286 3.025307E-02
-14.3086 3.012692E-02
-14.2885 3.000461E-02
-14.2685 2.988632E-02
-14.2485 2.977202E-02
-14.2285 2.966154E-02
-14.2085 2.955492E-02
-14.1885 2.945200E-02
-14.1685 2.935285E-02
-14.1485 2.925727E-02
-14.1285 2.916537E-02
-14.1085 2.907692E-02
-14.0884 2.899206E-02
-14.0684 2.891070E-02
-14.0484 2.883262E-02
-14.0284 2.875783E-02
-14.0084 2.868633E-02
-13.9884 2.861800E-02
-13.9684 2.855283E-02
-13.9484 2.849072E-02
-13.9284 2.843160E-02
-13.9084 2.837549E-02
-13.8883 2.832211E-02
-13.8683 2.827162E-02
-13.8483 2.822375E-02
-13.8283 2.817864E-02
-13.8083 2.813604E-02
-13.7883 2.809587E-02
-13.7683 2.805827E-02
-13.7483 2.802283E-02
-13.7283 2.798971E-02
-13.7083 2.795878E-02
-13.6882 2.792992E-02
-13.6682 2.790300E-02
-13.6482 2.787814E-02
-13.6282 2.785498E-02
-13.6082 2.783360E-02
-13.5882 2.781399E-02
-13.5682 2.779588E-02
-13.5482 2.777929E-02
-13.5282 2.776417E-02
-13.5082 2.775032E-02
-13.4881 2.773778E-02
-13.4681 2.772648E-02
-13.4481 2.771631E-02
-13.4281 2.770712E-02
-13.4081 2.769887E-02
-13.3881 2.769159E-02
-13.3681 2.768510E-02
-13.3481 2.767935E-02
-13.3281 2.767428E-02
-13.3081 2.766977E-02
-13.2880 2.766587E-02
-13.2680 2.766239E-02
-13.2480 2.765934E-02
-13.2280 2.765666E-02
-13.2080 2.765426E-02
-13.1880 2.765216E-02
-13.1680 2.765022E-02
-13.1480 2.764841E-02
-13.1280 2.764674E-02
-13.1080 2.764500E-02
-13.0879 2.764341E-02
-13.0679 2.764167E-02
-13.0479 2.764000E-02
-13.0279 2.763812E-02
-13.0079 2.763610E-02
-12.9879 2.763400E-02
-12.9679 2.763169E-02
-12.9479 2.762918E-02
-12.9279 2.762640E-02
-12.9079 2.762344E-02
-12.8878 2.762027E-02
-12.8678 2.761679E-02
-12.8478 2.761308E-02
-12.8278 2.760908E-02
-12.8078 2.760485E-02
-12.7878 2.760029E-02
-12.7678 2.759551E-02
-12.7478 2.759049E-02
-12.7278 2.758527E-02
-12.7078 2.757975E-02
-12.6877 2.757404E-02
-12.6677 2.756813E-02
-12.6477 2.756201E-02
-12.6277 2.755578E-02
-12.6077 2.754938E-02
-12.5877 2.754289E-02
-12.5677 2.753633E-02
-12.5477 2.752968E-02
-12.5277 2.752299E-02
-12.5077 2.751632E-02
-12.4876 2.750968E-02
-12.4676 2.750305E-02
-12.4476 2.749658E-02
-12.4276 2.749020E-02
-12.4076 2.748397E-02
-12.3876 2.747794E-02
-12.3676 2.747212E-02
-12.3476 2.746657E-02
-12.3276 2.746135E-02
-12.3076 2.745643E-02
-12.2875 2.745183E-02
-12.2675 2.744769E-02
-12.2475 2.744400E-02
-12.2275 2.744076E-02
-12.2075 2.743804E-02
-12.1875 2.743580E-02
-12.1675 2.743417E-02
-12.1475 2.743320E-02
-12.1275 2.743281E-02
-12.1075 2.743313E-02
-12.0874 2.743414E-02
-12.0674 2.743589E-02
-12.0474 2.743841E-02
-12.0274 2.744173E-02
-12.0074 2.744590E-02
-11.9874 2.745093E-02
-11.9674 2.745684E-02
-11.9474 2.746372E-02
-11.9274 2.747148E-02
-11.9074 2.748024E-02
-11.8873 2.748999E-02
-11.8673 2.750076E-02
-11.8473 2.751260E-02
-11.8273 2.752547E-02
-11.8073 2.753947E-02
-11.7873 2.755458E-02
-11.7673 2.757079E-02
-11.7473 2.758818E-02
-11.7273 2.760671E-02
-11.7073 2.762647E-02
-11.6872 2.764741E-02
-11.6672 2.766955E-02
-11.6472 2.769295E-02
-11.6272 2.771757E-02
-11.6072 2.774346E-02
-11.5872 2.777060E-02
-11.5672 2.779901E-02
-11.5472 2.782871E-02
-11.5272 2.785969E-02
-11.5072 2.789196E-02
-11.4871 2.792551E-02
-11.4671 2.796039E-02
-11.4471 2.799651E-02
-11.4271 2.803395E-02
-11.4071 2.807269E-02
-11.3871 2.811271E-02
-11.3671 2.815398E-02
-11.3471 2.819654E-02
-11.3271 2.824040E-02
-11.3071 2.828546E-02
-11.2870 2.833175E-02
-11.2670 2.837928E-02
-11.2470 2.842805E-02
-11.2270 2.847793E-02
-11.2070 2.852905E-02
-11.1870 2.858127E-02
-11.1670 2.863463E-02
-11.1470 2.868911E-02
-11.1270 2.874463E-02
-11.1070 2.880123E-02
-11.0869 2.885884E-02
-11.0669 2.891741E-02
-11.0469 2.897696E-02
-11.0269 2.903744E-02
-11.0069 2.909879E-02
-10.9869 2.916101E-02
-10.9669 2.922402E-02
-10.9469 2.928778E-02
-10.9269 2.935228E-02
-10.9069 2.941750E-02
-10.8868 2.948335E-02
-10.8668 2.954981E-02
-10.8468 2.961681E-02
-10.8268 2.968435E-02
-10.8068 2.975234E-02
-10.7868 2.982077E-02
-10.7668 2.988954E-02
-10.7468 2.995868E-02
-10.7268 3.002810E-02
-10.7068 3.009773E-02
-10.6867 3.016756E-02
-10.6667 3.023752E-02
-10.6467 3.030754E-02
-10.6267 3.037764E-02
-10.6067 3.044772E-02
-10.5867 3.051774E-02
-10.5667 3.058767E-02
-10.5467 3.065746E-02
-10.5267 3.072709E-02
-10.5067 3.079645E-02
-10.4866 3.086558E-02
-10.4666 3.093435E-02
-10.4466 3.100277E-02
-10.4266 3.107084E-02
-10.4066 3.113846E-02
-10.3866 3.120561E-02
-10.3666 3.127228E-02
-10.3466 3.133841E-02
-10.3266 3.140398E-02
-10.3066 3.146897E-02
-10.2865 3.153335E-02
-10.2665 3.159707E-02
-10.2465 3.166016E-02
-10.2265 3.172254E-02
-10.2065 3.178422E-02
-10.1865 3.184519E-02
-10.1665 3.190541E-02
-10.1465 3.196486E-02
-10.1265 3.202358E-02
-10.1065 3.208152E-02
-10.0864 3.213868E-02
-10.0664 3.219506E-02
-10.0464 3.225063E-02
-10.0264 3.230543E-02
-10.0064 3.235941E-02
-9.9864 3.241262E-02
-9.9664 3.246502E-02
-9.9464 3.251666E-02
-9.9264 3.256749E-02
-9.9064 3.261754E-02
-9.8863 3.266685E-02
-9.8663 3.271538E-02
-9.8463 3.276318E-02
-9.8263 3.281024E-02
-9.8063 3.285657E-02
-9.7863 3.290222E-02
-9.7663 3.294714E-02
-9.7463 3.299141E-02
-9.7263 3.303501E-02
-9.7063 3.307800E-02
-9.6862 3.312035E-02
-9.6662 3.316209E-02
-9.6462 3.320326E-02
-9.6262 3.324387E-02
-9.6062 3.328395E-02
-9.5862 3.332347E-02
-9.5662 3.336252E-02
-9.5462 3.340111E-02
-9.5262 3.343926E-02
-9.5062 3.347697E-02
-9.4861 3.351427E-02
-9.4661 3.355119E-02
-9.4461 3.358778E-02
-9.4261 3.362402E-02
-9.4061 3.365996E-02
-9.3861 3.369561E-02
-9.3661 3.373101E-02
-9.3461 3.376619E-02
-9.3261 3.380114E-02
-9.3061 3.383592E-02
-9.2860 3.387051E-02
-9.2660 3.390502E-02
-9.2460 3.393938E-02
-9.2260 3.397368E-02
-9.2060 3.400792E-02
-9.1860 3.404213E-02
-9.1660 3.407631E-02
-9.1460 3.411053E-02
-9.1260 3.414476E-02
-9.1060 3.417910E-02
-9.0859 3.421350E-02
-9.0659 3.424803E-02
-9.0459 3.428271E-02
-9.0259 3.431754E-02
-9.0059 3.435257E-02
-8.9859 3.438783E-02
-8.9659 3.442332E-02
-8.9459 3.445909E-02
-8.9259 3.449516E-02
-8.9059 3.453155E-02
-8.8858 3.456829E-02
-8.8658 3.460542E-02
-8.8458 3.464297E-02
-8.8258 3.468093E-02
-8.8058 3.471936E-02
-8.7858 3.475830E-02
-8.7658 3.479776E-02
-8.7458 3.483777E-02
-8.7258 3.487836E-02
-8.7058 3.491957E-02
-8.6857 3.496145E-02
-8.6657 3.500400E-02
-8.6457 3.504727E-02
-8.6257 3.509131E-02
-8.6057 3.513612E-02
-8.5857 3.518177E-02
-8.5657 3.522828E-02
-8.5457 3.527568E-02
-8.5257 3.532407E-02
-8.5057 3.537339E-02
-8.4856 3.542378E-02
-8.4656 3.547523E-02
-8.4456 3.552776E-02
-8.4256 3.558151E-02
-8.4056 3.563643E-02
-8.3856 3.569261E-02
-8.3656 3.575009E-02
-8.3456 3.580893E-02
-8.3256 3.586917E-02
-8.3056 3.593091E-02
-8.2855 3.599414E-02
-8.2655 3.605895E-02
-8.2455 3.612539E-02
-8.2255 3.619356E-02
-8.2055 3.626343E-02
-8.1855 3.633516E-02
-8.1655 3.640873E-02
-8.1455 3.648426E-02
-8.1255 3.656180E-02
-8.1055 3.664142E-02
-8.0854 3.672319E-02
-8.0654 3.680714E-02
-8.0454 3.689343E-02
-8.0254 3.698203E-02
-8.0054 3.707307E-02
-7.9854 3.716662E-02
-7.9654 3.726276E-02
-7.9454 3.736155E-02
-7.9254 3.746310E-02
-7.9054 3.756741E-02
-7.8853 3.767466E-02
-7.8653 3.778485E-02
-7.8453 3.789808E-02
-7.8253 3.801447E-02
-7.8053 3.813406E-02
-7.7853 3.825695E-02
-7.7653 3.838317E-02
-7.7453 3.851288E-02
-7.7253 3.864610E-02
-7.7053 3.878300E-02
-7.6852 3.892351E-02
-7.6652 3.906782E-02
-7.6452 3.921598E-02
-7.6252 3.936807E-02
-7.6052 3.952412E-02
-7.5852 3.968431E-02
-7.5652 3.984859E-02
-7.5452 4.001714E-02
-7.5252 4.018995E-02
-7.5052 4.036711E-02
-7.4851 4.054868E-02
-7.4651 4.073473E-02
-7.4451 4.092535E-02
-7.4251 4.112052E-02
-7.4051 4.132033E-02
-7.3851 4.152478E-02
-7.3651 4.173404E-02
-7.3451 4.194795E-02
-7.3251 4.216666E-02
-7.3051 4.239021E-02
-7.2850 4.261857E-02
-7.2650 4.285174E-02
-7.2450 4.308965E-02
-7.2250 4.333246E-02
-7.2050 4.358010E-02
-7.1850 4.383244E-02
-7.1650 4.408961E-02
-7.1450 4.435141E-02
-7.1250 4.461793E-02
-7.1050 4.488897E-02
-7.0849 4.516451E-02
-7.0649 4.544446E-02
-7.0449 4.572877E-02
-7.0249 4.601723E-02
-7.0049 4.630979E-02
-6.9849 4.660623E-02
-6.9649 4.690654E-02
-6.9449 4.721039E-02
-6.9249 4.751773E-02
-6.9049 4.782826E-02
-6.8848 4.814183E-02
-6.8648 4.845831E-02
-6.8448 4.877728E-02
-6.8248 4.909856E-02
-6.8048 4.942194E-02
-6.7848 4.974709E-02
-6.7648 5.007368E-02
-6.7448 5.040158E-02
-6.7248 5.073038E-02
-6.7048 5.105971E-02
-6.6847 5.138935E-02
-6.6647 5.171885E-02
-6.6447 5.204805E-02
-6.6247 5.237644E-02
-6.6047 5.270370E-02
-6.5847 5.302961E-02
-6.5647 5.335367E-02
-6.5447 5.367565E-02
-6.5247 5.399513E-02
-6.5047 5.431184E-02
-6.4846 5.462537E-02
-6.4646 5.493552E-02
-6.4446 5.524186E-02
-6.4246 5.554416E-02
-6.4046 5.584216E-02
-6.3846 5.613555E-02
-6.3646 5.642403E-02
-6.3446 5.670742E-02
-6.3246 5.698552E-02
-6.3046 5.725810E-02
-6.2845 5.752498E-02
-6.2645 5.778604E-02
-6.2445 5.804105E-02
-6.2245 5.829002E-02
-6.2045 5.853277E-02
-6.1845 5.876923E-02
-6.1645 5.899942E-02
-6.1445 5.922326E-02
-6.1245 5.944069E-02
-6.1045 5.965180E-02
-6.0844 5.985659E-02
-6.0644 6.005508E-02
-6.0444 6.024737E-02
-6.0244 6.043352E-02
-6.0044 6.061362E-02
-5.9844 6.078776E-02
-5.9644 6.095610E-02
-5.9444 6.111871E-02
-5.9244 6.127578E-02
-5.9044 6.142738E-02
-5.8843 6.157373E-02
-5.8643 6.171493E-02
-5.8443 6.185114E-02
-5.8243 6.198256E-02
-5.8043 6.210931E-02
-5.7843 6.223158E-02
-5.7643 6.234946E-02
-5.7443 6.246317E-02
-5.7243 6.257282E-02
-5.7043 6.267858E-02
-5.6842 6.278067E-02
-5.6642 6.287907E-02
-5.6442 6.297400E-02
-5.6242 6.306558E-02
-5.6042 6.315395E-02
-5.5842 6.323916E-02
-5.5642 6.332138E-02
-5.5442 6.340065E-02
-5.5242 6.347712E-02
-5.5042 6.355089E-02
-5.4841 6.362199E-02
-5.4641 6.369049E-02
-5.4441 6.375649E-02
-5.4241 6.382001E-02
-5.4041 6.388117E-02
-5.3841 6.393995E-02
-5.3641 6.399643E-02
-5.3441 6.405069E-02
-5.3241 6.410263E-02
-5.3041 6.415249E-02
-5.2840 6.420013E-02
-5.2640 6.424563E-02
-5.2440 6.428911E-02
-5.2240 6.433046E-02
-5.2040 6.436973E-02
-5.1840 6.440698E-02
-5.1640 6.444228E-02
-5.1440 6.447554E-02
-5.1240 6.450691E-02
-5.1040 6.453633E-02
-5.0839 6.456388E-02
-5.0639 6.458953E-02
-5.0439 6.461344E-02
-5.0239 6.463556E-02
-5.0039 6.465594E-02
-4.9839 6.467463E-02
-4.9639 6.469173E-02
-4.9439 6.470724E-02
-4.9239 6.472129E-02
-4.9039 6.278246E-02
-4.8838 6.474519E-02
-4.8638 6.475519E-02
-4.8438 6.476400E-02
-4.8238 6.477178E-02
-4.8038 6.477859E-02
-4.7838 6.478454E-02
-4.7638 6.478975E-02
-4.7438 6.479429E-02
-4.7238 6.479836E-02
-4.7038 6.480209E-02
-4.6837 6.480562E-02
-4.6637 6.480906E-02
-4.6437 6.258554E-02
-4.6237 6.481639E-02
-4.6037 6.482057E-02
-4.5837 6.175565E-02
-4.5637 6.483100E-02
-4.5437 6.483749E-02
-4.5237 6.484518E-02
-4.5037 6.485416E-02
-4.4836 6.486471E-02
-4.4636 6.487697E-02
-4.4436 6.489119E-02
-4.4236 6.490748E-02
-4.4036 6.492617E-02
-4.3836 6.494748E-02
-4.3636 6.497148E-02
-4.3436 6.499853E-02
-4.3236 6.399370E-02
-4.3036 6.506250E-02
-4.2835 6.509988E-02
-4.2635 6.409215E-02
-4.2435 6.518645E-02
-4.2235 6.523608E-02
-4.2035 6.529030E-02
-4.1835 6.534917E-02
-4.1635 6.541308E-02
-4.1435 6.548212E-02
-4.1235 6.555654E-02
-4.1035 6.563655E-02
-4.0834 6.572236E-02
-4.0634 6.581409E-02
-4.0434 6.591204E-02
-4.0234 6.601635E-02
-4.0034 6.848111E-02
-3.9834 6.624475E-02
-3.9634 6.690835E-02
-3.9434 6.650057E-02
-3.9234 6.663917E-02
-3.9034 6.678511E-02
-3.8833 6.693843E-02
-3.8633 6.709934E-02
-3.8433 6.726790E-02
-3.8233 6.744419E-02
-3.8033 6.762838E-02
-3.7833 6.782046E-02
-3.7633 6.802046E-02
-3.7433 6.822852E-02
-3.7233 6.844454E-02
-3.7033 6.866857E-02
-3.6832 7.391298E-02
-3.6632 6.914065E-02
-3.6432 7.170667E-02
-3.6232 6.964436E-02
-3.6032 6.990797E-02
-3.5832 7.017916E-02
-3.5632 7.045783E-02
-3.5432 7.074390E-02
-3.5232 7.103707E-02
-3.5032 7.133717E-02
-3.4831 7.164402E-02
-3.4631 7.195729E-02
-3.4431 7.227676E-02
-3.4231 7.260196E-02
-3.4031 7.293275E-02
-3.3831 7.326877E-02
-3.3631 7.847433E-02
-3.3431 7.395456E-02
-3.3231 7.727199E-02
-3.3031 7.465611E-02
-3.2830 7.501157E-02
-3.2630 7.536955E-02
-3.2430 7.572962E-02
-3.2230 7.609113E-02
-3.2030 7.645347E-02
-3.1830 7.681628E-02
-3.1630 7.717891E-02
-3.1430 7.754068E-02
-3.1230 7.790133E-02
-3.1030 7.826001E-02
-3.0829 7.861622E-02
-3.0629 7.896949E-02
-3.0429 8.121274E-02
-3.0229 7.966486E-02
-3.0029 8.170734E-02
-2.9829 8.034189E-02
-2.9629 8.067240E-02
-2.9429 8.099679E-02
-2.9229 8.131482E-02
-2.9029 8.162606E-02
-2.8828 8.193016E-02
-2.8628 8.222675E-02
-2.8428 8.251566E-02
-2.8228 8.279664E-02
-2.8028 8.306945E-02
-2.7828 8.333393E-02
-2.7628 8.359007E-02
-2.7428 8.383764E-02
-2.7228 8.296084E-02
-2.7028 8.430744E-02
-2.6827 8.427140E-02
-2.6627 8.474351E-02
-2.6427 8.494919E-02
-2.6227 8.514686E-02
-2.6027 8.533669E-02
-2.5827 8.551890E-02
-2.5627 8.569379E-02
-2.5427 8.586162E-02
-2.5227 8.602271E-02
-2.5027 8.617743E-02
-2.4826 8.632601E-02
-2.4626 8.646893E-02
-2.4426 8.660648E-02
-2.4226 8.673905E-02
-2.4026 8.480750E-02
-2.3826 8.699093E-02
-2.3626 8.597461E-02
-2.3426 8.722753E-02
-2.3226 8.734106E-02
-2.3026 8.745194E-02
-2.2825 8.756048E-02
-2.2625 8.766714E-02
-2.2425 8.777215E-02
-2.2225 8.787591E-02
-2.2025 8.797871E-02
-2.1825 8.808085E-02
-2.1625 8.818264E-02
-2.1425 8.828434E-02
-2.1225 8.838615E-02
-2.1025 8.848835E-02
-2.0824 8.692525E-02
-2.0624 8.869479E-02
-2.0424 8.785887E-02
-2.0224 8.890503E-02
-2.0024 8.901201E-02
-1.9824 8.912029E-02
-1.9624 8.923014E-02
-1.9424 8.934141E-02
-1.9224 8.945437E-02
-1.9024 8.956898E-02
-1.8823 8.968528E-02
-1.8623 8.980321E-02
-1.8423 8.992287E-02
-1.8223 9.004416E-02
-1.8023 9.016703E-02
-1.7823 9.029150E-02
-1.7623 8.873425E-02
-1.7423 9.054479E-02
-1.7223 8.997669E-02
-1.7023 9.080320E-02
-1.6822 9.093404E-02
-1.6622 9.106586E-02
-1.6422 9.119847E-02
-1.6222 9.133165E-02
-1.6022 9.146535E-02
-1.5822 9.159929E-02
-1.5622 9.173342E-02
-1.5422 9.186742E-02
-1.5222 9.200119E-02
-1.5022 9.213447E-02
-1.4821 9.226713E-02
-1.4621 9.239888E-02
-1.4421 8.958694E-02
-1.4221 9.265902E-02
-1.4021 9.167856E-02
-1.3821 9.291318E-02
-1.3621 9.303754E-02
-1.3421 9.315976E-02
-1.3221 9.327966E-02
-1.3021 9.339705E-02
-1.2820 9.351168E-02
-1.2620 9.362345E-02
-1.2420 9.373211E-02
-1.2220 9.383746E-02
-1.2020 9.393938E-02
-1.1820 9.403776E-02
-1.1620 9.413227E-02
-1.1420 9.422292E-02
-1.1220 8.936198E-02
-1.1020 9.439180E-02
-1.0819 9.234045E-02
-1.0619 9.454348E-02
-1.0419 9.461257E-02
-1.0219 9.467708E-02
-1.0019 9.473690E-02
-0.9819 9.479198E-02
-0.9619 9.484229E-02
-0.9419 9.488779E-02
-0.9219 9.492847E-02
-0.9019 9.496425E-02
-0.8818 9.499516E-02
-0.8618 9.502124E-02
-0.8418 9.504256E-02
-0.8218 9.505900E-02
-0.8018 8.848892E-02
-0.7818 9.507784E-02
-0.7618 9.192377E-02
-0.7418 9.507818E-02
-0.7218 9.507168E-02
-0.7018 9.506080E-02
-0.6817 9.504569E-02
-0.6617 9.502643E-02
-0.6417 9.500322E-02
-0.6217 9.497611E-02
-0.6017 9.494519E-02
-0.5817 9.491076E-02
-0.5617 9.487278E-02
-0.5417 9.483149E-02
-0.5217 9.478709E-02
-0.5017 9.473966E-02
-0.4816 8.751512E-02
-0.4616 9.463637E-02
-0.4416 9.091564E-02
-0.4216 9.452300E-02
-0.4016 9.446291E-02
-0.3816 9.440076E-02
-0.3616 9.433668E-02
-0.3416 9.427087E-02
-0.3216 9.420351E-02
-0.3016 9.413473E-02
-0.2815 9.406470E-02
-0.2615 9.399345E-02
-0.2415 9.392124E-02
-0.2215 9.384824E-02
-0.2015 9.377448E-02
-0.1815 9.370025E-02
-0.1615 8.679556E-02
-0.1415 9.355047E-02
-0.1215 8.986557E-02
-0.1015 9.339990E-02
-0.0814 9.332472E-02
-0.0614 9.324961E-02
-0.0414 9.317473E-02
-0.0214 9.310022E-02
-0.0014 9.302624E-02
0.0186 9.295274E-02
0.0386 9.287990E-02
0.0586 9.280779E-02
0.0786 9.273649E-02
0.0986 9.266607E-02
0.1187 9.259660E-02
0.1387 9.252805E-02
0.1587 8.649423E-02
0.1787 9.239438E-02
0.1987 8.910933E-02
0.2187 9.226558E-02
0.2387 9.220307E-02
0.2587 9.214192E-02
0.2787 9.208217E-02
0.2987 9.202383E-02
0.3188 9.196703E-02
0.3388 9.191172E-02
0.3588 9.185801E-02
0.3788 9.180589E-02
0.3988 9.175537E-02
0.4188 9.170653E-02
0.4388 9.165944E-02
0.4588 9.161394E-02
0.4788 8.668669E-02
0.4988 9.152829E-02
0.5189 8.879779E-02
0.5389 9.144987E-02
0.5589 9.141340E-02
0.5789 9.137878E-02
0.5989 9.134603E-02
0.6189 9.131517E-02
0.6389 9.128621E-02
0.6589 9.125927E-02
0.6789 9.123416E-02
0.6989 9.121108E-02
0.7190 9.119001E-02
0.7390 9.117089E-02
0.7590 9.115382E-02
0.7790 9.113873E-02
0.7990 8.740501E-02
0.8190 9.111478E-02
0.8390 8.900132E-02
0.8590 9.109908E-02
0.8790 9.109436E-02
0.8990 9.109174E-02
0.9191 9.109125E-02
0.9391 9.109288E-02
0.9591 9.109663E-02
0.9791 9.110258E-02
0.9991 9.111073E-02
1.0191 9.112091E-02
1.0391 9.113330E-02
1.0591 9.114791E-02
1.0791 9.116470E-02
1.0991 9.118359E-02
1.1192 8.860189E-02
1.1392 9.122816E-02
1.1592 8.974515E-02
1.1792 9.128140E-02
1.1992 9.131130E-02
1.2192 9.134342E-02
1.2392 9.137773E-02
1.2592 9.141420E-02
1.2792 9.145290E-02
1.2992 9.149371E-02
1.3193 9.153671E-02
1.3393 9.158185E-02
1.3593 9.162907E-02
1.3793 9.167842E-02
1.3993 9.172992E-02
1.4193 9.178340E-02
1.4393 1.023299E-01
1.4593 9.189659E-02
1.4793 9.096362E-02
1.4993 9.201774E-02
1.5194 9.208116E-02
1.5394 9.214657E-02
1.5594 9.221379E-02
1.5794 9.228278E-02
1.5994 9.235355E-02
1.6194 9.242607E-02
1.6394 9.250021E-02
1.6594 9.257592E-02
1.6794 9.265319E-02
1.6994 9.273187E-02
1.7195 9.281208E-02
1.7395 9.289354E-02
1.7595 1.047934E-01
1.7795 9.306024E-02
1.7995 1.051008E-01
