-37.2556 5.501939E-04
-37.2356 5.512112E-04
-37.2156 5.522313E-04
-37.1956 5.532544E-04
-37.1756 5.542802E-04
-37.1555 5.553095E-04
-37.1355 5.563418E-04
-37.1155 5.573766E-04
-37.0955 5.584152E-04
-37.0755 5.594568E-04
-37.0555 5.605009E-04
-37.0355 5.615483E-04
-37.0155 5.625991E-04
-36.9955 5.636531E-04
-36.9755 5.647100E-04
-36.9554 5.657701E-04
-36.9354 5.668337E-04
-36.9154 5.679001E-04
-36.8954 5.689701E-04
-36.8754 5.700427E-04
-36.8554 5.711194E-04
-36.8354 5.721985E-04
-36.8154 5.732815E-04
-36.7954 5.743675E-04
-36.7754 5.754564E-04
-36.7553 5.765487E-04
-36.7353 5.776448E-04
-36.7153 5.787443E-04
-36.6953 5.798468E-04
-36.6753 5.809524E-04
-36.6553 5.820614E-04
-36.6353 5.831743E-04
-36.6153 5.842900E-04
-36.5953 5.854096E-04
-36.5753 5.865327E-04
-36.5552 5.876590E-04
-36.5352 5.887884E-04
-36.5152 5.899214E-04
-36.4952 5.910584E-04
-36.4752 5.921983E-04
-36.4552 5.933422E-04
-36.4352 5.944893E-04
-36.4152 5.956400E-04
-36.3952 5.967942E-04
-36.3752 5.979522E-04
-36.3551 5.991135E-04
-36.3351 6.002786E-04
-36.3151 6.014472E-04
-36.2951 6.026190E-04
-36.2751 6.037955E-04
-36.2551 6.049746E-04
-36.2351 6.061579E-04
-36.2151 6.073450E-04
-36.1951 6.085356E-04
-36.1751 6.097297E-04
-36.1550 6.109278E-04
-36.1350 6.121297E-04
-36.1150 6.133354E-04
-36.0950 6.145448E-04
-36.0750 6.157577E-04
-36.0550 6.169747E-04
-36.0350 6.181955E-04
-36.0150 6.194198E-04
-35.9950 6.206485E-04
-35.9750 6.218808E-04
-35.9549 6.231173E-04
-35.9349 6.243576E-04
-35.9149 6.256016E-04
-35.8949 6.268499E-04
-35.8749 6.281016E-04
-35.8549 6.293576E-04
-35.8349 6.306180E-04
-35.8149 6.318816E-04
-35.7949 6.331497E-04
-35.7749 6.344219E-04
-35.7548 6.356984E-04
-35.7348 6.369784E-04
-35.7148 6.382628E-04
-35.6948 6.395513E-04
-35.6748 6.408440E-04
-35.6548 6.421411E-04
-35.6348 6.434418E-04
-35.6148 6.447471E-04
-35.5948 6.460567E-04
-35.5748 6.473703E-04
-35.5547 6.486882E-04
-35.5347 6.500104E-04
-35.5147 6.513366E-04
-35.4947 6.526672E-04
-35.4747 6.540027E-04
-35.4547 6.553418E-04
-35.4347 6.566854E-04
-35.4147 6.580339E-04
-35.3947 6.593863E-04
-35.3747 6.607431E-04
-35.3546 6.621050E-04
-35.3346 6.634708E-04
-35.3146 6.648410E-04
-35.2946 6.662159E-04
-35.2746 6.675954E-04
-35.2546 6.689789E-04
-35.2346 6.703676E-04
-35.2146 6.717605E-04
-35.1946 6.731586E-04
-35.1746 6.745610E-04
-35.1545 6.759674E-04
-35.1345 6.773794E-04
-35.1145 6.787956E-04
-35.0945 6.802167E-04
-35.0745 6.816421E-04
-35.0545 6.830733E-04
-35.0345 6.845078E-04
-35.0145 6.859483E-04
-34.9945 6.873933E-04
-34.9745 6.888427E-04
-34.9544 6.902972E-04
-34.9344 6.917570E-04
-34.9144 6.932214E-04
-34.8944 6.946905E-04
-34.8744 6.961649E-04
-34.8544 6.976438E-04
-34.8344 6.991279E-04
-34.8144 7.006173E-04
-34.7944 7.021115E-04
-34.7744 7.036107E-04
-34.7543 7.051149E-04
-34.7343 7.066245E-04
-34.7143 7.081393E-04
-34.6943 7.096586E-04
-34.6743 7.111838E-04
-34.6543 7.127142E-04
-34.6343 7.142496E-04
-34.6143 7.157897E-04
-34.5943 7.173361E-04
-34.5743 7.188871E-04
-34.5542 7.204440E-04
-34.5342 7.220053E-04
-34.5142 7.235729E-04
-34.4942 7.251454E-04
-34.4742 7.267237E-04
-34.4542 7.283070E-04
-34.4342 7.298962E-04
-34.4142 7.314906E-04
-34.3942 7.330909E-04
-34.3742 7.346965E-04
-34.3541 7.363076E-04
-34.3341 7.379242E-04
-34.3141 7.395470E-04
-34.2941 7.411748E-04
-34.2741 7.428090E-04
-34.2541 7.444482E-04
-34.2341 7.460935E-04
-34.2141 7.477446E-04
-34.1941 7.494010E-04
-34.1741 7.510636E-04
-34.1540 7.527323E-04
-34.1340 7.544065E-04
-34.1140 7.560866E-04
-34.0940 7.577730E-04
-34.0740 7.594648E-04
-34.0540 7.611632E-04
-34.0340 7.628677E-04
-34.0140 7.645776E-04
-33.9940 7.662939E-04
-33.9740 7.680163E-04
-33.9539 7.697448E-04
-33.9339 7.714799E-04
-33.9139 7.732203E-04
-33.8939 7.749677E-04
-33.8739 7.767212E-04
-33.8539 7.784806E-04
-33.8339 7.802465E-04
-33.8139 7.820190E-04
-33.7939 7.837978E-04
-33.7739 7.855830E-04
-33.7538 7.873746E-04
-33.7338 7.891726E-04
-33.7138 7.909768E-04
-33.6938 7.927881E-04
-33.6738 7.946056E-04
-33.6538 7.964299E-04
-33.6338 7.982608E-04
-33.6138 8.000982E-04
-33.5938 8.019426E-04
-33.5738 8.037938E-04
-33.5537 8.056512E-04
-33.5337 8.075159E-04
-33.5137 8.093872E-04
-33.4937 8.112652E-04
-33.4737 8.131508E-04
-33.4537 8.150427E-04
-33.4337 8.169418E-04
-33.4137 8.188474E-04
-33.3937 8.207607E-04
-33.3737 8.226808E-04
-33.3536 8.246082E-04
-33.3336 8.265430E-04
-33.3136 8.284845E-04
-33.2936 8.304333E-04
-33.2736 8.323892E-04
-33.2536 8.343529E-04
-33.2336 8.363229E-04
-33.2136 8.383016E-04
-33.1936 8.402873E-04
-33.1736 8.422802E-04
-33.1535 8.442801E-04
-33.1335 8.462883E-04
-33.1135 8.483037E-04
-33.0935 8.503266E-04
-33.0735 8.523574E-04
-33.0535 8.543958E-04
-33.0335 8.564418E-04
-33.0135 8.584963E-04
-32.9935 8.605574E-04
-32.9735 8.626270E-04
-32.9534 8.647047E-04
-32.9334 8.667898E-04
-32.9134 8.688830E-04
-32.8934 8.709839E-04
-32.8734 8.730928E-04
-32.8534 8.752107E-04
-32.8334 8.773358E-04
-32.8134 8.794693E-04
-32.7934 8.816112E-04
-32.7734 8.837611E-04
-32.7533 8.859196E-04
-32.7333 8.880864E-04
-32.7133 8.902609E-04
-32.6933 8.924441E-04
-32.6733 8.946360E-04
-32.6533 8.968362E-04
-32.6333 8.990453E-04
-32.6133 9.012627E-04
-32.5933 9.034896E-04
-32.5733 9.057239E-04
-32.5532 9.079674E-04
-32.5332 9.102199E-04
-32.5132 9.124812E-04
-32.4932 9.147513E-04
-32.4732 9.170303E-04
-32.4532 9.193186E-04
-32.4332 9.216155E-04
-32.4132 9.239217E-04
-32.3932 9.262366E-04
-32.3732 9.285611E-04
-32.3531 9.308945E-04
-32.3331 9.332372E-04
-32.3131 9.355890E-04
-32.2931 9.379505E-04
-32.2731 9.403218E-04
-32.2531 9.427013E-04
-32.2331 9.450917E-04
-32.2131 9.474912E-04
-32.1931 9.498999E-04
-32.1731 9.523186E-04
-32.1530 9.547473E-04
-32.1330 9.571847E-04
-32.1130 9.596328E-04
-32.0930 9.620909E-04
-32.0730 9.645584E-04
-32.0530 9.670361E-04
-32.0330 9.695242E-04
-32.0130 9.720224E-04
-31.9930 9.745298E-04
-31.9730 9.770480E-04
-31.9529 9.795768E-04
-31.9329 9.821160E-04
-31.9129 9.846651E-04
-31.8929 9.872247E-04
-31.8729 9.897945E-04
-31.8529 9.923758E-04
-31.8329 9.949674E-04
-31.8129 9.975686E-04
-31.7929 1.000182E-03
-31.7729 1.002805E-03
-31.7528 1.005440E-03
-31.7328 1.008084E-03
-31.7128 1.010741E-03
-31.6928 1.013408E-03
-31.6728 1.016087E-03
-31.6528 1.018776E-03
-31.6328 1.021477E-03
-31.6128 1.024189E-03
-31.5928 1.026912E-03
-31.5728 1.029647E-03
-31.5527 1.032393E-03
-31.5327 1.035151E-03
-31.5127 1.037920E-03
-31.4927 1.040702E-03
-31.4727 1.043494E-03
-31.4527 1.046299E-03
-31.4327 1.049116E-03
-31.4127 1.051944E-03
-31.3927 1.054784E-03
-31.3727 1.057637E-03
-31.3526 1.060502E-03
-31.3326 1.063378E-03
-31.3126 1.066268E-03
-31.2926 1.069169E-03
-31.2726 1.072083E-03
-31.2526 1.075010E-03
-31.2326 1.077948E-03
-31.2126 1.080901E-03
-31.1926 1.083865E-03
-31.1726 1.086842E-03
-31.1525 1.089832E-03
-31.1325 1.092835E-03
-31.1125 1.095851E-03
-31.0925 1.098880E-03
-31.0725 1.101923E-03
-31.0525 1.104978E-03
-31.0325 1.108047E-03
-31.0125 1.111130E-03
-30.9925 1.114225E-03
-30.9725 1.117335E-03
-30.9524 1.120458E-03
-30.9324 1.123595E-03
-30.9124 1.126745E-03
-30.8924 1.129910E-03
-30.8724 1.133088E-03
-30.8524 1.136280E-03
-30.8324 1.139487E-03
-30.8124 1.142708E-03
-30.7924 1.145943E-03
-30.7724 1.149193E-03
-30.7523 1.152457E-03
-30.7323 1.155736E-03
-30.7123 1.159029E-03
-30.6923 1.162337E-03
-30.6723 1.165660E-03
-30.6523 1.168998E-03
-30.6323 1.172351E-03
-30.6123 1.175719E-03
-30.5923 1.179102E-03
-30.5723 1.182500E-03
-30.5522 1.185915E-03
-30.5322 1.189344E-03
-30.5122 1.192789E-03
-30.4922 1.196249E-03
-30.4722 1.199726E-03
-30.4522 1.203218E-03
-30.4322 1.206726E-03
-30.4122 1.210251E-03
-30.3922 1.213791E-03
-30.3722 1.217348E-03
-30.3521 1.220921E-03
-30.3321 1.224510E-03
-30.3121 1.228116E-03
-30.2921 1.231740E-03
-30.2721 1.235379E-03
-30.2521 1.239036E-03
-30.2321 1.242709E-03
-30.2121 1.246400E-03
-30.1921 1.250107E-03
-30.1721 1.253833E-03
-30.1520 1.257575E-03
-30.1320 1.261335E-03
-30.1120 1.265113E-03
-30.0920 1.268908E-03
-30.0720 1.272722E-03
-30.0520 1.276553E-03
-30.0320 1.280403E-03
-30.0120 1.284270E-03
-29.9920 1.288156E-03
-29.9720 1.292061E-03
-29.9519 1.295984E-03
-29.9319 1.299925E-03
-29.9119 1.303886E-03
-29.8919 1.307865E-03
-29.8719 1.311864E-03
-29.8519 1.315881E-03
-29.8319 1.319918E-03
-29.8119 1.323974E-03
-29.7919 1.328050E-03
-29.7719 1.332146E-03
-29.7518 1.336261E-03
-29.7318 1.340397E-03
-29.7118 1.344552E-03
-29.6918 1.348727E-03
-29.6718 1.352924E-03
-29.6518 1.357140E-03
-29.6318 1.361377E-03
-29.6118 1.365634E-03
-29.5918 1.369913E-03
-29.5718 1.374212E-03
-29.5517 1.378533E-03
-29.5317 1.382875E-03
-29.5117 1.387238E-03
-29.4917 1.391624E-03
-29.4717 1.396031E-03
-29.4517 1.400459E-03
-29.4317 1.404909E-03
-29.4117 1.409382E-03
-29.3917 1.413877E-03
-29.3717 1.418395E-03
-29.3516 1.422935E-03
-29.3316 1.427498E-03
-29.3116 1.432083E-03
-29.2916 1.436692E-03
-29.2716 1.441324E-03
-29.2516 1.445980E-03
-29.2316 1.450658E-03
-29.2116 1.455361E-03
-29.1916 1.460088E-03
-29.1716 1.464839E-03
-29.1515 1.469614E-03
-29.1315 1.474413E-03
-29.1115 1.479236E-03
-29.0915 1.484084E-03
-29.0715 1.488958E-03
-29.0515 1.493856E-03
-29.0315 1.498780E-03
-29.0115 1.503728E-03
-28.9915 1.508703E-03
-28.9715 1.513703E-03
-28.9514 1.518730E-03
-28.9314 1.523782E-03
-28.9114 1.528860E-03
-28.8914 1.533965E-03
-28.8714 1.539097E-03
-28.8514 1.544255E-03
-28.8314 1.549441E-03
-28.8114 1.554653E-03
-28.7914 1.559894E-03
-28.7714 1.565161E-03
-28.7513 1.570457E-03
-28.7313 1.575781E-03
-28.7113 1.581133E-03
-28.6913 1.586513E-03
-28.6713 1.591922E-03
-28.6513 1.597360E-03
-28.6313 1.602827E-03
-28.6113 1.608322E-03
-28.5913 1.613848E-03
-28.5713 1.619404E-03
-28.5512 1.624988E-03
-28.5312 1.630604E-03
-28.5112 1.636249E-03
-28.4912 1.641925E-03
-28.4712 1.647632E-03
-28.4512 1.653370E-03
-28.4312 1.659138E-03
-28.4112 1.664939E-03
-28.3912 1.670771E-03
-28.3712 1.676635E-03
-28.3511 1.682531E-03
-28.3311 1.688460E-03
-28.3111 1.694421E-03
-28.2911 1.700415E-03
-28.2711 1.706442E-03
-28.2511 1.712502E-03
-28.2311 1.718596E-03
-28.2111 1.724724E-03
-28.1911 1.730887E-03
-28.1711 1.737083E-03
-28.1510 1.743314E-03
-28.1310 1.749580E-03
-28.1110 1.755881E-03
-28.0910 1.762217E-03
-28.0710 1.768589E-03
-28.0510 1.774997E-03
-28.0310 1.781441E-03
-28.0110 1.787923E-03
-27.9910 1.794441E-03
-27.9710 1.800995E-03
-27.9509 1.807587E-03
-27.9309 1.814217E-03
-27.9109 1.820884E-03
-27.8909 1.827590E-03
-27.8709 1.834335E-03
-27.8509 1.841118E-03
-27.8309 1.847940E-03
-27.8109 1.854802E-03
-27.7909 1.861704E-03
-27.7709 1.868645E-03
-27.7508 1.875627E-03
-27.7308 1.882649E-03
-27.7108 1.889713E-03
-27.6908 1.896818E-03
-27.6708 1.903964E-03
-27.6508 1.911154E-03
-27.6308 1.918383E-03
-27.6108 1.925658E-03
-27.5908 1.932973E-03
-27.5708 1.940333E-03
-27.5507 1.947737E-03
-27.5307 1.955184E-03
-27.5107 1.962676E-03
-27.4907 1.970212E-03
-27.4707 1.977794E-03
-27.4507 1.985421E-03
-27.4307 1.993094E-03
-27.4107 2.000814E-03
-27.3907 2.008579E-03
-27.3707 2.016392E-03
-27.3506 2.024252E-03
-27.3306 2.032159E-03
-27.3106 2.040116E-03
-27.2906 2.048119E-03
-27.2706 2.056172E-03
-27.2506 2.064275E-03
-27.2306 2.072427E-03
-27.2106 2.080630E-03
-27.1906 2.088883E-03
-27.1706 2.097186E-03
-27.1505 2.105541E-03
-27.1305 2.113949E-03
-27.1105 2.122408E-03
-27.0905 2.130920E-03
-27.0705 2.139484E-03
-27.0505 2.148104E-03
-27.0305 2.156777E-03
-27.0105 2.165503E-03
-26.9905 2.174285E-03
-26.9705 2.183123E-03
-26.9504 2.192017E-03
-26.9304 2.200967E-03
-26.9104 2.209974E-03
-26.8904 2.219037E-03
-26.8704 2.228159E-03
-26.8504 2.237339E-03
-26.8304 2.246579E-03
-26.8104 2.255876E-03
-26.7904 2.265235E-03
-26.7704 2.274654E-03
-26.7503 2.284134E-03
-26.7303 2.293674E-03
-26.7103 2.303277E-03
-26.6903 2.312942E-03
-26.6703 2.322671E-03
-26.6503 2.332463E-03
-26.6303 2.342319E-03
-26.6103 2.352240E-03
-26.5903 2.362227E-03
-26.5703 2.372279E-03
-26.5502 2.382397E-03
-26.5302 2.392583E-03
-26.5102 2.402837E-03
-26.4902 2.413159E-03
-26.4702 2.423549E-03
-26.4502 2.434009E-03
-26.4302 2.444540E-03
-26.4102 2.455140E-03
-26.3902 2.465813E-03
-26.3702 2.476557E-03
-26.3501 2.487374E-03
-26.3301 2.498266E-03
-26.3101 2.509230E-03
-26.2901 2.520270E-03
-26.2701 2.531384E-03
-26.2501 2.542576E-03
-26.2301 2.553844E-03
-26.2101 2.565189E-03
-26.1901 2.576614E-03
-26.1701 2.588116E-03
-26.1500 2.599699E-03
-26.1300 2.611361E-03
-26.1100 2.623106E-03
-26.0900 2.634931E-03
-26.0700 2.646841E-03
-26.0500 2.658834E-03
-26.0300 2.670910E-03
-26.0100 2.683071E-03
-25.9900 2.695319E-03
-25.9700 2.707655E-03
-25.9499 2.720077E-03
-25.9299 2.732587E-03
-25.9099 2.745187E-03
-25.8899 2.757878E-03
-25.8699 2.770658E-03
-25.8499 2.783531E-03
-25.8299 2.796497E-03
-25.8099 2.809556E-03
-25.7899 2.822712E-03
-25.7699 2.835961E-03
-25.7498 2.849307E-03
-25.7298 2.862750E-03
-25.7098 2.876293E-03
-25.6898 2.889934E-03
-25.6698 2.903676E-03
-25.6498 2.917518E-03
-25.6298 2.931463E-03
-25.6098 2.945513E-03
-25.5898 2.959664E-03
-25.5698 2.973924E-03
-25.5497 2.988288E-03
-25.5297 3.002762E-03
-25.5097 3.017342E-03
-25.4897 3.032035E-03
-25.4697 3.046835E-03
-25.4497 3.061751E-03
-25.4297 3.076776E-03
-25.4097 3.091918E-03
-25.3897 3.107175E-03
-25.3697 3.122548E-03
-25.3496 3.138041E-03
-25.3296 3.153650E-03
-25.3096 3.169380E-03
-25.2896 3.185235E-03
-25.2696 3.201210E-03
-25.2496 3.217309E-03
-25.2296 3.233534E-03
-25.2096 3.249884E-03
-25.1896 3.266367E-03
-25.1696 3.282975E-03
-25.1495 3.299713E-03
-25.1295 3.316587E-03
-25.1095 3.333594E-03
-25.0895 3.350732E-03
-25.0695 3.368011E-03
-25.0495 3.385426E-03
-25.0295 3.402983E-03
-25.0095 3.420678E-03
-24.9895 3.438517E-03
-24.9695 3.456497E-03
-24.9494 3.474628E-03
-24.9294 3.492901E-03
-24.9094 3.511327E-03
-24.8894 3.529902E-03
-24.8694 3.548627E-03
-24.8494 3.567507E-03
-24.8294 3.586544E-03
-24.8094 3.605739E-03
-24.7894 3.625091E-03
-24.7694 3.644601E-03
-24.7493 3.664279E-03
-24.7293 3.684119E-03
-24.7093 3.704121E-03
-24.6893 3.724300E-03
-24.6693 3.744644E-03
-24.6493 3.765158E-03
-24.6293 3.785848E-03
-24.6093 3.806713E-03
-24.5893 3.827760E-03
-24.5693 3.848983E-03
-24.5492 3.870388E-03
-24.5292 3.891981E-03
-24.5092 3.913756E-03
-24.4892 3.935723E-03
-24.4692 3.957880E-03
-24.4492 3.980227E-03
-24.4292 4.002771E-03
-24.4092 4.025515E-03
-24.3892 4.048456E-03
-24.3692 4.071598E-03
-24.3491 4.094949E-03
-24.3291 4.118506E-03
-24.3091 4.142271E-03
-24.2891 4.166248E-03
-24.2691 4.190437E-03
-24.2491 4.214849E-03
-24.2291 4.239479E-03
-24.2091 4.264332E-03
-24.1891 4.289406E-03
-24.1691 4.314709E-03
-24.1490 4.340243E-03
-24.1290 4.366016E-03
-24.1090 4.392025E-03
-24.0890 4.418269E-03
-24.0690 4.444760E-03
-24.0490 4.471488E-03
-24.0290 4.498475E-03
-24.0090 4.525708E-03
-23.9890 4.553194E-03
-23.9690 4.580942E-03
-23.9489 4.608949E-03
-23.9289 4.637222E-03
-23.9089 4.665763E-03
-23.8889 4.694577E-03
-23.8689 4.723664E-03
-23.8489 4.753032E-03
-23.8289 4.782681E-03
-23.8089 4.812618E-03
-23.7889 4.842839E-03
-23.7689 4.873357E-03
-23.7488 4.904173E-03
-23.7288 4.935288E-03
-23.7088 4.966708E-03
-23.6888 4.998443E-03
-23.6688 5.030485E-03
-23.6488 5.062841E-03
-23.6288 5.095528E-03
-23.6088 5.128534E-03
-23.5888 5.161872E-03
-23.5688 5.195549E-03
-23.5487 5.229566E-03
-23.5287 5.263917E-03
-23.5087 5.298630E-03
-23.4887 5.333690E-03
-23.4687 5.369103E-03
-23.4487 5.404887E-03
-23.4287 5.441034E-03
-23.4087 5.477568E-03
-23.3887 5.514470E-03
-23.3687 5.551759E-03
-23.3486 5.589432E-03
-23.3286 5.627509E-03
-23.3086 5.665980E-03
-23.2886 5.704860E-03
-23.2686 5.744153E-03
-23.2486 5.783855E-03
-23.2286 5.823994E-03
-23.2086 5.864557E-03
-23.1886 5.905555E-03
-23.1686 5.947000E-03
-23.1485 5.988897E-03
-23.1285 6.031239E-03
-23.1085 6.074050E-03
-23.0885 6.117340E-03
-23.0685 6.161100E-03
-23.0485 6.205332E-03
-23.0285 6.250067E-03
-23.0085 6.295290E-03
-22.9885 6.341040E-03
-22.9685 6.387288E-03
-22.9484 6.434062E-03
-22.9284 6.481364E-03
-22.9084 6.529194E-03
-22.8884 6.577588E-03
-22.8684 6.626521E-03
-22.8484 6.676019E-03
-22.8284 6.726096E-03
-22.8084 6.776750E-03
-22.7884 6.827985E-03
-22.7684 6.879832E-03
-22.7483 6.932277E-03
-22.7283 6.985342E-03
-22.7083 7.039041E-03
-22.6883 7.093377E-03
-22.6683 7.148362E-03
-22.6483 7.203996E-03
-22.6283 7.260301E-03
-22.6083 7.317302E-03
-22.5883 7.374983E-03
-22.5683 7.433369E-03
-22.5482 7.492457E-03
-22.5282 7.552290E-03
-22.5082 7.612842E-03
-22.4882 7.674173E-03
-22.4682 7.736250E-03
-22.4482 7.799106E-03
-22.4282 7.862754E-03
-22.4082 7.927208E-03
-22.3882 7.992458E-03
-22.3682 8.058566E-03
-22.3481 8.125502E-03
-22.3281 8.193295E-03
-22.3081 8.261972E-03
-22.2881 8.331543E-03
-22.2681 8.402017E-03
-22.2481 8.473427E-03
-22.2281 8.545747E-03
-22.2081 8.619026E-03
-22.1881 8.693307E-03
-22.1681 8.768558E-03
-22.1480 8.844817E-03
-22.1280 8.922109E-03
-22.1080 9.000449E-03
-22.0880 9.079828E-03
-22.0680 9.160325E-03
-22.0480 9.241898E-03
-22.0280 9.324599E-03
-22.0080 9.408448E-03
-21.9880 9.493474E-03
-21.9680 9.579690E-03
-21.9479 9.667125E-03
-21.9279 9.755802E-03
-21.9079 9.845705E-03
-21.8879 9.936928E-03
-21.8679 1.002944E-02
-21.8479 1.012328E-02
-21.8279 1.021848E-02
-21.8079 1.031508E-02
-21.7879 1.041310E-02
-21.7679 1.051257E-02
-21.7478 1.061347E-02
-21.7278 1.071593E-02
-21.7078 1.081987E-02
-21.6878 1.092543E-02
-21.6678 1.103255E-02
-21.6478 1.114130E-02
-21.6278 1.125172E-02
-21.6078 1.136384E-02
-21.5878 1.147765E-02
-21.5678 1.159329E-02
-21.5477 1.171073E-02
-21.5277 1.182998E-02
-21.5077 1.195112E-02
-21.4877 1.207426E-02
-21.4677 1.219930E-02
-21.4477 1.232637E-02
-21.4277 1.245549E-02
-21.4077 1.258673E-02
-21.3877 1.272004E-02
-21.3677 1.285564E-02
-21.3476 1.299349E-02
-21.3276 1.313356E-02
-21.3076 1.327600E-02
-21.2876 1.342092E-02
-21.2676 1.356824E-02
-21.2476 1.371807E-02
-21.2276 1.387049E-02
-21.2076 1.402555E-02
-21.1876 1.418332E-02
-21.1676 1.434377E-02
-21.1475 1.450715E-02
-21.1275 1.467333E-02
-21.1075 1.484260E-02
-21.0875 1.501482E-02
-21.0675 1.519016E-02
-21.0475 1.536880E-02
-21.0275 1.555063E-02
-21.0075 1.573583E-02
-20.9875 1.592448E-02
-20.9675 1.611666E-02
-20.9474 1.631236E-02
-20.9274 1.651191E-02
-20.9074 1.671528E-02
-20.8874 1.692244E-02
-20.8674 1.713362E-02
-20.8474 1.734909E-02
-20.8274 1.756865E-02
-20.8074 1.779257E-02
-20.7874 1.802098E-02
-20.7674 1.825399E-02
-20.7473 1.849172E-02
-20.7273 1.873433E-02
-20.7073 1.898194E-02
-20.6873 1.923469E-02
-20.6673 1.949256E-02
-20.6473 1.975604E-02
-20.6273 2.002513E-02
-20.6073 2.029981E-02
-20.5873 2.058041E-02
-20.5673 2.086734E-02
-20.5472 2.116035E-02
-20.5272 2.145985E-02
-20.5072 2.176605E-02
-20.4872 2.207913E-02
-20.4672 2.239934E-02
-20.4472 2.272688E-02
-20.4272 2.306199E-02
-20.4072 2.340466E-02
-20.3872 2.375565E-02
-20.3672 2.411498E-02
-20.3471 2.448263E-02
-20.3271 2.485944E-02
-20.3071 2.524517E-02
-20.2871 2.564069E-02
-20.2671 2.604573E-02
-20.2471 2.646094E-02
-20.2271 2.688667E-02
-20.2071 2.732330E-02
-20.1871 2.777157E-02
-20.1671 2.823120E-02
-20.1470 2.870253E-02
-20.1270 2.918683E-02
-20.1070 2.968418E-02
-20.0870 3.019507E-02
-20.0670 3.072003E-02
-20.0470 3.125909E-02
-20.0270 3.181381E-02
-20.0070 3.238431E-02
-19.9870 3.297067E-02
-19.9670 3.357465E-02
-19.9469 3.419583E-02
-19.9269 3.483550E-02
-19.9069 3.549506E-02
-19.8869 3.617410E-02
-19.8669 3.687410E-02
-19.8469 3.759598E-02
-19.8269 3.834072E-02
-19.8069 3.911011E-02
-19.7869 3.990374E-02
-19.7669 4.072351E-02
-19.7468 4.157064E-02
-19.7268 4.244644E-02
-19.7068 4.335137E-02
-19.6868 4.428874E-02
-19.6668 4.525925E-02
-19.6468 4.626457E-02
-19.6268 4.730651E-02
-19.6068 4.838572E-02
-19.5868 4.950669E-02
-19.5668 5.067045E-02
-19.5467 5.187794E-02
-19.5267 5.313446E-02
-19.5067 5.443987E-02
-19.4867 5.580013E-02
-19.4667 5.721517E-02
-19.4467 5.869177E-02
-19.4267 6.023020E-02
-19.4067 6.183806E-02
-19.3867 6.351585E-02
-19.3667 6.527242E-02
-19.3466 6.710864E-02
-19.3266 6.903221E-02
-19.3066 7.105181E-02
-19.2866 7.316923E-02
-19.2666 7.539719E-02
-19.2466 7.773818E-02
-19.2266 8.020390E-02
-19.2066 8.280795E-02
-19.1866 8.555443E-02
-19.1666 8.845914E-02
-19.1465 9.154000E-02
-19.1265 9.480420E-02
-19.1065 9.827303E-02
-19.0865 1.019713E-01
-19.0665 1.059110E-01
-19.0465 1.101285E-01
-19.0265 1.146408E-01
-19.0065 1.194939E-01
-18.9865 1.247125E-01
-18.9665 1.303561E-01
-18.9464 1.364607E-01
-18.9264 1.431053E-01
-18.9064 1.503552E-01
-18.8864 1.582849E-01
-18.8664 1.670229E-01
-18.8464 1.766870E-01
-18.8264 1.874357E-01
-18.8064 1.994671E-01
-18.7864 2.130309E-01
-18.7664 2.284656E-01
-18.7463 2.461485E-01
-18.7263 2.666565E-01
-18.7063 2.907607E-01
-18.6863 3.194853E-01
-18.6663 3.542974E-01
-18.6463 3.973374E-01
-18.6263 4.518401E-01
-18.6063 5.227461E-01
-18.5863 6.178130E-01
-18.5663 7.487616E-01
-18.5462 9.315765E-01
-18.5262 1.178268E+00
-18.5062 1.465338E+00
-18.4862 1.703806E+00
-18.4662 1.843525E+00
-18.4462 1.961290E+00
-18.4262 2.075487E+00
-18.4062 2.109624E+00
-18.3862 2.099972E+00
-18.3662 2.138242E+00
-18.3461 2.213052E+00
-18.3261 2.321494E+00
-18.3061 2.551898E+00
-18.2861 2.953543E+00
-18.2661 3.442668E+00
-18.2461 3.829162E+00
-18.2261 3.945567E+00
-18.2061 3.825913E+00
-18.1861 3.709823E+00
-18.1661 3.752326E+00
-18.1460 3.962476E+00
-18.1260 4.357403E+00
-18.1060 4.957083E+00
-18.0860 5.581837E+00
-18.0660 5.899623E+00
-18.0460 5.723440E+00
-18.0260 5.141878E+00
-18.0060 4.487263E+00
-17.9860 4.026189E+00
-17.9660 3.801895E+00
-17.9459 3.728910E+00
-17.9259 3.676252E+00
-17.9059 3.609231E+00
-17.8859 3.592878E+00
-17.8659 3.657890E+00
-17.8459 3.840774E+00
-17.8259 4.176241E+00
-17.8059 4.570229E+00
-17.7859 4.805519E+00
-17.7659 4.805700E+00
-17.7458 4.771703E+00
-17.7258 4.820092E+00
-17.7058 4.879791E+00
-17.6858 4.852677E+00
-17.6658 4.648155E+00
-17.6458 4.348903E+00
-17.6258 4.153470E+00
-17.6058 4.178772E+00
-17.5858 4.404138E+00
-17.5658 4.711090E+00
-17.5457 4.849397E+00
-17.5257 4.612549E+00
-17.5057 4.221704E+00
-17.4857 4.016716E+00
-17.4657 4.134084E+00
-17.4457 4.555160E+00
-17.4257 5.135873E+00
-17.4057 5.591407E+00
-17.3857 5.819097E+00
-17.3657 6.036157E+00
-17.3456 6.393641E+00
-17.3256 6.952932E+00
-17.3056 7.588107E+00
-17.2856 7.780251E+00
-17.2656 7.288140E+00
-17.2456 6.581843E+00
-17.2256 6.066101E+00
-17.2056 5.793872E+00
-17.1856 5.748150E+00
-17.1656 5.981196E+00
-17.1455 6.348911E+00
-17.1255 6.455235E+00
-17.1055 6.202282E+00
-17.0855 5.979956E+00
-17.0655 6.028517E+00
-17.0455 6.133884E+00
-17.0255 5.966918E+00
-17.0055 5.473396E+00
-16.9855 4.877863E+00
-16.9655 4.559164E+00
-16.9454 4.294025E+00
-16.9254 4.462186E+00
-16.9054 4.899281E+00
-16.8854 5.299227E+00
-16.8654 5.961275E+00
-16.8454 6.573425E+00
-16.8254 7.234533E+00
-16.8054 7.651083E+00
-16.7854 7.700025E+00
-16.7654 7.542886E+00
-16.7453 7.368516E+00
-16.7253 6.983117E+00
-16.7053 6.023341E+00
-16.6853 4.685139E+00
-16.6653 3.544206E+00
-16.6453 2.672746E+00
-16.6253 2.094969E+00
-16.6053 1.677846E+00
-16.5853 1.377036E+00
-16.5653 1.156958E+00
-16.5452 9.905407E-01
-16.5252 8.598305E-01
-16.5052 7.559450E-01
-16.4852 6.728992E-01
-16.4652 6.039257E-01
-16.4452 5.474457E-01
-16.4252 4.992168E-01
-16.4052 4.583647E-01
-16.3852 4.232534E-01
-16.3652 3.926658E-01
-16.3451 3.662754E-01
-16.3251 3.431222E-01
-16.3051 3.226196E-01
-16.2851 3.045114E-01
-16.2651 2.883381E-01
-16.2451 2.739627E-01
-16.2251 2.610448E-01
-16.2051 2.492667E-01
-16.1851 2.385843E-01
-16.1651 2.288426E-01
-16.1450 2.199137E-01
-16.1250 2.115718E-01
-16.1050 2.038134E-01
-16.0850 1.965513E-01
-16.0650 1.897333E-01
-16.0450 1.833228E-01
-16.0250 1.773067E-01
-16.0050 1.716204E-01
-15.9850 1.662870E-01
-15.9650 1.612557E-01
-15.9449 1.565362E-01
-15.9249 1.521090E-01
-15.9049 1.479447E-01
-15.8849 1.440322E-01
-15.8649 1.403490E-01
-15.8449 1.368895E-01
-15.8249 1.336290E-01
-15.8049 1.305403E-01
-15.7849 1.276319E-01
-15.7649 1.248727E-01
-15.7448 1.222538E-01
-15.7248 1.197682E-01
-15.7048 1.173995E-01
-15.6848 1.151419E-01
-15.6648 1.129847E-01
-15.6448 1.109156E-01
-15.6248 1.089350E-01
-15.6048 1.070270E-01
-15.5848 1.051918E-01
-15.5648 1.034200E-01
-15.5447 1.017065E-01
-15.5247 1.000517E-01
-15.5047 9.844424E-02
-15.4847 9.688730E-02
-15.4647 9.537163E-02
-15.4447 9.389677E-02
-15.4247 9.245822E-02
-15.4047 9.105545E-02
-15.3847 8.968617E-02
-15.3647 8.835068E-02
-15.3446 8.704342E-02
-15.3246 8.576322E-02
-15.3046 8.450918E-02
-15.2846 8.328313E-02
-15.2646 8.208264E-02
-15.2446 8.090683E-02
-15.2246 7.975358E-02
-15.2046 7.862266E-02
-15.1846 7.751594E-02
-15.1646 7.643154E-02
-15.1445 7.536721E-02
-15.1245 7.432573E-02
-15.1045 7.330489E-02
-15.0845 7.230609E-02
-15.0645 7.132736E-02
-15.0445 7.036855E-02
-15.0245 6.943117E-02
-15.0045 6.851344E-02
-14.9845 6.761522E-02
-14.9645 6.673764E-02
-14.9444 6.587916E-02
-14.9244 6.504031E-02
-14.9044 6.422023E-02
-14.8844 6.341938E-02
-14.8644 6.263749E-02
-14.8444 6.187436E-02
-14.8244 6.112965E-02
-14.8044 6.040267E-02
-14.7844 5.969311E-02
-14.7644 5.900124E-02
-14.7443 5.832686E-02
-14.7243 5.766959E-02
-14.7043 5.702859E-02
-14.6843 5.640414E-02
-14.6643 5.579539E-02
-14.6443 5.520302E-02
-14.6243 5.462563E-02
-14.6043 5.406305E-02
-14.5843 5.351534E-02
-14.5643 5.298209E-02
-14.5442 5.246296E-02
-14.5242 5.195726E-02
-14.5042 5.146462E-02
-14.4842 5.098546E-02
-14.4642 5.051874E-02
-14.4442 5.006412E-02
-14.4242 4.962192E-02
-14.4042 4.919117E-02
-14.3842 4.877186E-02
-14.3642 4.836340E-02
-14.3441 4.796555E-02
-14.3241 4.757855E-02
-14.3041 4.720181E-02
-14.2841 4.683477E-02
-14.2641 4.647733E-02
-14.2441 4.612933E-02
-14.2241 4.579042E-02
-14.2041 4.546053E-02
-14.1841 4.513946E-02
-14.1641 4.482695E-02
-14.1440 4.452267E-02
-14.1240 4.422637E-02
-14.1040 4.393819E-02
-14.0840 4.365752E-02
-14.0640 4.338467E-02
-14.0440 4.311906E-02
-14.0240 4.286076E-02
-14.0040 4.260942E-02
-13.9840 4.236498E-02
-13.9640 4.212724E-02
-13.9439 4.189614E-02
-13.9239 4.167150E-02
-13.9039 4.145305E-02
-13.8839 4.124078E-02
-13.8639 4.103453E-02
-13.8439 4.083400E-02
-13.8239 4.063922E-02
-13.8039 4.044988E-02
-13.7839 4.026582E-02
-13.7639 4.008710E-02
-13.7438 3.991367E-02
-13.7238 3.974500E-02
-13.7038 3.958118E-02
-13.6838 3.942205E-02
-13.6638 3.926742E-02
-13.6438 3.911724E-02
-13.6238 3.897124E-02
-13.6038 3.882953E-02
-13.5838 3.869159E-02
-13.5638 3.855749E-02
-13.5437 3.842723E-02
-13.5237 3.830050E-02
-13.5037 3.817724E-02
-13.4837 3.805731E-02
-13.4637 3.794054E-02
-13.4437 3.782681E-02
-13.4237 3.771607E-02
-13.4037 3.760819E-02
-13.3837 3.750287E-02
-13.3637 3.740021E-02
-13.3436 3.729994E-02
-13.3236 3.720208E-02
-13.3036 3.710649E-02
-13.2836 3.701302E-02
-13.2636 3.692150E-02
-13.2436 3.683195E-02
-13.2236 3.674416E-02
-13.2036 3.665812E-02
-13.1836 3.657367E-02
-13.1636 3.649079E-02
-13.1435 3.640930E-02
-13.1235 3.632915E-02
-13.1035 3.625036E-02
-13.0835 3.617265E-02
-13.0635 3.609615E-02
-13.0435 3.602061E-02
-13.0235 3.594614E-02
-13.0035 3.587248E-02
-12.9835 3.579979E-02
-12.9635 3.572778E-02
-12.9434 3.565661E-02
-12.9234 3.558611E-02
-12.9034 3.551628E-02
-12.8834 3.544705E-02
-12.8634 3.537835E-02
-12.8434 3.531026E-02
-12.8234 3.524265E-02
-12.8034 3.517552E-02
-12.7834 3.510885E-02
-12.7634 3.504266E-02
-12.7433 3.497688E-02
-12.7233 3.491154E-02
-12.7033 3.484659E-02
-12.6833 3.478208E-02
-12.6633 3.471796E-02
-12.6433 3.465424E-02
-12.6233 3.459090E-02
-12.6033 3.452802E-02
-12.5833 3.446554E-02
-12.5633 3.440351E-02
-12.5432 3.434194E-02
-12.5232 3.428085E-02
-12.5032 3.422017E-02
-12.4832 3.416011E-02
-12.4632 3.410052E-02
-12.4432 3.404148E-02
-12.4232 3.398301E-02
-12.4032 3.392516E-02
-12.3832 3.386797E-02
-12.3632 3.381137E-02
-12.3431 3.375547E-02
-12.3231 3.370037E-02
-12.3031 3.364596E-02
-12.2831 3.359235E-02
-12.2631 3.353957E-02
-12.2431 3.348764E-02
-12.2231 3.343658E-02
-12.2031 3.338643E-02
-12.1831 3.333722E-02
-12.1631 3.328903E-02
-12.1430 3.324185E-02
-12.1230 3.319570E-02
-12.1030 3.315065E-02
-12.0830 3.310673E-02
-12.0630 3.306395E-02
-12.0430 3.302234E-02
-12.0230 3.298198E-02
-12.0030 3.294283E-02
-11.9830 3.290495E-02
-11.9630 3.286841E-02
-11.9429 3.283319E-02
-11.9229 3.279931E-02
-11.9029 3.276685E-02
-11.8829 3.273582E-02
-11.8629 3.270623E-02
-11.8429 3.267811E-02
-11.8229 3.265145E-02
-11.8029 3.262634E-02
-11.7829 3.260276E-02
-11.7629 3.258075E-02
-11.7428 3.256033E-02
-11.7228 3.254155E-02
-11.7028 3.252436E-02
-11.6828 3.250881E-02
-11.6628 3.249494E-02
-11.6428 3.248271E-02
-11.6228 3.247219E-02
-11.6028 3.246336E-02
-11.5828 3.245627E-02
-11.5628 3.245088E-02
-11.5427 3.244724E-02
-11.5227 3.244529E-02
-11.5027 3.244512E-02
-11.4827 3.244670E-02
-11.4627 3.245005E-02
-11.4427 3.245512E-02
-11.4227 3.246201E-02
-11.4027 3.247062E-02
-11.3827 3.248098E-02
-11.3627 3.249310E-02
-11.3426 3.250696E-02
-11.3226 3.252254E-02
-11.3026 3.253988E-02
-11.2826 3.255892E-02
-11.2626 3.257969E-02
-11.2426 3.260209E-02
-11.2226 3.262621E-02
-11.2026 3.265200E-02
-11.1826 3.267940E-02
-11.1626 3.270845E-02
-11.1425 3.273906E-02
-11.1225 3.277126E-02
-11.1025 3.280501E-02
-11.0825 3.284027E-02
-11.0625 3.287700E-02
-11.0425 3.291523E-02
-11.0225 3.295484E-02
-11.0025 3.299587E-02
-10.9825 3.303824E-02
-10.9625 3.308189E-02
-10.9424 3.312687E-02
-10.9224 3.317305E-02
-10.9024 3.322044E-02
-10.8824 3.326898E-02
-10.8624 3.331859E-02
-10.8424 3.336931E-02
-10.8224 3.342099E-02
-10.8024 3.347367E-02
-10.7824 3.352725E-02
-10.7624 3.358169E-02
-10.7423 3.363694E-02
-10.7223 3.369293E-02
-10.7023 3.374965E-02
-10.6823 3.380701E-02
-10.6623 3.386495E-02
-10.6423 3.392344E-02
-10.6223 3.398245E-02
-10.6023 3.404184E-02
-10.5823 3.410165E-02
-10.5623 3.416177E-02
-10.5422 3.422218E-02
-10.5222 3.428279E-02
-10.5022 3.434355E-02
-10.4822 3.440443E-02
-10.4622 3.446535E-02
-10.4422 3.452629E-02
-10.4222 3.458718E-02
-10.4022 3.464800E-02
-10.3822 3.470864E-02
-10.3622 3.476909E-02
-10.3421 3.482931E-02
-10.3221 3.488924E-02
-10.3021 3.494884E-02
-10.2821 3.500808E-02
-10.2621 3.506687E-02
-10.2421 3.512523E-02
-10.2221 3.518310E-02
-10.2021 3.524044E-02
-10.1821 3.529723E-02
-10.1621 3.535343E-02
-10.1420 3.540899E-02
-10.1220 3.546393E-02
-10.1020 3.551817E-02
-10.0820 3.557170E-02
-10.0620 3.562450E-02
-10.0420 3.567658E-02
-10.0220 3.572787E-02
-10.0020 3.577836E-02
-9.9820 3.582807E-02
-9.9620 3.587697E-02
-9.9419 3.592502E-02
-9.9219 3.597225E-02
-9.9019 3.601863E-02
-9.8819 3.606419E-02
-9.8619 3.610885E-02
-9.8419 3.615266E-02
-9.8219 3.619563E-02
-9.8019 3.623773E-02
-9.7819 3.627897E-02
-9.7619 3.631935E-02
-9.7418 3.635887E-02
-9.7218 3.639755E-02
-9.7018 3.643539E-02
-9.6818 3.647239E-02
-9.6618 3.650855E-02
-9.6418 3.654393E-02
-9.6218 3.657848E-02
-9.6018 3.661225E-02
-9.5818 3.664524E-02
-9.5618 3.667747E-02
-9.5417 3.670895E-02
-9.5217 3.673972E-02
-9.5017 3.676975E-02
-9.4817 3.679909E-02
-9.4617 3.682774E-02
-9.4417 3.685575E-02
-9.4217 3.688310E-02
-9.4017 3.690985E-02
-9.3817 3.693597E-02
-9.3617 3.696153E-02
-9.3416 3.698654E-02
-9.3216 3.701100E-02
-9.3016 3.703491E-02
-9.2816 3.705839E-02
-9.2616 3.708137E-02
-9.2416 3.710390E-02
-9.2216 3.712600E-02
-9.2016 3.714772E-02
-9.1816 3.716905E-02
-9.1616 3.719000E-02
-9.1415 3.721065E-02
-9.1215 3.723100E-02
-9.1015 3.725106E-02
-9.0815 3.727087E-02
-9.0615 3.729045E-02
-9.0415 3.730982E-02
-9.0215 3.732899E-02
-9.0015 3.734802E-02
-8.9815 3.736693E-02
-8.9615 3.738571E-02
-8.9414 3.740444E-02
-8.9214 3.742310E-02
-8.9014 3.744175E-02
-8.8814 3.746038E-02
-8.8614 3.747904E-02
-8.8414 3.749778E-02
-8.8214 3.751657E-02
-8.8014 3.753547E-02
-8.7814 3.755451E-02
-8.7614 3.757372E-02
-8.7413 3.759311E-02
-8.7213 3.761274E-02
-8.7013 3.763261E-02
-8.6813 3.765275E-02
-8.6613 3.767321E-02
-8.6413 3.769400E-02
-8.6213 3.771517E-02
-8.6013 3.773677E-02
-8.5813 3.775878E-02
-8.5613 3.778123E-02
-8.5412 3.780424E-02
-8.5212 3.782778E-02
-8.5012 3.785186E-02
-8.4812 3.787658E-02
-8.4612 3.790194E-02
-8.4412 3.792799E-02
-8.4212 3.795475E-02
-8.4012 3.798230E-02
-8.3812 3.801064E-02
-8.3612 3.803983E-02
-8.3411 3.806991E-02
-8.3211 3.810094E-02
-8.3011 3.813294E-02
-8.2811 3.816598E-02
-8.2611 3.820012E-02
-8.2411 3.823536E-02
-8.2211 3.827176E-02
-8.2011 3.830941E-02
-8.1811 3.834837E-02
-8.1611 3.838867E-02
-8.1410 3.843036E-02
-8.1210 3.847349E-02
-8.1010 3.851815E-02
-8.0810 3.856439E-02
-8.0610 3.861227E-02
-8.0410 3.866185E-02
-8.0210 3.871318E-02
-8.0010 3.876640E-02
-7.9810 3.882147E-02
-7.9610 3.887857E-02
-7.9409 3.893770E-02
-7.9209 3.899895E-02
-7.9009 3.906239E-02
-7.8809 3.912812E-02
-7.8609 3.919620E-02
-7.8409 3.926670E-02
-7.8209 3.933969E-02
-7.8009 3.941530E-02
-7.7809 3.949357E-02
-7.7609 3.957465E-02
-7.7408 3.965852E-02
-7.7208 3.974532E-02
-7.7008 3.983515E-02
-7.6808 3.992811E-02
-7.6608 4.002426E-02
-7.6408 4.012371E-02
-7.6208 4.022655E-02
-7.6008 4.033284E-02
-7.5808 4.044273E-02
-7.5608 4.055621E-02
-7.5407 4.067352E-02
-7.5207 4.079464E-02
-7.5007 4.091972E-02
-7.4807 4.104883E-02
-7.4607 4.118208E-02
-7.4407 4.131957E-02
-7.4207 4.146139E-02
-7.4007 4.160765E-02
-7.3807 4.175841E-02
-7.3607 4.191373E-02
-7.3406 4.207378E-02
-7.3206 4.223866E-02
-7.3006 4.240837E-02
-7.2806 4.258306E-02
-7.2606 4.276283E-02
-7.2406 4.294770E-02
-7.2206 4.313778E-02
-7.2006 4.333319E-02
-7.1806 4.353392E-02
-7.1606 4.374011E-02
-7.1405 4.395182E-02
-7.1205 4.416909E-02
-7.1005 4.439196E-02
-7.0805 4.462053E-02
-7.0605 4.485483E-02
-7.0405 4.509485E-02
-7.0205 4.534071E-02
-7.0005 4.559234E-02
-6.9805 4.584978E-02
-6.9605 4.611316E-02
-6.9404 4.638230E-02
-6.9204 4.665727E-02
-6.9004 4.693802E-02
-6.8804 4.722457E-02
-6.8604 4.751685E-02
-6.8404 4.781478E-02
-6.8204 4.811828E-02
-6.8004 4.842721E-02
-6.7804 4.874161E-02
-6.7604 4.906134E-02
-6.7403 4.938612E-02
-6.7203 4.971604E-02
-6.7003 5.005064E-02
-6.6803 5.038999E-02
-6.6603 5.073372E-02
-6.6403 5.108180E-02
-6.6203 5.143374E-02
-6.6003 5.178946E-02
-6.5803 5.214862E-02
-6.5603 5.251094E-02
-6.5402 5.287621E-02
-6.5202 5.324399E-02
-6.5002 5.361395E-02
-6.4802 5.398577E-02
-6.4602 5.435905E-02
-6.4402 5.473339E-02
-6.4202 5.510849E-02
-6.4002 5.548382E-02
-6.3802 5.585902E-02
-6.3602 5.623367E-02
-6.3401 5.660728E-02
-6.3201 5.697954E-02
-6.3001 5.734984E-02
-6.2801 5.771789E-02
-6.2601 5.808315E-02
-6.2401 5.844523E-02
-6.2201 5.880370E-02
-6.2001 5.915819E-02
-6.1801 5.950818E-02
-6.1601 5.985342E-02
-6.1400 6.019346E-02
-6.1200 6.052794E-02
-6.1000 6.085657E-02
-6.0800 6.117899E-02
-6.0600 6.149487E-02
-6.0400 6.180403E-02
-6.0200 6.210615E-02
-6.0000 6.240106E-02
-5.9800 6.268858E-02
-5.9600 6.296852E-02
-5.9399 6.324073E-02
-5.9199 6.350515E-02
-5.8999 6.376168E-02
-5.8799 6.401028E-02
-5.8599 6.425091E-02
-5.8399 6.448361E-02
-5.8199 6.470838E-02
-5.7999 6.492525E-02
-5.7799 6.513431E-02
-5.7599 6.533571E-02
-5.7398 6.552949E-02
-5.7198 6.571583E-02
-5.6998 6.589479E-02
-5.6798 6.606661E-02
-5.6598 6.623146E-02
-5.6398 6.638948E-02
-5.6198 6.654092E-02
-5.5998 6.668587E-02
-5.5798 6.682464E-02
-5.5598 6.695738E-02
-5.5397 6.708428E-02
-5.5197 6.720558E-02
-5.4997 6.732143E-02
-5.4797 6.743211E-02
-5.4597 6.753770E-02
-5.4397 6.763856E-02
-5.4197 6.773474E-02
-5.3997 6.782643E-02
-5.3797 6.791380E-02
-5.3597 6.799714E-02
-5.3396 6.807642E-02
-5.3196 6.815188E-02
-5.2996 6.822369E-02
-5.2796 6.829193E-02
-5.2596 6.835669E-02
-5.2396 6.841820E-02
-5.2196 6.847643E-02
-5.1996 6.853156E-02
-5.1796 6.858368E-02
-5.1596 6.863285E-02
-5.1395 6.867917E-02
-5.1195 6.872263E-02
-5.0995 6.876340E-02
-5.0795 6.880146E-02
-5.0595 6.883689E-02
-5.0395 6.886977E-02
-5.0195 6.890009E-02
-4.9995 6.892792E-02
-4.9795 6.895331E-02
-4.9595 6.897624E-02
-4.9394 6.899683E-02
-4.9194 6.901508E-02
-4.8994 6.903102E-02
-4.8794 6.904468E-02
-4.8594 6.905613E-02
-4.8394 6.906541E-02
-4.8194 6.907255E-02
-4.7994 6.907757E-02
-4.7794 6.908059E-02
-4.7594 6.908160E-02
-4.7393 6.908072E-02
-4.7193 6.907795E-02
-4.6993 6.907336E-02
-4.6793 6.906714E-02
-4.6593 6.905927E-02
-4.6393 6.904981E-02
-4.6193 6.903900E-02
-4.5993 6.902679E-02
-4.5793 6.901335E-02
-4.5593 6.899880E-02
-4.5392 6.898329E-02
-4.5192 6.896687E-02
-4.4992 6.894979E-02
-4.4792 6.893209E-02
-4.4592 6.891400E-02
-4.4392 6.889563E-02
-4.4192 6.887714E-02
-4.3992 6.885873E-02
-4.3792 6.884062E-02
-4.3592 6.882290E-02
-4.3391 6.880576E-02
-4.3191 6.878953E-02
-4.2991 6.877430E-02
-4.2791 6.876030E-02
-4.2591 6.874775E-02
-4.2391 6.873687E-02
-4.2191 6.872790E-02
-4.1991 6.872098E-02
-4.1791 6.871642E-02
-4.1591 6.871446E-02
-4.1390 6.871529E-02
-4.1190 6.871913E-02
-4.0990 6.872632E-02
-4.0790 6.873698E-02
-4.0590 6.875138E-02
-4.0390 6.876987E-02
-4.0190 6.879253E-02
-3.9990 6.881968E-02
-3.9790 6.885159E-02
-3.9590 6.797899E-02
-3.9389 6.893051E-02
-3.9189 6.897802E-02
-3.8989 6.903122E-02
-3.8789 6.909028E-02
-3.8589 6.915548E-02
-3.8389 6.922709E-02
-3.8189 6.930521E-02
-3.7989 6.939013E-02
-3.7789 6.948207E-02
-3.7589 6.958122E-02
-3.7388 6.968773E-02
-3.7188 6.980186E-02
-3.6988 7.058967E-02
-3.6788 7.005350E-02
-3.6588 7.019136E-02
-3.6388 7.366818E-02
-3.6188 7.049210E-02
-3.5988 7.065516E-02
-3.5788 7.082689E-02
-3.5588 7.100729E-02
-3.5387 7.119658E-02
-3.5187 7.139479E-02
-3.4987 7.160205E-02
-3.4787 7.181823E-02
-3.4587 7.204353E-02
-3.4387 7.227793E-02
-3.4187 7.252130E-02
-3.3987 7.277372E-02
-3.3787 7.911292E-02
-3.3587 7.330550E-02
-3.3386 7.358459E-02
-3.3186 7.664336E-02
-3.2986 7.416888E-02
-3.2786 7.447363E-02
-3.2586 7.478655E-02
-3.2386 7.510739E-02
-3.2186 7.543601E-02
-3.1986 7.577208E-02
-3.1786 7.611524E-02
-3.1586 7.646515E-02
-3.1385 7.682150E-02
-3.1185 7.718386E-02
-3.0985 7.755193E-02
-3.0785 7.792500E-02
-3.0585 8.384924E-02
-3.0385 7.868484E-02
-3.0185 8.251375E-02
-2.9985 7.945923E-02
-2.9785 7.985053E-02
-2.9585 8.024375E-02
-2.9384 8.063832E-02
-2.9184 8.103363E-02
-2.8984 8.142893E-02
-2.8784 8.182378E-02
-2.8584 8.221739E-02
-2.8384 8.260916E-02
-2.8184 8.299846E-02
-2.7984 8.338461E-02
-2.7784 8.376701E-02
-2.7584 8.414505E-02
-2.7383 8.654549E-02
-2.7183 8.488580E-02
-2.6983 8.708331E-02
-2.6783 8.560223E-02
-2.6583 8.595005E-02
-2.6383 8.629039E-02
-2.6183 8.662273E-02
-2.5983 8.694680E-02
-2.5783 8.726233E-02
-2.5583 8.756891E-02
-2.5382 8.786630E-02
-2.5182 8.815439E-02
-2.4982 8.843303E-02
-2.4782 8.870209E-02
-2.4582 8.896167E-02
-2.4382 8.921157E-02
-2.4182 8.829246E-02
-2.3982 8.968304E-02
-2.3782 8.959641E-02
-2.3582 9.011745E-02
-2.3381 9.032118E-02
-2.3181 9.051636E-02
-2.2981 9.070319E-02
-2.2781 9.088207E-02
-2.2581 9.105323E-02
-2.2381 9.121714E-02
-2.2181 9.137417E-02
-2.1981 9.152473E-02
-2.1781 9.166918E-02
-2.1581 9.180797E-02
-2.1380 9.194160E-02
-2.1180 9.207046E-02
-2.0980 9.021976E-02
-2.0780 9.231553E-02
-2.0580 9.131310E-02
-2.0380 9.254672E-02
-2.0180 9.265816E-02
-1.9980 9.276741E-02
-1.9780 9.287474E-02
-1.9580 9.298062E-02
-1.9379 9.308538E-02
-1.9179 9.318943E-02
-1.8979 9.329288E-02
-1.8779 9.339623E-02
-1.8579 9.349972E-02
-1.8379 9.360352E-02
-1.8179 9.370801E-02
-1.7979 9.381324E-02
-1.7779 9.236843E-02
-1.7579 9.402703E-02
-1.7378 9.328342E-02
-1.7178 9.424612E-02
-1.6978 9.435793E-02
-1.6778 9.447139E-02
-1.6578 9.458659E-02
-1.6378 9.470355E-02
-1.6178 9.482228E-02
-1.5978 9.494272E-02
-1.5778 9.506498E-02
-1.5578 9.518897E-02
-1.5377 9.531466E-02
-1.5177 9.544193E-02
-1.4977 9.557074E-02
-1.4777 9.570095E-02
-1.4577 9.403115E-02
-1.4377 9.596518E-02
-1.4177 9.541540E-02
-1.3977 9.623351E-02
-1.3777 9.636887E-02
-1.3577 9.650470E-02
-1.3376 9.664099E-02
-1.3176 9.677736E-02
-1.2976 9.691371E-02
-1.2776 9.704981E-02
-1.2576 9.718544E-02
-1.2376 9.732040E-02
-1.2176 9.745441E-02
-1.1976 9.758732E-02
-1.1776 9.771887E-02
-1.1576 9.784885E-02
-1.1375 9.456626E-02
-1.1175 9.810291E-02
-1.0975 9.694087E-02
-1.0775 9.834792E-02
-1.0575 9.846642E-02
-1.0375 9.858191E-02
-1.0175 9.869432E-02
-0.9975 9.880326E-02
-0.9775 9.890867E-02
-0.9575 9.901026E-02
-0.9374 9.910797E-02
-0.9174 9.920152E-02
-0.8974 9.929074E-02
-0.8774 9.937552E-02
-0.8574 9.945577E-02
-0.8374 9.953127E-02
-0.8174 9.398829E-02
-0.7974 9.966769E-02
-0.7774 9.726425E-02
-0.7574 9.978390E-02
-0.7373 9.983426E-02
-0.7173 9.987942E-02
-0.6973 9.991936E-02
-0.6773 9.995393E-02
-0.6573 9.998324E-02
-0.6373 1.000073E-01
-0.6173 1.000260E-01
-0.5973 1.000396E-01
-0.5773 1.000479E-01
-0.5573 1.000510E-01
-0.5372 1.000491E-01
-0.5172 1.000422E-01
-0.4972 9.285043E-02
-0.4772 1.000138E-01
-0.4572 9.649440E-02
-0.4372 9.996668E-02
-0.4172 9.993633E-02
-0.3972 9.990174E-02
-0.3772 9.986298E-02
-0.3572 9.982020E-02
-0.3371 9.977362E-02
-0.3171 9.972336E-02
-0.2971 9.966953E-02
-0.2771 9.961244E-02
-0.2571 9.955212E-02
-0.2371 9.948887E-02
-0.2171 9.942270E-02
-0.1971 9.935400E-02
-0.1771 9.172711E-02
-0.1571 9.920928E-02
-0.1370 9.523358E-02
-0.1170 9.905616E-02
-0.0970 9.897683E-02
-0.0770 9.889601E-02
-0.0570 9.881373E-02
-0.0370 9.873024E-02
-0.0170 9.864559E-02
0.0030 9.856008E-02
0.0230 9.847383E-02
0.0430 9.838686E-02
0.0631 9.829951E-02
0.0831 9.821177E-02
0.1031 9.812377E-02
0.1231 9.803577E-02
0.1431 9.094709E-02
0.1631 9.786012E-02
0.1831 9.404735E-02
0.2031 9.768571E-02
0.2231 9.759923E-02
0.2431 9.751333E-02
0.2632 9.742809E-02
0.2832 9.734375E-02
0.3032 9.726028E-02
0.3232 9.717777E-02
0.3432 9.709634E-02
0.3632 9.701609E-02
0.3832 9.693701E-02
0.4032 9.685915E-02
0.4232 9.678271E-02
0.4432 9.670764E-02
0.4633 9.064855E-02
0.4833 9.656185E-02
0.5033 9.324170E-02
0.5233 9.642231E-02
0.5433 9.635489E-02
0.5633 9.628923E-02
0.5833 9.622527E-02
0.6033 9.616302E-02
0.6233 9.610260E-02
0.6433 9.604403E-02
0.6634 9.598724E-02
0.6834 9.593240E-02
0.7034 9.587939E-02
0.7234 9.582838E-02
0.7434 9.577932E-02
0.7634 9.573216E-02
0.7834 9.089377E-02
0.8034 9.564397E-02
0.8234 9.294269E-02
0.8434 9.556388E-02
0.8635 9.552689E-02
0.8835 9.549211E-02
0.9035 9.545930E-02
0.9235 9.542867E-02
0.9435 9.540023E-02
0.9635 9.537387E-02
0.9835 9.534974E-02
1.0035 9.532771E-02
1.0235 9.530795E-02
1.0435 9.529031E-02
1.0636 9.527499E-02
1.0836 9.526187E-02
1.1036 9.169870E-02
1.1236 9.524232E-02
1.1436 9.320758E-02
1.1636 9.523188E-02
1.1836 9.523003E-02
1.2036 9.523056E-02
1.2236 9.523328E-02
1.2436 9.523843E-02
1.2637 9.524586E-02
1.2837 9.525560E-02
1.3037 9.526763E-02
1.3237 9.528202E-02
1.3437 9.529876E-02
1.3637 9.531786E-02
1.3837 9.533925E-02
1.4037 9.536301E-02
1.4237 9.297656E-02
1.4437 9.541746E-02
1.4638 9.404301E-02
1.4838 9.548131E-02
1.5038 9.551672E-02
1.5238 9.555439E-02
1.5438 9.559436E-02
1.5638 9.563661E-02
1.5838 9.568114E-02
1.6038 9.572784E-02
1.6238 9.577684E-02
1.6438 9.582799E-02
1.6639 9.588141E-02
1.6839 9.593697E-02
1.7039 9.599453E-02
1.7239 9.605421E-02
1.7439 9.444900E-02
1.7639 9.617971E-02
1.7839 9.533939E-02
1.8039 9.631304E-02
1.8239 9.638256E-02
1.8439 9.645388E-02
1.8640 9.652691E-02
1.8840 9.660167E-02
1.9040 9.667805E-02
1.9240 9.675591E-02
1.9440 9.683538E-02
1.9640 9.691622E-02
1.9840 9.699835E-02
2.0040 9.708179E-02
2.0240 9.716639E-02
2.0440 9.725192E-02
2.0641 9.563696E-02
2.0841 9.742600E-02
2.1041 9.678236E-02
2.1241 9.760321E-02
2.1441 9.769263E-02
2.1641 9.778254E-02
2.1841 9.787277E-02
2.2041 9.796310E-02
2.2241 9.805363E-02
2.2441 9.814398E-02
2.2642 9.823425E-02
2.2842 9.832406E-02
2.3042 9.841352E-02
2.3242 9.850232E-02
2.3442 9.859043E-02
2.3642 9.867765E-02
2.3842 1.116796E-01
2.4042 9.884883E-02
2.4242 9.786645E-02
2.4442 9.901484E-02
2.4643 9.909555E-02
2.4843 9.917444E-02
2.5043 9.925149E-02
2.5243 9.932655E-02
2.5443 9.939948E-02
2.5643 9.947014E-02
2.5843 9.953833E-02
2.6043 9.960405E-02
2.6243 9.966708E-02
2.6443 9.972730E-02
2.6644 9.978470E-02
2.6844 9.983906E-02
2.7044 1.141052E-01
2.7244 9.993852E-02
2.7444 1.144075E-01
