# # Once                                                         FEFF 10.0.0 
# # POT  SCF  60  4.0000   0, NO core-hole, AFOLP (folp(0)= 1.150)
# # Abs   Z=29 Rmt= 1.362 Rnm= 1.399 L3 shell
# #   RGRID 0.0100
# # Pot 1 Z=29 Rmt= 1.362 Rnm= 1.399
# # Gam_ch=5.960E-01 H-L exch Vi= 3.265E+00 Vr=-2.868E+01
# # Mu=-1.481E+01eV kf=2.344E+00 Vint=-1.673E+01eV Rs_int= 1.547
# FMS rfms= 8.0000
# # PATH  Rmax=-1.000,  Keep_limit= 0.00, Heap_limit 0.00  Pwcrit= 2.50%
#  S02=1.000  Temp=   0.00  Debye_temp=   0.00  Global_sig2= 0.00000
#  Energy zero shift, vr, vi    0.00000E+00   0.00000E+00
#  Curved wave amplitude ratio filter   4.000%
#     file         sig2 tot  cw amp ratio   deg  nlegs   reff  inp sig2
#     0/   0 paths used
#  xsedge+ 50, used to normalize mu           1.0000E+00
#  -----------------------------------------------------------------------
#  omega    e    k    mu    mu0     chi     @#
       874.7516407116      -76.1261213000       -4.8602134926    6.0295848302E-05    6.0286039747E-05    9.8085543923E-09
       884.7516407116      -66.1261213000       -4.5822474649    8.3590969968E-05    8.3579447526E-05    1.1522442131E-08
       894.7516407116      -56.1261213000       -4.2862930913    1.3025134616E-04    1.3023673779E-04    1.4608366503E-08
       904.7516407116      -46.1261213000       -3.9683275316    2.5394923227E-04    2.5391334008E-04    3.5892187225E-08
       906.2516407116      -44.6261213000       -3.9184078887    2.9013096107E-04    2.9008296264E-04    4.7998437120E-08
       907.7516407116      -43.1261213000       -3.8678444607    3.3566251041E-04    3.3559476030E-04    6.7750108936E-08
       909.2516407116      -41.6261213000       -3.8166107683    3.9407106056E-04    3.9397021213E-04    1.0084843519E-07
       910.7516407116      -40.1261213000       -3.7646798989    4.7071323056E-04    4.7055531589E-04    1.5791467297E-07
       912.2516407116      -38.6261213000       -3.7120228217    5.7391092124E-04    5.7365157476E-04    2.5934647955E-07
       913.7516407116      -37.1261213000       -3.6586077151    7.1714396967E-04    7.1669848886E-04    4.4548080403E-07
       914.7516407116      -36.1261213000       -3.6225602255    8.4549603127E-04    8.4484194930E-04    6.5408197600E-07
       915.2516407116      -35.6261213000       -3.6044012331    9.2308877525E-04    9.2229112194E-04    7.9765331603E-07
       915.9400007116      -34.9377613000       -3.5792506475    1.0484731583E-03    1.0474181478E-03    1.0550105205E-06
       917.1283607116      -33.7494013000       -3.5354106776    1.3321719342E-03    1.3304400995E-03    1.7318347450E-06
       918.3167207116      -32.5610413000       -3.4910202120    1.7399396975E-03    1.7370926201E-03    2.8470773634E-06
       919.5050807116      -31.3726813000       -3.4460577301    2.3402734089E-03    2.3357846862E-03    4.4887227398E-06
       920.6934407116      -30.1843213000       -3.4005010426    3.2323409223E-03    3.2264185167E-03    5.9224056323E-06
       921.8818007116      -28.9959613000       -3.3543258121    4.5104847979E-03    4.5076000944E-03    2.8847034883E-06
       923.0701607116      -27.8076013000       -3.3075057466    6.0763623489E-03    6.0914173138E-03   -1.5054964935E-05
       924.2585207116      -26.6192413000       -3.2600134548    7.2715489074E-03    7.3141341299E-03   -4.2585222488E-05
       925.4468807116      -25.4308813000       -3.2118189841    7.1684397785E-03    7.2053040150E-03   -3.6864236417E-05
       926.6352407116      -24.2425213000       -3.1628902365    5.9062112315E-03    5.9150911501E-03   -8.8799185955E-06
       927.8236007116      -23.0541613000       -3.1131925912    4.4403379149E-03    4.4347390595E-03    5.5988554650E-06
       929.0119607116      -21.8658013000       -3.0626883400    3.2867904875E-03    3.2770446264E-03    9.7458611561E-06
       930.2003207116      -20.6774413000       -3.0113374653    2.4862452175E-03    2.4744580388E-03    1.1787178791E-05
       931.3886807116      -19.4890813000       -2.9590954597    1.9469432535E-03    1.9327471898E-03    1.4196063644E-05
       932.5770407116      -18.3007213000       -2.9059147015    1.5824236586E-03    1.5655709750E-03    1.6852683616E-05
       933.7654007116      -17.1123613000       -2.8517422244    1.3332757570E-03    1.3138815681E-03    1.9394188928E-05
       934.7516407116      -16.1261213000       -2.8059894352    1.1866556227E-03    1.1650123701E-03    2.1643252538E-05
       934.9537607116      -15.9240013000       -2.7965203958    1.1616895933E-03    1.1395261836E-03    2.2163409674E-05
       936.2516407116      -14.6261213000       -2.7349359309    1.0360850066E-03    1.0098623155E-03    2.6222691135E-05
       937.7516407116      -13.1261213000       -2.6619864681    9.5020231076E-04    9.1847713302E-04    3.1725177743E-05
       939.2516407116      -11.6261213000       -2.5869807434    9.0436238082E-04    8.6774907809E-04    3.6613302738E-05
       940.7516407116      -10.1261213000       -2.5097344036    8.8924960736E-04    8.4893852877E-04    4.0311078588E-05
       942.2516406916       -8.6261213200       -2.4300337831    8.9882956581E-04    8.5631731536E-04    4.2512250449E-05
       943.7516406916       -7.1261213200       -2.3476289309    9.2792522778E-04    8.8608059641E-04    4.1844631374E-05
       944.7516406916       -6.1261213200       -2.2910462501    9.5592359178E-04    9.1696576575E-04    3.8957826029E-05
       945.2516406916       -5.6261213200       -2.2622244436    9.7209527291E-04    9.3549493347E-04    3.6600339441E-05
       964.7498407116       13.8720787000        0.0000000000    2.6106670005E-03    2.6835751860E-03   -7.2908185501E-05
       984.7516407116       33.8738787000        2.2912525851    4.7638265570E-03    4.6339494045E-03    1.2987715253E-04
      1004.7516407116       53.8738787000        3.2402475656    5.2570722393E-03    5.4082967251E-03   -1.5122448574E-04
      1024.7516407116       73.8738787000        3.9684468200    5.7715653667E-03    5.5015670431E-03    2.6999832358E-04
      1044.7516407116       93.8738787000        4.5823502143    5.2009351987E-03    5.3857721279E-03   -1.8483692928E-04
      1064.7516410116      113.8738790000        5.1232120704    5.0276481570E-03    5.1953227691E-03   -1.6767461218E-04
      1084.7516410116      133.8738790000        5.6121894435    5.2305151123E-03    4.9707371283E-03    2.5977798400E-04
