-50.2143 5.326094E-04
-50.1943 5.336059E-04
-50.1743 5.346054E-04
-50.1543 5.356078E-04
-50.1343 5.366132E-04
-50.1142 5.376217E-04
-50.0942 5.386331E-04
-50.0742 5.396476E-04
-50.0542 5.406650E-04
-50.0342 5.416856E-04
-50.0142 5.427091E-04
-49.9942 5.437358E-04
-49.9742 5.447655E-04
-49.9542 5.457983E-04
-49.9342 5.468343E-04
-49.9141 5.478733E-04
-49.8941 5.489155E-04
-49.8741 5.499609E-04
-49.8541 5.510093E-04
-49.8341 5.520610E-04
-49.8141 5.531158E-04
-49.7941 5.541739E-04
-49.7741 5.552352E-04
-49.7541 5.562997E-04
-49.7341 5.573674E-04
-49.7140 5.584383E-04
-49.6940 5.595126E-04
-49.6740 5.605900E-04
-49.6540 5.616708E-04
-49.6340 5.627549E-04
-49.6140 5.638423E-04
-49.5940 5.649331E-04
-49.5740 5.660272E-04
-49.5540 5.671246E-04
-49.5340 5.682254E-04
-49.5139 5.693296E-04
-49.4939 5.704372E-04
-49.4739 5.715483E-04
-49.4539 5.726627E-04
-49.4339 5.737806E-04
-49.4139 5.749019E-04
-49.3939 5.760268E-04
-49.3739 5.771551E-04
-49.3539 5.782869E-04
-49.3339 5.794222E-04
-49.3138 5.805611E-04
-49.2938 5.817035E-04
-49.2738 5.828494E-04
-49.2538 5.839990E-04
-49.2338 5.851521E-04
-49.2138 5.863088E-04
-49.1938 5.874692E-04
-49.1738 5.886332E-04
-49.1538 5.898008E-04
-49.1338 5.909721E-04
-49.1137 5.921471E-04
-49.0937 5.933258E-04
-49.0737 5.945082E-04
-49.0537 5.956944E-04
-49.0337 5.968843E-04
-49.0137 5.980779E-04
-48.9937 5.992754E-04
-48.9737 6.004766E-04
-48.9537 6.016816E-04
-48.9337 6.028904E-04
-48.9136 6.041031E-04
-48.8936 6.053197E-04
-48.8736 6.065401E-04
-48.8536 6.077645E-04
-48.8336 6.089927E-04
-48.8136 6.102249E-04
-48.7936 6.114610E-04
-48.7736 6.127010E-04
-48.7536 6.139451E-04
-48.7336 6.151931E-04
-48.7135 6.164452E-04
-48.6935 6.177013E-04
-48.6735 6.189614E-04
-48.6535 6.202256E-04
-48.6335 6.214939E-04
-48.6135 6.227663E-04
-48.5935 6.240428E-04
-48.5735 6.253234E-04
-48.5535 6.266082E-04
-48.5335 6.278971E-04
-48.5134 6.291903E-04
-48.4934 6.304877E-04
-48.4734 6.317893E-04
-48.4534 6.330951E-04
-48.4334 6.344052E-04
-48.4134 6.357196E-04
-48.3934 6.370383E-04
-48.3734 6.383613E-04
-48.3534 6.396887E-04
-48.3334 6.410204E-04
-48.3133 6.423565E-04
-48.2933 6.436970E-04
-48.2733 6.450419E-04
-48.2533 6.463913E-04
-48.2333 6.477451E-04
-48.2133 6.491034E-04
-48.1933 6.504661E-04
-48.1733 6.518335E-04
-48.1533 6.532053E-04
-48.1333 6.545817E-04
-48.1132 6.559627E-04
-48.0932 6.573483E-04
-48.0732 6.587385E-04
-48.0532 6.601333E-04
-48.0332 6.615329E-04
-48.0132 6.629371E-04
-47.9932 6.643459E-04
-47.9732 6.657596E-04
-47.9532 6.671780E-04
-47.9332 6.686011E-04
-47.9131 6.700291E-04
-47.8931 6.714618E-04
-47.8731 6.728994E-04
-47.8531 6.743419E-04
-47.8331 6.757892E-04
-47.8131 6.772414E-04
-47.7931 6.786985E-04
-47.7731 6.801606E-04
-47.7531 6.816276E-04
-47.7331 6.830998E-04
-47.7130 6.845768E-04
-47.6930 6.860589E-04
-47.6730 6.875461E-04
-47.6530 6.890383E-04
-47.6330 6.905357E-04
-47.6130 6.920381E-04
-47.5930 6.935458E-04
-47.5730 6.950586E-04
-47.5530 6.965766E-04
-47.5330 6.980998E-04
-47.5129 6.996283E-04
-47.4929 7.011621E-04
-47.4729 7.027012E-04
-47.4529 7.042456E-04
-47.4329 7.057953E-04
-47.4129 7.073504E-04
-47.3929 7.089109E-04
-47.3729 7.104769E-04
-47.3529 7.120483E-04
-47.3329 7.136252E-04
-47.3128 7.152075E-04
-47.2928 7.167954E-04
-47.2728 7.183889E-04
-47.2528 7.199879E-04
-47.2328 7.215926E-04
-47.2128 7.232028E-04
-47.1928 7.248188E-04
-47.1728 7.264404E-04
-47.1528 7.280677E-04
-47.1328 7.297007E-04
-47.1127 7.313396E-04
-47.0927 7.329842E-04
-47.0727 7.346347E-04
-47.0527 7.362910E-04
-47.0327 7.379532E-04
-47.0127 7.396213E-04
-46.9927 7.412953E-04
-46.9727 7.429753E-04
-46.9527 7.446613E-04
-46.9327 7.463533E-04
-46.9126 7.480514E-04
-46.8926 7.497555E-04
-46.8726 7.514657E-04
-46.8526 7.531821E-04
-46.8326 7.549047E-04
-46.8126 7.566334E-04
-46.7926 7.583684E-04
-46.7726 7.601097E-04
-46.7526 7.618572E-04
-46.7326 7.636110E-04
-46.7125 7.653712E-04
-46.6925 7.671378E-04
-46.6725 7.689108E-04
-46.6525 7.706902E-04
-46.6325 7.724762E-04
-46.6125 7.742686E-04
-46.5925 7.760675E-04
-46.5725 7.778730E-04
-46.5525 7.796851E-04
-46.5325 7.815039E-04
-46.5124 7.833294E-04
-46.4924 7.851615E-04
-46.4724 7.870004E-04
-46.4524 7.888460E-04
-46.4324 7.906985E-04
-46.4124 7.925578E-04
-46.3924 7.944239E-04
-46.3724 7.962970E-04
-46.3524 7.981770E-04
-46.3324 8.000639E-04
-46.3123 8.019579E-04
-46.2923 8.038590E-04
-46.2723 8.057671E-04
-46.2523 8.076823E-04
-46.2323 8.096047E-04
-46.2123 8.115342E-04
-46.1923 8.134710E-04
-46.1723 8.154150E-04
-46.1523 8.173663E-04
-46.1323 8.193250E-04
-46.1122 8.212910E-04
-46.0922 8.232645E-04
-46.0722 8.252454E-04
-46.0522 8.272337E-04
-46.0322 8.292296E-04
-46.0122 8.312331E-04
-45.9922 8.332441E-04
-45.9722 8.352628E-04
-45.9522 8.372893E-04
-45.9322 8.393233E-04
-45.9121 8.413652E-04
-45.8921 8.434148E-04
-45.8721 8.454722E-04
-45.8521 8.475376E-04
-45.8321 8.496108E-04
-45.8121 8.516920E-04
-45.7921 8.537812E-04
-45.7721 8.558784E-04
-45.7521 8.579837E-04
-45.7321 8.600972E-04
-45.7120 8.622188E-04
-45.6920 8.643486E-04
-45.6720 8.664866E-04
-45.6520 8.686330E-04
-45.6320 8.707877E-04
-45.6120 8.729508E-04
-45.5920 8.751222E-04
-45.5720 8.773022E-04
-45.5520 8.794907E-04
-45.5320 8.816877E-04
-45.5119 8.838933E-04
-45.4919 8.861076E-04
-45.4719 8.883306E-04
-45.4519 8.905623E-04
-45.4319 8.928028E-04
-45.4119 8.950521E-04
-45.3919 8.973103E-04
-45.3719 8.995775E-04
-45.3519 9.018536E-04
-45.3319 9.041387E-04
-45.3118 9.064329E-04
-45.2918 9.087362E-04
-45.2718 9.110487E-04
-45.2518 9.133704E-04
-45.2318 9.157014E-04
-45.2118 9.180417E-04
-45.1918 9.203913E-04
-45.1718 9.227504E-04
-45.1518 9.251189E-04
-45.1318 9.274970E-04
-45.1117 9.298846E-04
-45.0917 9.322819E-04
-45.0717 9.346888E-04
-45.0517 9.371054E-04
-45.0317 9.395319E-04
-45.0117 9.419681E-04
-44.9917 9.444143E-04
-44.9717 9.468704E-04
-44.9517 9.493364E-04
-44.9317 9.518126E-04
-44.9116 9.542988E-04
-44.8916 9.567952E-04
-44.8716 9.593018E-04
-44.8516 9.618187E-04
-44.8316 9.643459E-04
-44.8116 9.668835E-04
-44.7916 9.694316E-04
-44.7716 9.719901E-04
-44.7516 9.745592E-04
-44.7316 9.771389E-04
-44.7115 9.797293E-04
-44.6915 9.823305E-04
-44.6715 9.849424E-04
-44.6515 9.875652E-04
-44.6315 9.901989E-04
-44.6115 9.928436E-04
-44.5915 9.954994E-04
-44.5715 9.981662E-04
-44.5515 1.000844E-03
-44.5315 1.003533E-03
-44.5114 1.006234E-03
-44.4914 1.008946E-03
-44.4714 1.011669E-03
-44.4514 1.014404E-03
-44.4314 1.017150E-03
-44.4114 1.019908E-03
-44.3914 1.022678E-03
-44.3714 1.025459E-03
-44.3514 1.028252E-03
-44.3314 1.031058E-03
-44.3113 1.033875E-03
-44.2913 1.036704E-03
-44.2713 1.039545E-03
-44.2513 1.042398E-03
-44.2313 1.045264E-03
-44.2113 1.048141E-03
-44.1913 1.051032E-03
-44.1713 1.053934E-03
-44.1513 1.056849E-03
-44.1313 1.059777E-03
-44.1112 1.062718E-03
-44.0912 1.065671E-03
-44.0712 1.068637E-03
-44.0512 1.071615E-03
-44.0312 1.074607E-03
-44.0112 1.077612E-03
-43.9912 1.080630E-03
-43.9712 1.083661E-03
-43.9512 1.086705E-03
-43.9312 1.089763E-03
-43.9111 1.092834E-03
-43.8911 1.095919E-03
-43.8711 1.099017E-03
-43.8511 1.102129E-03
-43.8311 1.105254E-03
-43.8111 1.108394E-03
-43.7911 1.111547E-03
-43.7711 1.114714E-03
-43.7511 1.117896E-03
-43.7311 1.121091E-03
-43.7110 1.124301E-03
-43.6910 1.127525E-03
-43.6710 1.130764E-03
-43.6510 1.134017E-03
-43.6310 1.137284E-03
-43.6110 1.140567E-03
-43.5910 1.143864E-03
-43.5710 1.147176E-03
-43.5510 1.150503E-03
-43.5310 1.153845E-03
-43.5109 1.157202E-03
-43.4909 1.160574E-03
-43.4709 1.163961E-03
-43.4509 1.167364E-03
-43.4309 1.170783E-03
-43.4109 1.174217E-03
-43.3909 1.177666E-03
-43.3709 1.181132E-03
-43.3509 1.184613E-03
-43.3309 1.188111E-03
-43.3108 1.191624E-03
-43.2908 1.195154E-03
-43.2708 1.198700E-03
-43.2508 1.202262E-03
-43.2308 1.205841E-03
-43.2108 1.209436E-03
-43.1908 1.213048E-03
-43.1708 1.216677E-03
-43.1508 1.220322E-03
-43.1308 1.223985E-03
-43.1107 1.227665E-03
-43.0907 1.231362E-03
-43.0707 1.235076E-03
-43.0507 1.238808E-03
-43.0307 1.242557E-03
-43.0107 1.246324E-03
-42.9907 1.250109E-03
-42.9707 1.253911E-03
-42.9507 1.257732E-03
-42.9307 1.261571E-03
-42.9106 1.265428E-03
-42.8906 1.269303E-03
-42.8706 1.273197E-03
-42.8506 1.277109E-03
-42.8306 1.281040E-03
-42.8106 1.284990E-03
-42.7906 1.288958E-03
-42.7706 1.292946E-03
-42.7506 1.296953E-03
-42.7306 1.300979E-03
-42.7105 1.305025E-03
-42.6905 1.309090E-03
-42.6705 1.313175E-03
-42.6505 1.317280E-03
-42.6305 1.321404E-03
-42.6105 1.325549E-03
-42.5905 1.329714E-03
-42.5705 1.333899E-03
-42.5505 1.338105E-03
-42.5305 1.342331E-03
-42.5104 1.346578E-03
-42.4904 1.350846E-03
-42.4704 1.355135E-03
-42.4504 1.359445E-03
-42.4304 1.363776E-03
-42.4104 1.368129E-03
-42.3904 1.372503E-03
-42.3704 1.376899E-03
-42.3504 1.381317E-03
-42.3304 1.385757E-03
-42.3103 1.390219E-03
-42.2903 1.394704E-03
-42.2703 1.399210E-03
-42.2503 1.403740E-03
-42.2303 1.408292E-03
-42.2103 1.412867E-03
-42.1903 1.417465E-03
-42.1703 1.422086E-03
-42.1503 1.426731E-03
-42.1303 1.431399E-03
-42.1102 1.436091E-03
-42.0902 1.440807E-03
-42.0702 1.445547E-03
-42.0502 1.450311E-03
-42.0302 1.455099E-03
-42.0102 1.459912E-03
-41.9902 1.464750E-03
-41.9702 1.469612E-03
-41.9502 1.474500E-03
-41.9302 1.479412E-03
-41.9101 1.484350E-03
-41.8901 1.489314E-03
-41.8701 1.494303E-03
-41.8501 1.499318E-03
-41.8301 1.504359E-03
-41.8101 1.509427E-03
-41.7901 1.514521E-03
-41.7701 1.519642E-03
-41.7501 1.524789E-03
-41.7301 1.529964E-03
-41.7100 1.535165E-03
-41.6900 1.540394E-03
-41.6700 1.545651E-03
-41.6500 1.550936E-03
-41.6300 1.556248E-03
-41.6100 1.561589E-03
-41.5900 1.566958E-03
-41.5700 1.572355E-03
-41.5500 1.577782E-03
-41.5300 1.583237E-03
-41.5099 1.588722E-03
-41.4899 1.594236E-03
-41.4699 1.599780E-03
-41.4499 1.605353E-03
-41.4299 1.610957E-03
-41.4099 1.616590E-03
-41.3899 1.622255E-03
-41.3699 1.627950E-03
-41.3499 1.633676E-03
-41.3299 1.639433E-03
-41.3098 1.645222E-03
-41.2898 1.651042E-03
-41.2698 1.656894E-03
-41.2498 1.662778E-03
-41.2298 1.668694E-03
-41.2098 1.674643E-03
-41.1898 1.680625E-03
-41.1698 1.686640E-03
-41.1498 1.692688E-03
-41.1298 1.698770E-03
-41.1097 1.704885E-03
-41.0897 1.711035E-03
-41.0697 1.717219E-03
-41.0497 1.723437E-03
-41.0297 1.729690E-03
-41.0097 1.735979E-03
-40.9897 1.742302E-03
-40.9697 1.748661E-03
-40.9497 1.755057E-03
-40.9297 1.761488E-03
-40.9096 1.767955E-03
-40.8896 1.774460E-03
-40.8696 1.781001E-03
-40.8496 1.787580E-03
-40.8296 1.794196E-03
-40.8096 1.800850E-03
-40.7896 1.807542E-03
-40.7696 1.814273E-03
-40.7496 1.821042E-03
-40.7296 1.827850E-03
-40.7095 1.834698E-03
-40.6895 1.841585E-03
-40.6695 1.848512E-03
-40.6495 1.855479E-03
-40.6295 1.862487E-03
-40.6095 1.869536E-03
-40.5895 1.876626E-03
-40.5695 1.883757E-03
-40.5495 1.890931E-03
-40.5295 1.898146E-03
-40.5094 1.905404E-03
-40.4894 1.912705E-03
-40.4694 1.920049E-03
-40.4494 1.927436E-03
-40.4294 1.934868E-03
-40.4094 1.942343E-03
-40.3894 1.949864E-03
-40.3694 1.957429E-03
-40.3494 1.965039E-03
-40.3294 1.972695E-03
-40.3093 1.980397E-03
-40.2893 1.988145E-03
-40.2693 1.995940E-03
-40.2493 2.003783E-03
-40.2293 2.011672E-03
-40.2093 2.019610E-03
-40.1893 2.027596E-03
-40.1693 2.035631E-03
-40.1493 2.043715E-03
-40.1293 2.051848E-03
-40.1092 2.060031E-03
-40.0892 2.068265E-03
-40.0692 2.076549E-03
-40.0492 2.084884E-03
-40.0292 2.093271E-03
-40.0092 2.101710E-03
-39.9892 2.110202E-03
-39.9692 2.118746E-03
-39.9492 2.127343E-03
-39.9292 2.135995E-03
-39.9091 2.144700E-03
-39.8891 2.153460E-03
-39.8691 2.162276E-03
-39.8491 2.171146E-03
-39.8291 2.180073E-03
-39.8091 2.189057E-03
-39.7891 2.198097E-03
-39.7691 2.207195E-03
-39.7491 2.216351E-03
-39.7291 2.225566E-03
-39.7090 2.234839E-03
-39.6890 2.244172E-03
-39.6690 2.253565E-03
-39.6490 2.263018E-03
-39.6290 2.272533E-03
-39.6090 2.282109E-03
-39.5890 2.291747E-03
-39.5690 2.301448E-03
-39.5490 2.311212E-03
-39.5290 2.321040E-03
-39.5089 2.330932E-03
-39.4889 2.340889E-03
-39.4689 2.350911E-03
-39.4489 2.361000E-03
-39.4289 2.371155E-03
-39.4089 2.381377E-03
-39.3889 2.391667E-03
-39.3689 2.402025E-03
-39.3489 2.412453E-03
-39.3289 2.422950E-03
-39.3088 2.433517E-03
-39.2888 2.444155E-03
-39.2688 2.454865E-03
-39.2488 2.465647E-03
-39.2288 2.476501E-03
-39.2088 2.487429E-03
-39.1888 2.498431E-03
-39.1688 2.509508E-03
-39.1488 2.520661E-03
-39.1288 2.531890E-03
-39.1087 2.543195E-03
-39.0887 2.554578E-03
-39.0687 2.566040E-03
-39.0487 2.577580E-03
-39.0287 2.589201E-03
-39.0087 2.600901E-03
-38.9887 2.612683E-03
-38.9687 2.624547E-03
-38.9487 2.636494E-03
-38.9287 2.648524E-03
-38.9086 2.660639E-03
-38.8886 2.672838E-03
-38.8686 2.685124E-03
-38.8486 2.697496E-03
-38.8286 2.709956E-03
-38.8086 2.722504E-03
-38.7886 2.735142E-03
-38.7686 2.747869E-03
-38.7486 2.760688E-03
-38.7286 2.773598E-03
-38.7085 2.786601E-03
-38.6885 2.799698E-03
-38.6685 2.812889E-03
-38.6485 2.826175E-03
-38.6285 2.839558E-03
-38.6085 2.853038E-03
-38.5885 2.866616E-03
-38.5685 2.880294E-03
-38.5485 2.894071E-03
-38.5285 2.907949E-03
-38.5084 2.921930E-03
-38.4884 2.936014E-03
-38.4684 2.950202E-03
-38.4484 2.964495E-03
-38.4284 2.978894E-03
-38.4084 2.993401E-03
-38.3884 3.008016E-03
-38.3684 3.022740E-03
-38.3484 3.037575E-03
-38.3284 3.052522E-03
-38.3083 3.067581E-03
-38.2883 3.082754E-03
-38.2683 3.098043E-03
-38.2483 3.113447E-03
-38.2283 3.128969E-03
-38.2083 3.144610E-03
-38.1883 3.160371E-03
-38.1683 3.176252E-03
-38.1483 3.192256E-03
-38.1283 3.208384E-03
-38.1082 3.224636E-03
-38.0882 3.241015E-03
-38.0682 3.257520E-03
-38.0482 3.274155E-03
-38.0282 3.290920E-03
-38.0082 3.307816E-03
-37.9882 3.324846E-03
-37.9682 3.342009E-03
-37.9482 3.359309E-03
-37.9282 3.376745E-03
-37.9081 3.394320E-03
-37.8881 3.412035E-03
-37.8681 3.429892E-03
-37.8481 3.447892E-03
-37.8281 3.466037E-03
-37.8081 3.484327E-03
-37.7881 3.502766E-03
-37.7681 3.521354E-03
-37.7481 3.540093E-03
-37.7281 3.558984E-03
-37.7080 3.578030E-03
-37.6880 3.597232E-03
-37.6680 3.616592E-03
-37.6480 3.636111E-03
-37.6280 3.655791E-03
-37.6080 3.675634E-03
-37.5880 3.695642E-03
-37.5680 3.715817E-03
-37.5480 3.736161E-03
-37.5280 3.756674E-03
-37.5079 3.777360E-03
-37.4879 3.798221E-03
-37.4679 3.819257E-03
-37.4479 3.840472E-03
-37.4279 3.861867E-03
-37.4079 3.883444E-03
-37.3879 3.905206E-03
-37.3679 3.927154E-03
-37.3479 3.949291E-03
-37.3279 3.971619E-03
-37.3078 3.994140E-03
-37.2878 4.016856E-03
-37.2678 4.039769E-03
-37.2478 4.062883E-03
-37.2278 4.086198E-03
-37.2078 4.109718E-03
-37.1878 4.133445E-03
-37.1678 4.157381E-03
-37.1478 4.181530E-03
-37.1278 4.205892E-03
-37.1077 4.230472E-03
-37.0877 4.255271E-03
-37.0677 4.280292E-03
-37.0477 4.305538E-03
-37.0277 4.331012E-03
-37.0077 4.356716E-03
-36.9877 4.382653E-03
-36.9677 4.408825E-03
-36.9477 4.435237E-03
-36.9277 4.461890E-03
-36.9076 4.488788E-03
-36.8876 4.515934E-03
-36.8676 4.543330E-03
-36.8476 4.570981E-03
-36.8276 4.598888E-03
-36.8076 4.627056E-03
-36.7876 4.655487E-03
-36.7676 4.684184E-03
-36.7476 4.713152E-03
-36.7276 4.742393E-03
-36.7075 4.771912E-03
-36.6875 4.801711E-03
-36.6675 4.831794E-03
-36.6475 4.862164E-03
-36.6275 4.892826E-03
-36.6075 4.923783E-03
-36.5875 4.955040E-03
-36.5675 4.986599E-03
-36.5475 5.018465E-03
-36.5275 5.050641E-03
-36.5074 5.083133E-03
-36.4874 5.115943E-03
-36.4674 5.149077E-03
-36.4474 5.182538E-03
-36.4274 5.216330E-03
-36.4074 5.250459E-03
-36.3874 5.284929E-03
-36.3674 5.319744E-03
-36.3474 5.354909E-03
-36.3274 5.390428E-03
-36.3073 5.426306E-03
-36.2873 5.462549E-03
-36.2673 5.499161E-03
-36.2473 5.536148E-03
-36.2273 5.573514E-03
-36.2073 5.611264E-03
-36.1873 5.649405E-03
-36.1673 5.687940E-03
-36.1473 5.726877E-03
-36.1273 5.766220E-03
-36.1072 5.805975E-03
-36.0872 5.846148E-03
-36.0672 5.886745E-03
-36.0472 5.927771E-03
-36.0272 5.969233E-03
-36.0072 6.011137E-03
-35.9872 6.053490E-03
-35.9672 6.096298E-03
-35.9472 6.139567E-03
-35.9272 6.183304E-03
-35.9071 6.227516E-03
-35.8871 6.272210E-03
-35.8671 6.317393E-03
-35.8471 6.363072E-03
-35.8271 6.409254E-03
-35.8071 6.455947E-03
-35.7871 6.503158E-03
-35.7671 6.550895E-03
-35.7471 6.599166E-03
-35.7271 6.647979E-03
-35.7070 6.697342E-03
-35.6870 6.747263E-03
-35.6670 6.797752E-03
-35.6470 6.848816E-03
-35.6270 6.900464E-03
-35.6070 6.952706E-03
-35.5870 7.005549E-03
-35.5670 7.059005E-03
-35.5470 7.113082E-03
-35.5270 7.167790E-03
-35.5069 7.223139E-03
-35.4869 7.279138E-03
-35.4669 7.335799E-03
-35.4469 7.393131E-03
-35.4269 7.451146E-03
-35.4069 7.509854E-03
-35.3869 7.569266E-03
-35.3669 7.629394E-03
-35.3469 7.690249E-03
-35.3269 7.751843E-03
-35.3068 7.814188E-03
-35.2868 7.877297E-03
-35.2668 7.941182E-03
-35.2468 8.005855E-03
-35.2268 8.071330E-03
-35.2068 8.137621E-03
-35.1868 8.204740E-03
-35.1668 8.272702E-03
-35.1468 8.341520E-03
-35.1268 8.411210E-03
-35.1067 8.481786E-03
-35.0867 8.553264E-03
-35.0667 8.625658E-03
-35.0467 8.698985E-03
-35.0267 8.773261E-03
-35.0067 8.848501E-03
-34.9867 8.924724E-03
-34.9667 9.001946E-03
-34.9467 9.080184E-03
-34.9267 9.159458E-03
-34.9066 9.239785E-03
-34.8866 9.321184E-03
-34.8666 9.403673E-03
-34.8466 9.487274E-03
-34.8266 9.572005E-03
-34.8066 9.657888E-03
-34.7866 9.744943E-03
-34.7666 9.833192E-03
-34.7466 9.922657E-03
-34.7266 1.001336E-02
-34.7065 1.010533E-02
-34.6865 1.019858E-02
-34.6665 1.029313E-02
-34.6465 1.038903E-02
-34.6265 1.048628E-02
-34.6065 1.058492E-02
-34.5865 1.068497E-02
-34.5665 1.078645E-02
-34.5465 1.088941E-02
-34.5265 1.099385E-02
-34.5064 1.109983E-02
-34.4864 1.120735E-02
-34.4664 1.131646E-02
-34.4464 1.142719E-02
-34.4264 1.153956E-02
-34.4064 1.165362E-02
-34.3864 1.176939E-02
-34.3664 1.188691E-02
-34.3464 1.200621E-02
-34.3264 1.212734E-02
-34.3063 1.225033E-02
-34.2863 1.237521E-02
-34.2663 1.250203E-02
-34.2463 1.263082E-02
-34.2263 1.276164E-02
-34.2063 1.289451E-02
-34.1863 1.302949E-02
-34.1663 1.316662E-02
-34.1463 1.330594E-02
-34.1263 1.344751E-02
-34.1062 1.359137E-02
-34.0862 1.373757E-02
-34.0662 1.388616E-02
-34.0462 1.403719E-02
-34.0262 1.419073E-02
-34.0062 1.434682E-02
-33.9862 1.450552E-02
-33.9662 1.466689E-02
-33.9462 1.483099E-02
-33.9262 1.499789E-02
-33.9061 1.516764E-02
-33.8861 1.534031E-02
-33.8661 1.551598E-02
-33.8461 1.569471E-02
-33.8261 1.587657E-02
-33.8061 1.606163E-02
-33.7861 1.624998E-02
-33.7661 1.644169E-02
-33.7461 1.663684E-02
-33.7261 1.683551E-02
-33.7060 1.703780E-02
-33.6860 1.724378E-02
-33.6660 1.745355E-02
-33.6460 1.766721E-02
-33.6260 1.788484E-02
-33.6060 1.810656E-02
-33.5860 1.833246E-02
-33.5660 1.856265E-02
-33.5460 1.879723E-02
-33.5260 1.903633E-02
-33.5059 1.928006E-02
-33.4859 1.952854E-02
-33.4659 1.978190E-02
-33.4459 2.004026E-02
-33.4259 2.030376E-02
-33.4059 2.057253E-02
-33.3859 2.084672E-02
-33.3659 2.112647E-02
-33.3459 2.141194E-02
-33.3259 2.170329E-02
-33.3058 2.200067E-02
-33.2858 2.230426E-02
-33.2658 2.261423E-02
-33.2458 2.293076E-02
-33.2258 2.325404E-02
-33.2058 2.358427E-02
-33.1858 2.392164E-02
-33.1658 2.426636E-02
-33.1458 2.461866E-02
-33.1258 2.497875E-02
-33.1057 2.534686E-02
-33.0857 2.572325E-02
-33.0657 2.610815E-02
-33.0457 2.650184E-02
-33.0257 2.690457E-02
-33.0057 2.731664E-02
-32.9857 2.773834E-02
-32.9657 2.816996E-02
-32.9457 2.861182E-02
-32.9257 2.906426E-02
-32.9056 2.952762E-02
-32.8856 3.000224E-02
-32.8656 3.048851E-02
-32.8456 3.098681E-02
-32.8256 3.149753E-02
-32.8056 3.202111E-02
-32.7856 3.255798E-02
-32.7656 3.310859E-02
-32.7456 3.367342E-02
-32.7256 3.425298E-02
-32.7055 3.484777E-02
-32.6855 3.545834E-02
-32.6655 3.608527E-02
-32.6455 3.672913E-02
-32.6255 3.739056E-02
-32.6055 3.807020E-02
-32.5855 3.876873E-02
-32.5655 3.948687E-02
-32.5455 4.022536E-02
-32.5255 4.098499E-02
-32.5054 4.176657E-02
-32.4854 4.257097E-02
-32.4654 4.339909E-02
-32.4454 4.425188E-02
-32.4254 4.513034E-02
-32.4054 4.603553E-02
-32.3854 4.696854E-02
-32.3654 4.793055E-02
-32.3454 4.892277E-02
-32.3254 4.994649E-02
-32.3053 5.100310E-02
-32.2853 5.209400E-02
-32.2653 5.322073E-02
-32.2453 5.438488E-02
-32.2253 5.558816E-02
-32.2053 5.683236E-02
-32.1853 5.811936E-02
-32.1653 5.945119E-02
-32.1453 6.082998E-02
-32.1253 6.225798E-02
-32.1052 6.373760E-02
-32.0852 6.527138E-02
-32.0652 6.686205E-02
-32.0452 6.851247E-02
-32.0252 7.022575E-02
-32.0052 7.200514E-02
-31.9852 7.385413E-02
-31.9652 7.577647E-02
-31.9452 7.777614E-02
-31.9252 7.985742E-02
-31.9051 8.202488E-02
-31.8851 8.428343E-02
-31.8651 8.663832E-02
-31.8451 8.909522E-02
-31.8251 9.166021E-02
-31.8051 9.433984E-02
-31.7851 9.714115E-02
-31.7651 1.000718E-01
-31.7451 1.031401E-01
-31.7251 1.063548E-01
-31.7050 1.097258E-01
-31.6850 1.132634E-01
-31.6650 1.169792E-01
-31.6450 1.208854E-01
-31.6250 1.249959E-01
-31.6050 1.293253E-01
-31.5850 1.338900E-01
-31.5650 1.387076E-01
-31.5450 1.437978E-01
-31.5250 1.491822E-01
-31.5049 1.548845E-01
-31.4849 1.609309E-01
-31.4649 1.673508E-01
-31.4449 1.741765E-01
-31.4249 1.814441E-01
-31.4049 1.891939E-01
-31.3849 1.974711E-01
-31.3649 2.063268E-01
-31.3449 2.158181E-01
-31.3249 2.260099E-01
-31.3048 2.369762E-01
-31.2848 2.488009E-01
-31.2648 2.615805E-01
-31.2448 2.754258E-01
-31.2248 2.904652E-01
-31.2048 3.068475E-01
-31.1848 3.247473E-01
-31.1648 3.443698E-01
-31.1448 3.659579E-01
-31.1248 3.898019E-01
-31.1047 4.162515E-01
-31.0847 4.457301E-01
-31.0647 4.787588E-01
-31.0447 5.159829E-01
-31.0247 5.582145E-01
-31.0047 6.064879E-01
-30.9847 6.621432E-01
-30.9647 7.269500E-01
-30.9447 8.032876E-01
-30.9247 8.944430E-01
-30.9046 1.005059E+00
-30.8846 1.141887E+00
-30.8646 1.314978E+00
-30.8446 1.539473E+00
-30.8246 1.837557E+00
-30.8046 2.236936E+00
-30.7846 2.752540E+00
-30.7646 3.339605E+00
-30.7446 3.914175E+00
-30.7246 4.537132E+00
-30.7045 5.361128E+00
-30.6845 6.343170E+00
-30.6645 7.285141E+00
-30.6445 8.116651E+00
-30.6245 8.998026E+00
-30.6045 1.028522E+01
-30.5845 1.202404E+01
-30.5645 1.359792E+01
-30.5445 1.425062E+01
-30.5245 1.409834E+01
-30.5044 1.396801E+01
-30.4844 1.410375E+01
-30.4644 1.391943E+01
-30.4444 1.315040E+01
-30.4244 1.213064E+01
-30.4044 1.117917E+01
-30.3844 1.060434E+01
-30.3644 1.058858E+01
-30.3444 1.107341E+01
-30.3244 1.175894E+01
-30.3043 1.229211E+01
-30.2843 1.269036E+01
-30.2643 1.326962E+01
-30.2443 1.405183E+01
-30.2243 1.459984E+01
-30.2043 1.446246E+01
-30.1843 1.362941E+01
-30.1643 1.267373E+01
-30.1443 1.206244E+01
-30.1243 1.185002E+01
-30.1042 1.188270E+01
-30.0842 1.176649E+01
-30.0642 1.111345E+01
-30.0442 9.830470E+00
-30.0242 8.041114E+00
-30.0042 6.207301E+00
-29.9842 4.731463E+00
-29.9642 3.666636E+00
-29.9442 2.914989E+00
-29.9242 2.376417E+00
-29.9041 1.980282E+00
-29.8841 1.680822E+00
-29.8641 1.448682E+00
-29.8441 1.264702E+00
-29.8241 1.116071E+00
-29.8041 9.939935E-01
-29.7841 8.922806E-01
-29.7641 8.064744E-01
-29.7441 7.332947E-01
-29.7241 6.702833E-01
-29.7040 6.155644E-01
-29.6840 5.676866E-01
-29.6640 5.255104E-01
-29.6440 4.881294E-01
-29.6240 4.548153E-01
-29.6040 4.249764E-01
-29.5840 3.981277E-01
-29.5640 3.738681E-01
-29.5440 3.518634E-01
-29.5240 3.318326E-01
-29.5039 3.135385E-01
-29.4839 2.967797E-01
-29.4639 2.813833E-01
-29.4439 2.672011E-01
-29.4239 2.541046E-01
-29.4039 2.419826E-01
-29.3839 2.307381E-01
-29.3639 2.202858E-01
-29.3439 2.105511E-01
-29.3239 2.014681E-01
-29.3038 1.929783E-01
-29.2838 1.850299E-01
-29.2638 1.775767E-01
-29.2438 1.705774E-01
-29.2238 1.639951E-01
-29.2038 1.577965E-01
-29.1838 1.519517E-01
-29.1638 1.464338E-01
-29.1438 1.412183E-01
-29.1238 1.362830E-01
-29.1037 1.316079E-01
-29.0837 1.271746E-01
-29.0637 1.229664E-01
-29.0437 1.189681E-01
-29.0237 1.151656E-01
-29.0037 1.115463E-01
-28.9837 1.080982E-01
-28.9637 1.048107E-01
-28.9437 1.016736E-01
-28.9237 9.867793E-02
-28.9036 9.581505E-02
-28.8836 9.307715E-02
-28.8636 9.045696E-02
-28.8436 8.794773E-02
-28.8236 8.554318E-02
-28.8036 8.323750E-02
-28.7836 8.102526E-02
-28.7636 7.890143E-02
-28.7436 7.686129E-02
-28.7236 7.490045E-02
-28.7035 7.301480E-02
-28.6835 7.120050E-02
-28.6635 6.945396E-02
-28.6435 6.777178E-02
-28.6235 6.615084E-02
-28.6035 6.458816E-02
-28.5835 6.308094E-02
-28.5635 6.162656E-02
-28.5435 6.022257E-02
-28.5235 5.886663E-02
-28.5034 5.755655E-02
-28.4834 5.629025E-02
-28.4634 5.506582E-02
-28.4434 5.388141E-02
-28.4234 5.273527E-02
-28.4034 5.162575E-02
-28.3834 5.055128E-02
-28.3634 4.951041E-02
-28.3434 4.850173E-02
-28.3234 4.752391E-02
-28.3033 4.657571E-02
-28.2833 4.565591E-02
-28.2633 4.476342E-02
-28.2433 4.389713E-02
-28.2233 4.305603E-02
-28.2033 4.223914E-02
-28.1833 4.144554E-02
-28.1633 4.067433E-02
-28.1433 3.992468E-02
-28.1233 3.919579E-02
-28.1032 3.848690E-02
-28.0832 3.779727E-02
-28.0632 3.712621E-02
-28.0432 3.647305E-02
-28.0232 3.583716E-02
-28.0032 3.521792E-02
-27.9832 3.461477E-02
-27.9632 3.402715E-02
-27.9432 3.345452E-02
-27.9232 3.289638E-02
-27.9031 3.235223E-02
-27.8831 3.182161E-02
-27.8631 3.130408E-02
-27.8431 3.079920E-02
-27.8231 3.030656E-02
-27.8031 2.982577E-02
-27.7831 2.935645E-02
-27.7631 2.889824E-02
-27.7431 2.845079E-02
-27.7231 2.801376E-02
-27.7030 2.758682E-02
-27.6830 2.716968E-02
-27.6630 2.676202E-02
-27.6430 2.636358E-02
-27.6230 2.597405E-02
-27.6030 2.559319E-02
-27.5830 2.522073E-02
-27.5630 2.485643E-02
-27.5430 2.450005E-02
-27.5230 2.415136E-02
-27.5029 2.381015E-02
-27.4829 2.347620E-02
-27.4629 2.314929E-02
-27.4429 2.282925E-02
-27.4229 2.251587E-02
-27.4029 2.220896E-02
-27.3829 2.190836E-02
-27.3629 2.161390E-02
-27.3429 2.132539E-02
-27.3229 2.104269E-02
-27.3028 2.076564E-02
-27.2828 2.049408E-02
-27.2628 2.022789E-02
-27.2428 1.996690E-02
-27.2228 1.971099E-02
-27.2028 1.946003E-02
-27.1828 1.921389E-02
-27.1628 1.897244E-02
-27.1428 1.873557E-02
-27.1228 1.850316E-02
-27.1027 1.827511E-02
-27.0827 1.805129E-02
-27.0627 1.783162E-02
-27.0427 1.761598E-02
-27.0227 1.740427E-02
-27.0027 1.719641E-02
-26.9827 1.699230E-02
-26.9627 1.679185E-02
-26.9427 1.659497E-02
-26.9227 1.640158E-02
-26.9026 1.621160E-02
-26.8826 1.602494E-02
-26.8626 1.584153E-02
-26.8426 1.566129E-02
-26.8226 1.548416E-02
-26.8026 1.531005E-02
-26.7826 1.513891E-02
-26.7626 1.497066E-02
-26.7426 1.480524E-02
-26.7226 1.464259E-02
-26.7025 1.448264E-02
-26.6825 1.432533E-02
-26.6625 1.417062E-02
-26.6425 1.401843E-02
-26.6225 1.386872E-02
-26.6025 1.372143E-02
-26.5825 1.357651E-02
-26.5625 1.343391E-02
-26.5425 1.329358E-02
-26.5225 1.315548E-02
-26.5024 1.301955E-02
-26.4824 1.288575E-02
-26.4624 1.275403E-02
-26.4424 1.262436E-02
-26.4224 1.249669E-02
-26.4024 1.237098E-02
-26.3824 1.224718E-02
-26.3624 1.212527E-02
-26.3424 1.200520E-02
-26.3224 1.188694E-02
-26.3023 1.177045E-02
-26.2823 1.165569E-02
-26.2623 1.154263E-02
-26.2423 1.143124E-02
-26.2223 1.132149E-02
-26.2023 1.121333E-02
-26.1823 1.110675E-02
-26.1623 1.100171E-02
-26.1423 1.089818E-02
-26.1223 1.079614E-02
-26.1022 1.069555E-02
-26.0822 1.059639E-02
-26.0622 1.049862E-02
-26.0422 1.040224E-02
-26.0222 1.030720E-02
-26.0022 1.021348E-02
-25.9822 1.012107E-02
-25.9622 1.002993E-02
-25.9422 9.940036E-03
-25.9222 9.851376E-03
-25.9021 9.763923E-03
-25.8821 9.677656E-03
-25.8621 9.592552E-03
-25.8421 9.508591E-03
-25.8221 9.425753E-03
-25.8021 9.344017E-03
-25.7821 9.263365E-03
-25.7621 9.183778E-03
-25.7421 9.105237E-03
-25.7221 9.027723E-03
-25.7020 8.951219E-03
-25.6820 8.875708E-03
-25.6620 8.801171E-03
-25.6420 8.727595E-03
-25.6220 8.654959E-03
-25.6020 8.583250E-03
-25.5820 8.512451E-03
-25.5620 8.442549E-03
-25.5420 8.373527E-03
-25.5220 8.305371E-03
-25.5019 8.238065E-03
-25.4819 8.171598E-03
-25.4619 8.105954E-03
-25.4419 8.041120E-03
-25.4219 7.977082E-03
-25.4019 7.913829E-03
-25.3819 7.851348E-03
-25.3619 7.789624E-03
-25.3419 7.728648E-03
-25.3219 7.668406E-03
-25.3018 7.608887E-03
-25.2818 7.550080E-03
-25.2618 7.491972E-03
-25.2418 7.434556E-03
-25.2218 7.377816E-03
-25.2018 7.321745E-03
-25.1818 7.266330E-03
-25.1618 7.211564E-03
-25.1418 7.157435E-03
-25.1218 7.103933E-03
-25.1017 7.051049E-03
-25.0817 6.998773E-03
-25.0617 6.947097E-03
-25.0417 6.896011E-03
-25.0217 6.845507E-03
-25.0017 6.795575E-03
-24.9817 6.746207E-03
-24.9617 6.697395E-03
-24.9417 6.649131E-03
-24.9217 6.601405E-03
-24.9016 6.554211E-03
-24.8816 6.507541E-03
-24.8616 6.461387E-03
-24.8416 6.415741E-03
-24.8216 6.370595E-03
-24.8016 6.325944E-03
-24.7816 6.281780E-03
-24.7616 6.238095E-03
-24.7416 6.194883E-03
-24.7216 6.152136E-03
-24.7015 6.109850E-03
-24.6815 6.068017E-03
-24.6615 6.026630E-03
-24.6415 5.985684E-03
-24.6215 5.945172E-03
-24.6015 5.905087E-03
-24.5815 5.865425E-03
-24.5615 5.826181E-03
-24.5415 5.787346E-03
-24.5215 5.748916E-03
-24.5014 5.710886E-03
-24.4814 5.673250E-03
-24.4614 5.636003E-03
-24.4414 5.599139E-03
-24.4214 5.562653E-03
-24.4014 5.526540E-03
-24.3814 5.490796E-03
-24.3614 5.455415E-03
-24.3414 5.420393E-03
-24.3214 5.385723E-03
-24.3013 5.351404E-03
-24.2813 5.317427E-03
-24.2613 5.283791E-03
-24.2413 5.250491E-03
-24.2213 5.217522E-03
-24.2013 5.184879E-03
-24.1813 5.152559E-03
-24.1613 5.120558E-03
-24.1413 5.088870E-03
-24.1213 5.057493E-03
-24.1012 5.026423E-03
-24.0812 4.995654E-03
-24.0612 4.965185E-03
-24.0412 4.935008E-03
-24.0212 4.905125E-03
-24.0012 4.875529E-03
-23.9812 4.846216E-03
-23.9612 4.817184E-03
-23.9412 4.788429E-03
-23.9212 4.759946E-03
-23.9011 4.731735E-03
-23.8811 4.703789E-03
-23.8611 4.676108E-03
-23.8411 4.648686E-03
-23.8211 4.621522E-03
-23.8011 4.594611E-03
-23.7811 4.567950E-03
-23.7611 4.541539E-03
-23.7411 4.515371E-03
-23.7211 4.489447E-03
-23.7010 4.463757E-03
-23.6810 4.438308E-03
-23.6610 4.413093E-03
-23.6410 4.388105E-03
-23.6210 4.363348E-03
-23.6010 4.338816E-03
-23.5810 4.314505E-03
-23.5610 4.290415E-03
-23.5410 4.266543E-03
-23.5210 4.242887E-03
-23.5009 4.219439E-03
-23.4809 4.196205E-03
-23.4609 4.173179E-03
-23.4409 4.150354E-03
-23.4209 4.127737E-03
-23.4009 4.105319E-03
-23.3809 4.083098E-03
-23.3609 4.061075E-03
-23.3409 4.039243E-03
-23.3209 4.017603E-03
-23.3008 3.996156E-03
-23.2808 3.974894E-03
-23.2608 3.953818E-03
-23.2408 3.932929E-03
-23.2208 3.912216E-03
-23.2008 3.891683E-03
-23.1808 3.871328E-03
-23.1608 3.851152E-03
-23.1408 3.831149E-03
-23.1208 3.811313E-03
-23.1007 3.791647E-03
-23.0807 3.772154E-03
-23.0607 3.752824E-03
-23.0407 3.733661E-03
-23.0207 3.714661E-03
-23.0007 3.695821E-03
-22.9807 3.677137E-03
-22.9607 3.658613E-03
-22.9407 3.640245E-03
-22.9207 3.622030E-03
-22.9006 3.603965E-03
-22.8806 3.586054E-03
-22.8606 3.568294E-03
-22.8406 3.550682E-03
-22.8206 3.533213E-03
-22.8006 3.515895E-03
-22.7806 3.498724E-03
-22.7606 3.481683E-03
-22.7406 3.464793E-03
-22.7206 3.448038E-03
-22.7005 3.431426E-03
-22.6805 3.414939E-03
-22.6605 3.398603E-03
-22.6405 3.382397E-03
-22.6205 3.366316E-03
-22.6005 3.350374E-03
-22.5805 3.334566E-03
-22.5605 3.318863E-03
-22.5405 3.303305E-03
-22.5205 3.287888E-03
-22.5004 3.272580E-03
-22.4804 3.257401E-03
-22.4604 3.242345E-03
-22.4404 3.227402E-03
-22.4204 3.212566E-03
-22.4004 3.197861E-03
-22.3804 3.183283E-03
-22.3604 3.168824E-03
-22.3404 3.154522E-03
-22.3204 3.140270E-03
-22.3003 3.126157E-03
-22.2803 3.112174E-03
-22.2603 3.098247E-03
-22.2403 3.084490E-03
-22.2203 3.070828E-03
-22.2003 3.057238E-03
-22.1803 3.043786E-03
-22.1603 3.030462E-03
-22.1403 3.017251E-03
-22.1203 3.004132E-03
-22.1002 2.991077E-03
-22.0802 2.978193E-03
-22.0602 2.965310E-03
-22.0402 2.952721E-03
-22.0202 2.940057E-03
-22.0002 2.927660E-03
-21.9802 2.915048E-03
-21.9602 2.902894E-03
-21.9402 2.890654E-03
-21.9202 2.878542E-03
-21.9001 2.866504E-03
-21.8801 2.854449E-03
-21.8601 2.842766E-03
-21.8401 2.830865E-03
-21.8201 2.819181E-03
-21.8001 2.807642E-03
-21.7801 2.796100E-03
-21.7601 2.785454E-03
-21.7401 2.774563E-03
-21.7201 2.762860E-03
-21.7000 2.751383E-03
-21.6800 2.739827E-03
-21.6600 2.730637E-03
-21.6400 2.721090E-03
-21.6200 2.709578E-03
-21.6000 2.699263E-03
-21.5800 2.689752E-03
-21.5600 2.679450E-03
-21.5400 2.663821E-03
-21.5200 2.654029E-03
-21.4999 2.653400E-03
-21.4799 2.614403E-03
-21.4599 2.603660E-03
-21.4399 2.604427E-03
-21.4199 2.589904E-03
-21.3999 2.587378E-03
-21.3799 2.578934E-03
-21.3599 2.936452E-03
-21.3399 2.537305E-03
-21.3199 2.568343E-03
-21.2998 2.796329E-03
-21.2798 2.715990E-03
-21.2598 2.505999E-03
-21.2398 2.466807E-03
-21.2198 2.494704E-03
-21.1998 2.521595E-03
-21.1798 2.493641E-03
-21.1598 2.491474E-03
-21.1398 2.488947E-03
-21.1198 2.483508E-03
-21.0997 2.490254E-03
-21.0797 2.490315E-03
-21.0597 2.473952E-03
-21.0397 2.478163E-03
-21.0197 2.469540E-03
-20.9997 2.466516E-03
-20.9797 2.462356E-03
-20.9597 2.461257E-03
-20.9397 2.460503E-03
-20.9197 2.460029E-03
-20.8996 2.459824E-03
-20.8796 2.457799E-03
-20.8596 2.458185E-03
-20.8396 2.456997E-03
-20.8196 2.457925E-03
-20.7996 2.457368E-03
-20.7796 2.458364E-03
-20.7596 2.458157E-03
-20.7396 2.459281E-03
-20.7196 2.460346E-03
-20.6995 2.461412E-03
-20.6795 2.462504E-03
-20.6595 2.462809E-03
-20.6395 2.465476E-03
-20.6195 2.467270E-03
-20.5995 2.468355E-03
-20.5795 2.470006E-03
-20.5595 2.471684E-03
-20.5395 2.474007E-03
-20.5195 2.476141E-03
-20.4994 2.478305E-03
-20.4794 2.480027E-03
-20.4594 2.482644E-03
-20.4394 2.485304E-03
-20.4194 2.488285E-03
-20.3994 2.490693E-03
-20.3794 2.494067E-03
-20.3594 2.496935E-03
-20.3394 2.500498E-03
-20.3194 2.504348E-03
-20.2993 2.507818E-03
-20.2793 2.511617E-03
-20.2593 2.515726E-03
-20.2393 2.520289E-03
-20.2193 2.524733E-03
-20.1993 2.529761E-03
-20.1793 2.534815E-03
-20.1593 2.539966E-03
-20.1393 2.545438E-03
-20.1193 2.551454E-03
-20.0992 2.557459E-03
-20.0792 2.563487E-03
-20.0592 2.570064E-03
-20.0392 2.577162E-03
-20.0192 2.584243E-03
-19.9992 2.591730E-03
-19.9792 2.599421E-03
-19.9592 2.607458E-03
-19.9392 2.615837E-03
-19.9192 2.624673E-03
-19.8991 2.633483E-03
-19.8791 2.642966E-03
-19.8591 2.652600E-03
-19.8391 2.662746E-03
-19.8191 2.672925E-03
-19.7991 2.683749E-03
-19.7791 2.694768E-03
-19.7591 2.706159E-03
-19.7391 2.718020E-03
-19.7191 2.730099E-03
-19.6990 2.742681E-03
-19.6790 2.755522E-03
-19.6590 2.768698E-03
-19.6390 2.782395E-03
-19.6190 2.796432E-03
-19.5990 2.810767E-03
-19.5790 2.825565E-03
-19.5590 2.840747E-03
-19.5390 2.856316E-03
-19.5190 2.872262E-03
-19.4989 2.888487E-03
-19.4789 2.905204E-03
-19.4589 2.922298E-03
-19.4389 2.939780E-03
-19.4189 2.957646E-03
-19.3989 2.975901E-03
-19.3789 2.994619E-03
-19.3589 3.013632E-03
-19.3389 3.033033E-03
-19.3189 3.052892E-03
-19.2988 3.073055E-03
-19.2788 3.093668E-03
-19.2588 3.114587E-03
-19.2388 3.135950E-03
-19.2188 3.157682E-03
-19.1988 3.179782E-03
-19.1788 3.202244E-03
-19.1588 3.225071E-03
-19.1388 3.248323E-03
-19.1188 3.271802E-03
-19.0987 3.295694E-03
-19.0787 3.320000E-03
-19.0587 3.344647E-03
-19.0387 3.369575E-03
-19.0187 3.394900E-03
-18.9987 3.420496E-03
-18.9787 3.446536E-03
-18.9587 3.472845E-03
-18.9387 3.499413E-03
-18.9187 3.526406E-03
-18.8986 3.553710E-03
-18.8786 3.581215E-03
-18.8586 3.609120E-03
-18.8386 3.637330E-03
-18.8186 3.665827E-03
-18.7986 3.694607E-03
-18.7786 3.723673E-03
-18.7586 3.753021E-03
-18.7386 3.782642E-03
-18.7186 3.812537E-03
-18.6985 3.842743E-03
-18.6785 3.873162E-03
-18.6585 3.903897E-03
-18.6385 3.934831E-03
-18.6185 3.966113E-03
-18.5985 3.997598E-03
-18.5785 4.029330E-03
-18.5585 4.061348E-03
-18.5385 4.093563E-03
-18.5185 4.126057E-03
-18.4984 4.158749E-03
-18.4784 4.191746E-03
-18.4584 4.224940E-03
-18.4384 4.258370E-03
-18.4184 4.292025E-03
-18.3984 4.325940E-03
-18.3784 4.360085E-03
-18.3584 4.394418E-03
-18.3384 4.429008E-03
-18.3184 4.463822E-03
-18.2983 4.498863E-03
-18.2783 4.534162E-03
-18.2583 4.569679E-03
-18.2383 4.605433E-03
-18.2183 4.641356E-03
-18.1983 4.677553E-03
-18.1783 4.713979E-03
-18.1583 4.750650E-03
-18.1383 4.787525E-03
-18.1183 4.824656E-03
-18.0982 4.862014E-03
-18.0782 4.899613E-03
-18.0582 4.937439E-03
-18.0382 4.975529E-03
-18.0182 5.013847E-03
-17.9982 5.052392E-03
-17.9782 5.091193E-03
-17.9582 5.130240E-03
-17.9382 5.169533E-03
-17.9182 5.209104E-03
-17.8981 5.248922E-03
-17.8781 5.288961E-03
-17.8581 5.329279E-03
-17.8381 5.369865E-03
-17.8181 5.410741E-03
-17.7981 5.451841E-03
-17.7781 5.493204E-03
-17.7581 5.534846E-03
-17.7381 5.576795E-03
-17.7181 5.618977E-03
-17.6980 5.661459E-03
-17.6780 5.704189E-03
-17.6580 5.747220E-03
-17.6380 5.790554E-03
-17.6180 5.834157E-03
-17.5980 5.878009E-03
-17.5780 5.922179E-03
-17.5580 5.966632E-03
-17.5380 6.011397E-03
-17.5180 6.056437E-03
-17.4979 6.101775E-03
-17.4779 6.147397E-03
-17.4579 6.193295E-03
-17.4379 6.239549E-03
-17.4179 6.286054E-03
-17.3979 6.332842E-03
-17.3779 6.379954E-03
-17.3579 6.427366E-03
-17.3379 6.475042E-03
-17.3179 6.523063E-03
-17.2978 6.571343E-03
-17.2778 6.619928E-03
-17.2578 6.668817E-03
-17.2378 6.718000E-03
-17.2178 6.767463E-03
-17.1978 6.817222E-03
-17.1778 6.867265E-03
-17.1578 6.917611E-03
-17.1378 6.968221E-03
-17.1178 7.019140E-03
-17.0977 7.070328E-03
-17.0777 7.121790E-03
-17.0577 7.173560E-03
-17.0377 7.225564E-03
-17.0177 7.277854E-03
-16.9977 7.330436E-03
-16.9777 7.383248E-03
-16.9577 7.436335E-03
-16.9377 7.489675E-03
-16.9177 7.510062E-03
-16.8976 7.597129E-03
-16.8776 7.651232E-03
-16.8576 7.705580E-03
-16.8376 7.760134E-03
-16.8176 7.814940E-03
-16.7976 7.869980E-03
-16.7776 7.925239E-03
-16.7576 7.980725E-03
-16.7376 8.036404E-03
-16.7176 8.092303E-03
-16.6975 8.148414E-03
-16.6775 8.204701E-03
-16.6575 8.207083E-03
-16.6375 8.317855E-03
-16.6175 8.374716E-03
-16.5975 8.310240E-03
-16.5775 8.488953E-03
-16.5575 8.546300E-03
-16.5375 8.603833E-03
-16.5175 8.661511E-03
-16.4974 8.719342E-03
-16.4774 8.777294E-03
-16.4574 8.835405E-03
-16.4374 8.893613E-03
-16.4174 8.951977E-03
-16.3974 9.010427E-03
-16.3774 9.069012E-03
-16.3574 9.127698E-03
-16.3374 8.993921E-03
-16.3174 9.245363E-03
-16.2973 9.304346E-03
-16.2773 9.278493E-03
-16.2573 9.422547E-03
-16.2373 9.481782E-03
-16.2173 9.541056E-03
-16.1973 9.600429E-03
-16.1773 9.659847E-03
-16.1573 9.719330E-03
-16.1373 9.778873E-03
-16.1173 9.838448E-03
-16.0972 9.898075E-03
-16.0772 9.957768E-03
-16.0572 1.001748E-02
-16.0372 1.007724E-02
-16.0172 9.874951E-03
-15.9972 1.019686E-02
-15.9772 1.012858E-02
-15.9572 1.031659E-02
-15.9372 1.037650E-02
-15.9172 1.043643E-02
-15.8971 1.049639E-02
-15.8771 1.055638E-02
-15.8571 1.061639E-02
-15.8371 1.067641E-02
-15.8171 1.073646E-02
-15.7971 1.079653E-02
-15.7771 1.085664E-02
-15.7571 1.091675E-02
-15.7371 1.097691E-02
-15.7171 1.103708E-02
-15.6970 1.078901E-02
-15.6770 1.115751E-02
-15.6570 1.105796E-02
-15.6370 1.127807E-02
-15.6170 1.133840E-02
-15.5970 1.139878E-02
-15.5770 1.145921E-02
-15.5570 1.151966E-02
-15.5370 1.158018E-02
-15.5170 1.164077E-02
-15.4969 1.170142E-02
-15.4769 1.176211E-02
-15.4569 1.182287E-02
-15.4369 1.188375E-02
-15.4169 1.194467E-02
-15.3969 1.200569E-02
-15.3769 1.175935E-02
-15.3569 1.212802E-02
-15.3369 1.201981E-02
-15.3169 1.225076E-02
-15.2968 1.231230E-02
-15.2768 1.237396E-02
-15.2568 1.243577E-02
-15.2368 1.249771E-02
-15.2168 1.255981E-02
-15.1968 1.262205E-02
-15.1768 1.268447E-02
-15.1568 1.274704E-02
-15.1368 1.280980E-02
-15.1168 1.287274E-02
-15.0967 1.293587E-02
-15.0767 1.299921E-02
-15.0567 1.281261E-02
-15.0367 1.312650E-02
-15.0167 1.304142E-02
-14.9967 1.325472E-02
-14.9767 1.331918E-02
-14.9567 1.338390E-02
-14.9367 1.344887E-02
-14.9167 1.351412E-02
-14.8966 1.357963E-02
-14.8766 1.364545E-02
-14.8566 1.371154E-02
-14.8366 1.377792E-02
-14.8166 1.384464E-02
-14.7966 1.391166E-02
-14.7766 1.397901E-02
-14.7566 1.404669E-02
-14.7366 1.396975E-02
-14.7166 1.418307E-02
-14.6965 1.415185E-02
-14.6765 1.432087E-02
-14.6565 1.439032E-02
-14.6365 1.446016E-02
-14.6165 1.453036E-02
-14.5965 1.460097E-02
-14.5765 1.467197E-02
-14.5565 1.474336E-02
-14.5365 1.481518E-02
-14.5165 1.488740E-02
-14.4964 1.496005E-02
-14.4764 1.503312E-02
-14.4564 1.510661E-02
-14.4364 1.518056E-02
-14.4164 1.523822E-02
-14.3964 1.532977E-02
-14.3764 1.537217E-02
-14.3564 1.548074E-02
-14.3364 1.555693E-02
-14.3164 1.563357E-02
-14.2963 1.571067E-02
-14.2763 1.578824E-02
-14.2563 1.586627E-02
-14.2363 1.594477E-02
-14.2163 1.602376E-02
-14.1963 1.610320E-02
-14.1763 1.618312E-02
-14.1563 1.626353E-02
-14.1363 1.634440E-02
-14.1163 1.642576E-02
-14.0962 1.660732E-02
-14.0762 1.658986E-02
-14.0562 1.670744E-02
-14.0362 1.675590E-02
-14.0162 1.683961E-02
-13.9962 1.692380E-02
-13.9762 1.700845E-02
-13.9562 1.709357E-02
-13.9362 1.717916E-02
-13.9162 1.726519E-02
-13.8961 1.735168E-02
-13.8761 1.743862E-02
-13.8561 1.752601E-02
-13.8361 1.761384E-02
-13.8161 1.770211E-02
-13.7961 1.779081E-02
-13.7761 1.804911E-02
-13.7561 1.796946E-02
-13.7361 1.814277E-02
-13.7161 1.814977E-02
-13.6960 1.824052E-02
-13.6760 1.833169E-02
-13.6560 1.842322E-02
-13.6360 1.851512E-02
-13.6160 1.860740E-02
-13.5960 1.870003E-02
-13.5760 1.879303E-02
-13.5560 1.888637E-02
-13.5360 1.898003E-02
-13.5160 1.907403E-02
-13.4959 1.916832E-02
-13.4759 1.926292E-02
-13.4559 1.952691E-02
-13.4359 1.945301E-02
-13.4159 1.964565E-02
-13.3959 1.964420E-02
-13.3759 1.974017E-02
-13.3559 1.983640E-02
-13.3359 1.993284E-02
-13.3159 2.002951E-02
-13.2958 2.012639E-02
-13.2758 2.022347E-02
-13.2558 2.032074E-02
-13.2358 2.041818E-02
-13.2158 2.051579E-02
-13.1958 2.061355E-02
-13.1758 2.071146E-02
-13.1558 2.080950E-02
-13.1358 2.101023E-02
-13.1158 2.100594E-02
-13.0957 2.117628E-02
-13.0757 2.120277E-02
-13.0557 2.130131E-02
-13.0357 2.139993E-02
-13.0157 2.149860E-02
-12.9957 2.159733E-02
-12.9757 2.169609E-02
-12.9557 2.179488E-02
-12.9357 2.189371E-02
-12.9157 2.199253E-02
-12.8956 2.209138E-02
-12.8756 2.219022E-02
-12.8556 2.228904E-02
-12.8356 2.238784E-02
-12.8156 2.249183E-02
-12.7956 2.258539E-02
-12.7756 2.270445E-02
-12.7556 2.278280E-02
-12.7356 2.288142E-02
-12.7156 2.298000E-02
-12.6955 2.307853E-02
-12.6755 2.317699E-02
-12.6555 2.327541E-02
-12.6355 2.337376E-02
-12.6155 2.347203E-02
-12.5955 2.357024E-02
-12.5755 2.366838E-02
-12.5555 2.376646E-02
-12.5355 2.386447E-02
-12.5155 2.396241E-02
-12.4954 2.399961E-02
-12.4754 2.415811E-02
-12.4554 2.422723E-02
-12.4354 2.435357E-02
-12.4154 2.445123E-02
-12.3954 2.454882E-02
-12.3754 2.464639E-02
-12.3554 2.474393E-02
-12.3354 2.484144E-02
-12.3154 2.493894E-02
-12.2953 2.503641E-02
-12.2753 2.513389E-02
-12.2553 2.523136E-02
-12.2353 2.532886E-02
-12.2153 2.542641E-02
-12.1953 2.552398E-02
-12.1753 2.559774E-02
-12.1553 2.571930E-02
-12.1353 2.578005E-02
-12.1153 2.591496E-02
-12.0952 2.601295E-02
-12.0752 2.611104E-02
-12.0552 2.620930E-02
-12.0352 2.630771E-02
-12.0152 2.640629E-02
-11.9952 2.650507E-02
-11.9752 2.660406E-02
-11.9552 2.670329E-02
-11.9352 2.680276E-02
-11.9152 2.690250E-02
-11.8951 2.700255E-02
-11.8751 2.710290E-02
-11.8551 2.737565E-02
-11.8351 2.730466E-02
-11.8151 2.743578E-02
-11.7951 2.750791E-02
-11.7751 2.761016E-02
-11.7551 2.771287E-02
-11.7351 2.781605E-02
-11.7151 2.791976E-02
-11.6950 2.802396E-02
-11.6750 2.812871E-02
-11.6550 2.823405E-02
-11.6350 2.833998E-02
-11.6150 2.844654E-02
-11.5950 2.855374E-02
-11.5750 2.866164E-02
-11.5550 2.877023E-02
-11.5350 2.942615E-02
-11.5150 2.898967E-02
-11.4949 2.929118E-02
-11.4749 2.921222E-02
-11.4549 2.932474E-02
-11.4349 2.943811E-02
-11.4149 2.955241E-02
-11.3949 2.966761E-02
-11.3749 2.978373E-02
-11.3549 2.990087E-02
-11.3349 3.001897E-02
-11.3149 3.013809E-02
-11.2948 3.025828E-02
-11.2748 3.037955E-02
-11.2548 3.050188E-02
-11.2348 3.062537E-02
-11.2148 3.181200E-02
-11.1948 3.087577E-02
-11.1748 3.144185E-02
-11.1548 3.113095E-02
-11.1348 3.126040E-02
-11.1148 3.139109E-02
-11.0947 3.152306E-02
-11.0747 3.165633E-02
-11.0547 3.179091E-02
-11.0347 3.192684E-02
-11.0147 3.206413E-02
-10.9947 3.220278E-02
-10.9747 3.234282E-02
-10.9547 3.248425E-02
-10.9347 3.262713E-02
-10.9147 3.277141E-02
-10.8946 3.452407E-02
-10.8746 3.306430E-02
-10.8546 3.394578E-02
-10.8346 3.336302E-02
-10.8146 3.351456E-02
-10.7946 3.366760E-02
-10.7746 3.382213E-02
-10.7546 3.397815E-02
-10.7346 3.413560E-02
-10.7146 3.429458E-02
-10.6945 3.445501E-02
-10.6745 3.461692E-02
-10.6545 3.478031E-02
-10.6345 3.494516E-02
-10.6145 3.511144E-02
-10.5945 3.527917E-02
-10.5745 3.689131E-02
-10.5545 3.561887E-02
-10.5345 3.677908E-02
-10.5145 3.596414E-02
-10.4944 3.613881E-02
-10.4744 3.631483E-02
-10.4544 3.649212E-02
-10.4344 3.667072E-02
-10.4144 3.685054E-02
-10.3944 3.703160E-02
-10.3744 3.721382E-02
-10.3544 3.739720E-02
-10.3344 3.758169E-02
-10.3144 3.776723E-02
-10.2943 3.795382E-02
-10.2743 3.814140E-02
-10.2543 3.883789E-02
-10.2343 3.851937E-02
-10.2143 3.908348E-02
