-47.4311 5.354184E-04
-47.4111 5.364190E-04
-47.3911 5.374222E-04
-47.3711 5.384288E-04
-47.3511 5.394380E-04
-47.3310 5.404506E-04
-47.3110 5.414659E-04
-47.2910 5.424845E-04
-47.2710 5.435061E-04
-47.2510 5.445305E-04
-47.2310 5.455583E-04
-47.2110 5.465887E-04
-47.1910 5.476228E-04
-47.1710 5.486594E-04
-47.1510 5.496996E-04
-47.1309 5.507426E-04
-47.1109 5.517891E-04
-47.0909 5.528385E-04
-47.0709 5.538911E-04
-47.0509 5.549469E-04
-47.0309 5.560060E-04
-47.0109 5.570681E-04
-46.9909 5.581336E-04
-46.9709 5.592022E-04
-46.9509 5.602741E-04
-46.9308 5.613495E-04
-46.9108 5.624278E-04
-46.8908 5.635097E-04
-46.8708 5.645945E-04
-46.8508 5.656831E-04
-46.8308 5.667746E-04
-46.8108 5.678698E-04
-46.7908 5.689680E-04
-46.7708 5.700700E-04
-46.7508 5.711749E-04
-46.7307 5.722834E-04
-46.7107 5.733955E-04
-46.6907 5.745107E-04
-46.6707 5.756297E-04
-46.6507 5.767519E-04
-46.6307 5.778777E-04
-46.6107 5.790068E-04
-46.5907 5.801397E-04
-46.5707 5.812757E-04
-46.5507 5.824157E-04
-46.5306 5.835589E-04
-46.5106 5.847060E-04
-46.4906 5.858562E-04
-46.4706 5.870104E-04
-46.4506 5.881679E-04
-46.4306 5.893294E-04
-46.4106 5.904941E-04
-46.3906 5.916626E-04
-46.3706 5.928349E-04
-46.3506 5.940106E-04
-46.3305 5.951905E-04
-46.3105 5.963736E-04
-46.2905 5.975608E-04
-46.2705 5.987514E-04
-46.2505 5.999459E-04
-46.2305 6.011443E-04
-46.2105 6.023462E-04
-46.1905 6.035523E-04
-46.1705 6.047619E-04
-46.1505 6.059758E-04
-46.1304 6.071930E-04
-46.1104 6.084143E-04
-46.0904 6.096396E-04
-46.0704 6.108685E-04
-46.0504 6.121018E-04
-46.0304 6.133385E-04
-46.0104 6.145794E-04
-45.9904 6.158245E-04
-45.9704 6.170732E-04
-45.9504 6.183263E-04
-45.9303 6.195831E-04
-45.9103 6.208440E-04
-45.8903 6.221092E-04
-45.8703 6.233781E-04
-45.8503 6.246516E-04
-45.8303 6.259288E-04
-45.8103 6.272102E-04
-45.7903 6.284959E-04
-45.7703 6.297855E-04
-45.7503 6.310798E-04
-45.7302 6.323779E-04
-45.7102 6.336800E-04
-45.6902 6.349870E-04
-45.6702 6.362977E-04
-45.6502 6.376129E-04
-45.6302 6.389325E-04
-45.6102 6.402562E-04
-45.5902 6.415847E-04
-45.5702 6.429170E-04
-45.5502 6.442537E-04
-45.5301 6.455953E-04
-45.5101 6.469409E-04
-45.4901 6.482909E-04
-45.4701 6.496457E-04
-45.4501 6.510047E-04
-45.4301 6.523680E-04
-45.4101 6.537363E-04
-45.3901 6.551088E-04
-45.3701 6.564858E-04
-45.3501 6.578679E-04
-45.3300 6.592540E-04
-45.3100 6.606448E-04
-45.2900 6.620407E-04
-45.2700 6.634408E-04
-45.2500 6.648456E-04
-45.2300 6.662556E-04
-45.2100 6.676697E-04
-45.1900 6.690887E-04
-45.1700 6.705129E-04
-45.1500 6.719414E-04
-45.1299 6.733747E-04
-45.1099 6.748133E-04
-45.0899 6.762563E-04
-45.0699 6.777041E-04
-45.0499 6.791571E-04
-45.0299 6.806151E-04
-45.0099 6.820777E-04
-44.9899 6.835454E-04
-44.9699 6.850184E-04
-44.9499 6.864960E-04
-44.9298 6.879786E-04
-44.9098 6.894668E-04
-44.8898 6.909596E-04
-44.8698 6.924574E-04
-44.8498 6.939605E-04
-44.8298 6.954691E-04
-44.8098 6.969823E-04
-44.7898 6.985009E-04
-44.7698 7.000251E-04
-44.7498 7.015541E-04
-44.7297 7.030883E-04
-44.7097 7.046280E-04
-44.6897 7.061732E-04
-44.6697 7.077235E-04
-44.6497 7.092790E-04
-44.6297 7.108402E-04
-44.6097 7.124069E-04
-44.5897 7.139788E-04
-44.5697 7.155561E-04
-44.5497 7.171394E-04
-44.5296 7.187277E-04
-44.5096 7.203217E-04
-44.4896 7.219211E-04
-44.4696 7.235267E-04
-44.4496 7.251374E-04
-44.4296 7.267538E-04
-44.4096 7.283758E-04
-44.3896 7.300041E-04
-44.3696 7.316375E-04
-44.3496 7.332768E-04
-44.3295 7.349218E-04
-44.3095 7.365732E-04
-44.2895 7.382299E-04
-44.2695 7.398924E-04
-44.2495 7.415609E-04
-44.2295 7.432355E-04
-44.2095 7.449162E-04
-44.1895 7.466025E-04
-44.1695 7.482949E-04
-44.1495 7.499935E-04
-44.1294 7.516984E-04
-44.1094 7.534089E-04
-44.0894 7.551257E-04
-44.0694 7.568485E-04
-44.0494 7.585782E-04
-44.0294 7.603135E-04
-44.0094 7.620550E-04
-43.9894 7.638028E-04
-43.9694 7.655571E-04
-43.9494 7.673180E-04
-43.9293 7.690848E-04
-43.9093 7.708582E-04
-43.8893 7.726379E-04
-43.8693 7.744242E-04
-43.8493 7.762173E-04
-43.8293 7.780164E-04
-43.8093 7.798223E-04
-43.7893 7.816346E-04
-43.7693 7.834539E-04
-43.7493 7.852798E-04
-43.7292 7.871122E-04
-43.7092 7.889513E-04
-43.6892 7.907971E-04
-43.6692 7.926503E-04
-43.6492 7.945098E-04
-43.6292 7.963760E-04
-43.6092 7.982494E-04
-43.5892 8.001295E-04
-43.5692 8.020169E-04
-43.5492 8.039114E-04
-43.5291 8.058126E-04
-43.5091 8.077208E-04
-43.4891 8.096361E-04
-43.4691 8.115588E-04
-43.4491 8.134889E-04
-43.4291 8.154257E-04
-43.4091 8.173700E-04
-43.3891 8.193214E-04
-43.3691 8.212804E-04
-43.3491 8.232469E-04
-43.3290 8.252204E-04
-43.3090 8.272014E-04
-43.2890 8.291897E-04
-43.2690 8.311857E-04
-43.2490 8.331894E-04
-43.2290 8.352009E-04
-43.2090 8.372196E-04
-43.1890 8.392460E-04
-43.1690 8.412800E-04
-43.1490 8.433221E-04
-43.1289 8.453721E-04
-43.1089 8.474296E-04
-43.0889 8.494948E-04
-43.0689 8.515680E-04
-43.0489 8.536491E-04
-43.0289 8.557385E-04
-43.0089 8.578361E-04
-42.9889 8.599413E-04
-42.9689 8.620547E-04
-42.9489 8.641762E-04
-42.9288 8.663059E-04
-42.9088 8.684440E-04
-42.8888 8.705907E-04
-42.8688 8.727452E-04
-42.8488 8.749082E-04
-42.8288 8.770795E-04
-42.8088 8.792593E-04
-42.7888 8.814483E-04
-42.7688 8.836452E-04
-42.7488 8.858506E-04
-42.7287 8.880647E-04
-42.7087 8.902874E-04
-42.6887 8.925191E-04
-42.6687 8.947598E-04
-42.6487 8.970089E-04
-42.6287 8.992668E-04
-42.6087 9.015338E-04
-42.5887 9.038096E-04
-42.5687 9.060946E-04
-42.5487 9.083889E-04
-42.5286 9.106920E-04
-42.5086 9.130041E-04
-42.4886 9.153255E-04
-42.4686 9.176562E-04
-42.4486 9.199962E-04
-42.4286 9.223459E-04
-42.4086 9.247045E-04
-42.3886 9.270727E-04
-42.3686 9.294504E-04
-42.3486 9.318375E-04
-42.3285 9.342351E-04
-42.3085 9.366415E-04
-42.2885 9.390577E-04
-42.2685 9.414836E-04
-42.2485 9.439195E-04
-42.2285 9.463653E-04
-42.2085 9.488213E-04
-42.1885 9.512868E-04
-42.1685 9.537625E-04
-42.1485 9.562481E-04
-42.1284 9.587441E-04
-42.1084 9.612506E-04
-42.0884 9.637669E-04
-42.0684 9.662935E-04
-42.0484 9.688305E-04
-42.0284 9.713781E-04
-42.0084 9.739365E-04
-41.9884 9.765049E-04
-41.9684 9.790840E-04
-41.9484 9.816736E-04
-41.9283 9.842743E-04
-41.9083 9.868860E-04
-41.8883 9.895080E-04
-41.8683 9.921409E-04
-41.8483 9.947848E-04
-41.8283 9.974403E-04
-41.8083 1.000107E-03
-41.7883 1.002784E-03
-41.7683 1.005472E-03
-41.7483 1.008172E-03
-41.7282 1.010883E-03
-41.7082 1.013606E-03
-41.6882 1.016340E-03
-41.6682 1.019085E-03
-41.6482 1.021842E-03
-41.6282 1.024612E-03
-41.6082 1.027392E-03
-41.5882 1.030184E-03
-41.5682 1.032988E-03
-41.5482 1.035805E-03
-41.5281 1.038633E-03
-41.5081 1.041473E-03
-41.4881 1.044325E-03
-41.4681 1.047190E-03
-41.4481 1.050067E-03
-41.4281 1.052956E-03
-41.4081 1.055858E-03
-41.3881 1.058772E-03
-41.3681 1.061699E-03
-41.3481 1.064638E-03
-41.3280 1.067590E-03
-41.3080 1.070555E-03
-41.2880 1.073533E-03
-41.2680 1.076523E-03
-41.2480 1.079527E-03
-41.2280 1.082544E-03
-41.2080 1.085573E-03
-41.1880 1.088617E-03
-41.1680 1.091673E-03
-41.1480 1.094743E-03
-41.1279 1.097826E-03
-41.1079 1.100924E-03
-41.0879 1.104034E-03
-41.0679 1.107158E-03
-41.0479 1.110297E-03
-41.0279 1.113449E-03
-41.0079 1.116614E-03
-40.9879 1.119795E-03
-40.9679 1.122989E-03
-40.9479 1.126197E-03
-40.9278 1.129420E-03
-40.9078 1.132657E-03
-40.8878 1.135908E-03
-40.8678 1.139175E-03
-40.8478 1.142455E-03
-40.8278 1.145751E-03
-40.8078 1.149061E-03
-40.7878 1.152386E-03
-40.7678 1.155727E-03
-40.7478 1.159082E-03
-40.7277 1.162452E-03
-40.7077 1.165838E-03
-40.6877 1.169239E-03
-40.6677 1.172656E-03
-40.6477 1.176088E-03
-40.6277 1.179537E-03
-40.6077 1.183000E-03
-40.5877 1.186479E-03
-40.5677 1.189975E-03
-40.5477 1.193486E-03
-40.5276 1.197014E-03
-40.5076 1.200557E-03
-40.4876 1.204118E-03
-40.4676 1.207694E-03
-40.4476 1.211288E-03
-40.4276 1.214898E-03
-40.4076 1.218525E-03
-40.3876 1.222168E-03
-40.3676 1.225829E-03
-40.3476 1.229506E-03
-40.3275 1.233201E-03
-40.3075 1.236913E-03
-40.2875 1.240643E-03
-40.2675 1.244390E-03
-40.2475 1.248155E-03
-40.2275 1.251937E-03
-40.2075 1.255737E-03
-40.1875 1.259556E-03
-40.1675 1.263391E-03
-40.1475 1.267246E-03
-40.1274 1.271119E-03
-40.1074 1.275010E-03
-40.0874 1.278920E-03
-40.0674 1.282848E-03
-40.0474 1.286795E-03
-40.0274 1.290762E-03
-40.0074 1.294746E-03
-39.9874 1.298751E-03
-39.9674 1.302775E-03
-39.9474 1.306817E-03
-39.9273 1.310880E-03
-39.9073 1.314962E-03
-39.8873 1.319064E-03
-39.8673 1.323185E-03
-39.8473 1.327327E-03
-39.8273 1.331490E-03
-39.8073 1.335672E-03
-39.7873 1.339874E-03
-39.7673 1.344098E-03
-39.7473 1.348342E-03
-39.7272 1.352607E-03
-39.7072 1.356892E-03
-39.6872 1.361199E-03
-39.6672 1.365527E-03
-39.6472 1.369877E-03
-39.6272 1.374248E-03
-39.6072 1.378641E-03
-39.5872 1.383055E-03
-39.5672 1.387491E-03
-39.5472 1.391950E-03
-39.5271 1.396431E-03
-39.5071 1.400934E-03
-39.4871 1.405460E-03
-39.4671 1.410009E-03
-39.4471 1.414580E-03
-39.4271 1.419175E-03
-39.4071 1.423792E-03
-39.3871 1.428433E-03
-39.3671 1.433098E-03
-39.3471 1.437786E-03
-39.3270 1.442498E-03
-39.3070 1.447233E-03
-39.2870 1.451993E-03
-39.2670 1.456778E-03
-39.2470 1.461587E-03
-39.2270 1.466421E-03
-39.2070 1.471279E-03
-39.1870 1.476162E-03
-39.1670 1.481070E-03
-39.1470 1.486004E-03
-39.1269 1.490963E-03
-39.1069 1.495949E-03
-39.0869 1.500960E-03
-39.0669 1.505996E-03
-39.0469 1.511059E-03
-39.0269 1.516149E-03
-39.0069 1.521265E-03
-38.9869 1.526408E-03
-38.9669 1.531578E-03
-38.9469 1.536774E-03
-38.9268 1.541998E-03
-38.9068 1.547251E-03
-38.8868 1.552530E-03
-38.8668 1.557838E-03
-38.8468 1.563173E-03
-38.8268 1.568537E-03
-38.8068 1.573930E-03
-38.7868 1.579351E-03
-38.7668 1.584802E-03
-38.7468 1.590282E-03
-38.7267 1.595790E-03
-38.7067 1.601329E-03
-38.6867 1.606896E-03
-38.6667 1.612495E-03
-38.6467 1.618124E-03
-38.6267 1.623782E-03
-38.6067 1.629471E-03
-38.5867 1.635192E-03
-38.5667 1.640943E-03
-38.5467 1.646726E-03
-38.5266 1.652541E-03
-38.5066 1.658387E-03
-38.4866 1.664265E-03
-38.4666 1.670175E-03
-38.4466 1.676118E-03
-38.4266 1.682094E-03
-38.4066 1.688103E-03
-38.3866 1.694145E-03
-38.3666 1.700220E-03
-38.3466 1.706330E-03
-38.3265 1.712473E-03
-38.3065 1.718650E-03
-38.2865 1.724862E-03
-38.2665 1.731108E-03
-38.2465 1.737390E-03
-38.2265 1.743706E-03
-38.2065 1.750060E-03
-38.1865 1.756448E-03
-38.1665 1.762872E-03
-38.1465 1.769332E-03
-38.1264 1.775830E-03
-38.1064 1.782364E-03
-38.0864 1.788935E-03
-38.0664 1.795545E-03
-38.0464 1.802191E-03
-38.0264 1.808876E-03
-38.0064 1.815599E-03
-37.9864 1.822360E-03
-37.9664 1.829161E-03
-37.9464 1.836001E-03
-37.9263 1.842881E-03
-37.9063 1.849800E-03
-37.8863 1.856759E-03
-37.8663 1.863759E-03
-37.8463 1.870800E-03
-37.8263 1.877882E-03
-37.8063 1.885005E-03
-37.7863 1.892170E-03
-37.7663 1.899377E-03
-37.7463 1.906627E-03
-37.7262 1.913919E-03
-37.7062 1.921254E-03
-37.6862 1.928633E-03
-37.6662 1.936056E-03
-37.6462 1.943523E-03
-37.6262 1.951034E-03
-37.6062 1.958589E-03
-37.5862 1.966190E-03
-37.5662 1.973838E-03
-37.5462 1.981530E-03
-37.5261 1.989269E-03
-37.5061 1.997055E-03
-37.4861 2.004888E-03
-37.4661 2.012767E-03
-37.4461 2.020696E-03
-37.4261 2.028671E-03
-37.4061 2.036697E-03
-37.3861 2.044770E-03
-37.3661 2.052893E-03
-37.3461 2.061067E-03
-37.3260 2.069289E-03
-37.3060 2.077563E-03
-37.2860 2.085888E-03
-37.2660 2.094265E-03
-37.2460 2.102693E-03
-37.2260 2.111173E-03
-37.2060 2.119707E-03
-37.1860 2.128293E-03
-37.1660 2.136933E-03
-37.1460 2.145627E-03
-37.1259 2.154376E-03
-37.1059 2.163181E-03
-37.0859 2.172039E-03
-37.0659 2.180954E-03
-37.0459 2.189927E-03
-37.0259 2.198955E-03
-37.0059 2.208041E-03
-36.9859 2.217184E-03
-36.9659 2.226387E-03
-36.9459 2.235647E-03
-36.9258 2.244968E-03
-36.9058 2.254349E-03
-36.8858 2.263790E-03
-36.8658 2.273291E-03
-36.8458 2.282855E-03
-36.8258 2.292480E-03
-36.8058 2.302167E-03
-36.7858 2.311918E-03
-36.7658 2.321732E-03
-36.7458 2.331610E-03
-36.7257 2.341554E-03
-36.7057 2.351562E-03
-36.6857 2.361636E-03
-36.6657 2.371778E-03
-36.6457 2.381985E-03
-36.6257 2.392261E-03
-36.6057 2.402605E-03
-36.5857 2.413018E-03
-36.5657 2.423499E-03
-36.5457 2.434052E-03
-36.5256 2.444675E-03
-36.5056 2.455369E-03
-36.4856 2.466136E-03
-36.4656 2.476976E-03
-36.4456 2.487888E-03
-36.4256 2.498874E-03
-36.4056 2.509936E-03
-36.3856 2.521072E-03
-36.3656 2.532285E-03
-36.3456 2.543573E-03
-36.3255 2.554940E-03
-36.3055 2.566385E-03
-36.2855 2.577909E-03
-36.2655 2.589511E-03
-36.2455 2.601194E-03
-36.2255 2.612960E-03
-36.2055 2.624806E-03
-36.1855 2.636735E-03
-36.1655 2.648747E-03
-36.1455 2.660844E-03
-36.1254 2.673025E-03
-36.1054 2.685293E-03
-36.0854 2.697647E-03
-36.0654 2.710087E-03
-36.0454 2.722616E-03
-36.0254 2.735235E-03
-36.0054 2.747943E-03
-35.9854 2.760742E-03
-35.9654 2.773634E-03
-35.9454 2.786616E-03
-35.9253 2.799692E-03
-35.9053 2.812864E-03
-35.8853 2.826130E-03
-35.8653 2.839491E-03
-35.8453 2.852951E-03
-35.8253 2.866508E-03
-35.8053 2.880164E-03
-35.7853 2.893920E-03
-35.7653 2.907776E-03
-35.7453 2.921736E-03
-35.7252 2.935798E-03
-35.7052 2.949964E-03
-35.6852 2.964234E-03
-35.6652 2.978611E-03
-35.6452 2.993095E-03
-35.6252 3.007687E-03
-35.6052 3.022387E-03
-35.5852 3.037198E-03
-35.5652 3.052122E-03
-35.5452 3.067157E-03
-35.5251 3.082307E-03
-35.5051 3.097569E-03
-35.4851 3.112949E-03
-35.4651 3.128447E-03
-35.4451 3.144062E-03
-35.4251 3.159796E-03
-35.4051 3.175654E-03
-35.3851 3.191631E-03
-35.3651 3.207733E-03
-35.3451 3.223957E-03
-35.3250 3.240309E-03
-35.3050 3.256789E-03
-35.2850 3.273396E-03
-35.2650 3.290133E-03
-35.2450 3.307003E-03
-35.2250 3.324003E-03
-35.2050 3.341139E-03
-35.1850 3.358410E-03
-35.1650 3.375818E-03
-35.1450 3.393364E-03
-35.1249 3.411050E-03
-35.1049 3.428878E-03
-35.0849 3.446847E-03
-35.0649 3.464962E-03
-35.0449 3.483222E-03
-35.0249 3.501630E-03
-35.0049 3.520187E-03
-34.9849 3.538893E-03
-34.9649 3.557754E-03
-34.9449 3.576767E-03
-34.9248 3.595937E-03
-34.9048 3.615264E-03
-34.8848 3.634750E-03
-34.8648 3.654398E-03
-34.8448 3.674207E-03
-34.8248 3.694182E-03
-34.8048 3.714323E-03
-34.7848 3.734630E-03
-34.7648 3.755109E-03
-34.7448 3.775759E-03
-34.7247 3.796585E-03
-34.7047 3.817584E-03
-34.6847 3.838763E-03
-34.6647 3.860123E-03
-34.6447 3.881662E-03
-34.6247 3.903386E-03
-34.6047 3.925296E-03
-34.5847 3.947395E-03
-34.5647 3.969684E-03
-34.5447 3.992166E-03
-34.5246 4.014843E-03
-34.5046 4.037717E-03
-34.4846 4.060791E-03
-34.4646 4.084065E-03
-34.4446 4.107543E-03
-34.4246 4.131230E-03
-34.4046 4.155126E-03
-34.3846 4.179232E-03
-34.3646 4.203551E-03
-34.3446 4.228088E-03
-34.3245 4.252843E-03
-34.3045 4.277821E-03
-34.2845 4.303022E-03
-34.2645 4.328452E-03
-34.2445 4.354110E-03
-34.2245 4.380001E-03
-34.2045 4.406130E-03
-34.1845 4.432495E-03
-34.1645 4.459102E-03
-34.1445 4.485953E-03
-34.1244 4.513050E-03
-34.1044 4.540397E-03
-34.0844 4.568000E-03
-34.0644 4.595858E-03
-34.0444 4.623976E-03
-34.0244 4.652358E-03
-34.0044 4.681003E-03
-33.9844 4.709919E-03
-33.9644 4.739111E-03
-33.9444 4.768576E-03
-33.9243 4.798322E-03
-33.9043 4.828352E-03
-33.8843 4.858670E-03
-33.8643 4.889278E-03
-33.8443 4.920180E-03
-33.8243 4.951381E-03
-33.8043 4.982886E-03
-33.7843 5.014695E-03
-33.7643 5.046814E-03
-33.7443 5.079249E-03
-33.7242 5.112002E-03
-33.7042 5.145076E-03
-33.6842 5.178479E-03
-33.6642 5.212212E-03
-33.6442 5.246280E-03
-33.6242 5.280690E-03
-33.6042 5.315443E-03
-33.5842 5.350545E-03
-33.5642 5.386003E-03
-33.5442 5.421818E-03
-33.5241 5.457996E-03
-33.5041 5.494544E-03
-33.4841 5.531466E-03
-33.4641 5.568767E-03
-33.4441 5.606452E-03
-33.4241 5.644525E-03
-33.4041 5.682994E-03
-33.3841 5.721862E-03
-33.3641 5.761134E-03
-33.3441 5.800820E-03
-33.3240 5.840923E-03
-33.3040 5.881450E-03
-33.2840 5.922404E-03
-33.2640 5.963794E-03
-33.2440 6.005625E-03
-33.2240 6.047907E-03
-33.2040 6.090639E-03
-33.1840 6.133835E-03
-33.1640 6.177494E-03
-33.1440 6.221631E-03
-33.1239 6.266248E-03
-33.1039 6.311353E-03
-33.0839 6.356955E-03
-33.0639 6.403056E-03
-33.0439 6.449670E-03
-33.0239 6.496801E-03
-33.0039 6.544456E-03
-32.9839 6.592645E-03
-32.9639 6.641376E-03
-32.9439 6.690654E-03
-32.9238 6.740494E-03
-32.9038 6.790898E-03
-32.8838 6.841874E-03
-32.8638 6.893437E-03
-32.8438 6.945593E-03
-32.8238 6.998349E-03
-32.8038 7.051713E-03
-32.7838 7.105700E-03
-32.7638 7.160320E-03
-32.7438 7.215576E-03
-32.7237 7.271485E-03
-32.7037 7.328053E-03
-32.6837 7.385292E-03
-32.6637 7.443213E-03
-32.6437 7.501826E-03
-32.6237 7.561144E-03
-32.6037 7.621174E-03
-32.5837 7.681932E-03
-32.5637 7.743430E-03
-32.5437 7.805676E-03
-32.5236 7.868686E-03
-32.5036 7.932473E-03
-32.4836 7.997045E-03
-32.4636 8.062419E-03
-32.4436 8.128604E-03
-32.4236 8.195624E-03
-32.4036 8.263483E-03
-32.3836 8.332195E-03
-32.3636 8.401784E-03
-32.3436 8.472254E-03
-32.3235 8.543621E-03
-32.3035 8.615912E-03
-32.2835 8.689130E-03
-32.2635 8.763297E-03
-32.2435 8.838431E-03
-32.2235 8.914542E-03
-32.2035 8.991658E-03
-32.1835 9.069786E-03
-32.1635 9.148950E-03
-32.1435 9.229161E-03
-32.1234 9.310451E-03
-32.1034 9.392827E-03
-32.0834 9.476314E-03
-32.0634 9.560932E-03
-32.0434 9.646703E-03
-32.0234 9.733644E-03
-32.0034 9.821781E-03
-31.9834 9.911129E-03
-31.9634 1.000172E-02
-31.9434 1.009357E-02
-31.9233 1.018670E-02
-31.9033 1.028115E-02
-31.8833 1.037692E-02
-31.8633 1.047406E-02
-31.8433 1.057258E-02
-31.8233 1.067252E-02
-31.8033 1.077389E-02
-31.7833 1.087673E-02
-31.7633 1.098106E-02
-31.7433 1.108692E-02
-31.7232 1.119433E-02
-31.7032 1.130334E-02
-31.6832 1.141395E-02
-31.6632 1.152621E-02
-31.6432 1.164016E-02
-31.6232 1.175582E-02
-31.6032 1.187323E-02
-31.5832 1.199243E-02
-31.5632 1.211345E-02
-31.5432 1.223632E-02
-31.5231 1.236111E-02
-31.5031 1.248782E-02
-31.4831 1.261652E-02
-31.4631 1.274723E-02
-31.4431 1.288001E-02
-31.4231 1.301490E-02
-31.4031 1.315193E-02
-31.3831 1.329117E-02
-31.3631 1.343265E-02
-31.3431 1.357642E-02
-31.3230 1.372254E-02
-31.3030 1.387106E-02
-31.2830 1.402202E-02
-31.2630 1.417549E-02
-31.2430 1.433151E-02
-31.2230 1.449015E-02
-31.2030 1.465146E-02
-31.1830 1.481552E-02
-31.1630 1.498237E-02
-31.1430 1.515209E-02
-31.1229 1.532472E-02
-31.1029 1.550037E-02
-31.0829 1.567907E-02
-31.0629 1.586092E-02
-31.0429 1.604599E-02
-31.0229 1.623433E-02
-31.0029 1.642606E-02
-30.9829 1.662123E-02
-30.9629 1.681994E-02
-30.9429 1.702226E-02
-30.9228 1.722830E-02
-30.9028 1.743813E-02
-30.8828 1.765187E-02
-30.8628 1.786960E-02
-30.8428 1.809142E-02
-30.8228 1.831743E-02
-30.8028 1.854776E-02
-30.7828 1.878250E-02
-30.7628 1.902177E-02
-30.7428 1.926569E-02
-30.7227 1.951438E-02
-30.7027 1.976796E-02
-30.6827 2.002657E-02
-30.6627 2.029034E-02
-30.6427 2.055942E-02
-30.6227 2.083392E-02
-30.6027 2.111403E-02
-30.5827 2.139989E-02
-30.5627 2.169164E-02
-30.5427 2.198948E-02
-30.5226 2.229354E-02
-30.5026 2.260403E-02
-30.4826 2.292112E-02
-30.4626 2.324499E-02
-30.4426 2.357585E-02
-30.4226 2.391391E-02
-30.4026 2.425936E-02
-30.3826 2.461244E-02
-30.3626 2.497336E-02
-30.3426 2.534238E-02
-30.3225 2.571971E-02
-30.3025 2.610564E-02
-30.2825 2.650042E-02
-30.2625 2.690430E-02
-30.2425 2.731762E-02
-30.2225 2.774063E-02
-30.2025 2.817366E-02
-30.1825 2.861702E-02
-30.1625 2.907104E-02
-30.1425 2.953610E-02
-30.1224 3.001253E-02
-30.1024 3.050072E-02
-30.0824 3.100105E-02
-30.0624 3.151397E-02
-30.0424 3.203985E-02
-30.0224 3.257917E-02
-30.0024 3.313242E-02
-29.9824 3.370004E-02
-29.9624 3.428255E-02
-29.9424 3.488051E-02
-29.9223 3.549443E-02
-29.9023 3.612493E-02
-29.8823 3.677260E-02
-29.8623 3.743805E-02
-29.8423 3.812202E-02
-29.8223 3.882514E-02
-29.8023 3.954816E-02
-29.7823 4.029185E-02
-29.7623 4.105700E-02
-29.7423 4.184447E-02
-29.7222 4.265516E-02
-29.7022 4.349000E-02
-29.6822 4.434992E-02
-29.6622 4.523600E-02
-29.6422 4.614934E-02
-29.6222 4.709101E-02
-29.6022 4.806230E-02
-29.5822 4.906440E-02
-29.5622 5.009870E-02
-29.5422 5.116660E-02
-29.5221 5.226956E-02
-29.5021 5.340923E-02
-29.4821 5.458719E-02
-29.4621 5.580527E-02
-29.4421 5.706534E-02
-29.4221 5.836933E-02
-29.4021 5.971939E-02
-29.3821 6.111771E-02
-29.3621 6.256668E-02
-29.3421 6.406887E-02
-29.3220 6.562689E-02
-29.3020 6.724356E-02
-29.2820 6.892204E-02
-29.2620 7.066556E-02
-29.2420 7.247749E-02
-29.2220 7.436157E-02
-29.2020 7.632182E-02
-29.1820 7.836246E-02
-29.1620 8.048799E-02
-29.1420 8.270336E-02
-29.1219 8.501383E-02
-29.1019 8.742501E-02
-29.0819 8.994297E-02
-29.0619 9.257430E-02
-29.0419 9.532605E-02
-29.0219 9.820593E-02
-29.0019 1.012222E-01
-28.9819 1.043839E-01
-28.9619 1.077007E-01
-28.9419 1.111833E-01
-28.9218 1.148434E-01
-28.9018 1.186935E-01
-28.8818 1.227473E-01
-28.8618 1.270201E-01
-28.8418 1.315284E-01
-28.8218 1.362906E-01
-28.8018 1.413267E-01
-28.7818 1.466593E-01
-28.7618 1.523124E-01
-28.7418 1.583138E-01
-28.7217 1.646938E-01
-28.7017 1.714866E-01
-28.6817 1.787299E-01
-28.6617 1.864666E-01
-28.6417 1.947446E-01
-28.6217 2.036188E-01
-28.6017 2.131505E-01
-28.5817 2.234104E-01
-28.5617 2.344788E-01
-28.5417 2.464489E-01
-28.5216 2.594275E-01
-28.5016 2.735392E-01
-28.4816 2.889299E-01
-28.4616 3.057713E-01
-28.4416 3.242657E-01
-28.4216 3.446572E-01
-28.4016 3.672374E-01
-28.3816 3.923635E-01
-28.3616 4.204735E-01
-28.3416 4.521120E-01
-28.3215 4.879679E-01
-28.3015 5.289233E-01
-28.2815 5.761274E-01
-28.2615 6.311101E-01
-28.2415 6.959488E-01
-28.2215 7.735446E-01
-28.2015 8.680410E-01
-28.1815 9.855513E-01
-28.1615 1.135270E+00
-28.1415 1.331124E+00
-28.1214 1.593131E+00
-28.1014 1.943771E+00
-28.0814 2.383715E+00
-28.0614 2.841970E+00
-28.0414 3.224509E+00
-28.0214 3.612949E+00
-28.0014 4.190583E+00
-27.9814 4.993646E+00
-27.9614 5.848342E+00
-27.9414 6.582947E+00
-27.9213 7.180795E+00
-27.9013 7.768065E+00
-27.8813 8.665067E+00
-27.8613 9.961057E+00
-27.8413 1.134826E+01
-27.8213 1.237384E+01
-27.8013 1.261214E+01
-27.7813 1.220876E+01
-27.7613 1.194077E+01
-27.7413 1.218783E+01
-27.7212 1.247692E+01
-27.7012 1.213945E+01
-27.6812 1.127947E+01
-27.6612 1.029972E+01
-27.6412 9.402234E+00
-27.6212 8.813436E+00
-27.6012 8.689384E+00
-27.5812 9.014346E+00
-27.5612 9.686616E+00
-27.5412 1.042467E+01
-27.5211 1.091463E+01
-27.5011 1.118940E+01
-27.4811 1.159600E+01
-27.4611 1.227444E+01
-27.4411 1.292852E+01
-27.4211 1.319789E+01
-27.4011 1.285279E+01
-27.3811 1.196159E+01
-27.3611 1.105996E+01
-27.3411 1.049455E+01
-27.3210 1.028905E+01
-27.3010 1.040712E+01
-27.2810 1.062885E+01
-27.2610 1.055333E+01
-27.2410 9.947485E+00
-27.2210 8.804752E+00
-27.2010 7.200338E+00
-27.1810 5.553915E+00
-27.1610 4.233558E+00
-27.1410 3.283122E+00
-27.1209 2.612897E+00
-27.1009 2.132836E+00
-27.0809 1.779761E+00
-27.0609 1.512829E+00
-27.0409 1.305858E+00
-27.0209 1.141773E+00
-27.0009 1.009150E+00
-26.9809 9.001655E-01
-26.9609 8.093020E-01
-26.9409 7.325951E-01
-26.9208 6.671258E-01
-26.9008 6.107063E-01
-26.8808 5.616689E-01
-26.8608 5.187237E-01
-26.8408 4.808563E-01
-26.8208 4.472623E-01
-26.8008 4.172930E-01
-26.7808 3.904240E-01
-26.7608 3.662233E-01
-26.7408 3.443342E-01
-26.7207 3.244596E-01
-26.7007 3.063496E-01
-26.6807 2.897933E-01
-26.6607 2.746109E-01
-26.6407 2.606491E-01
-26.6207 2.477754E-01
-26.6007 2.358757E-01
-26.5807 2.248509E-01
-26.5607 2.146141E-01
-26.5407 2.050896E-01
-26.5206 1.962107E-01
-26.5006 1.879184E-01
-26.4806 1.801606E-01
-26.4606 1.728910E-01
-26.4406 1.660683E-01
-26.4206 1.596554E-01
-26.4006 1.536194E-01
-26.3806 1.479306E-01
-26.3606 1.425619E-01
-26.3406 1.374892E-01
-26.3205 1.326907E-01
-26.3005 1.281463E-01
-26.2805 1.238381E-01
-26.2605 1.197496E-01
-26.2405 1.158657E-01
-26.2205 1.121728E-01
-26.2005 1.086582E-01
-26.1805 1.053104E-01
-26.1605 1.021188E-01
-26.1405 9.907351E-02
-26.1204 9.616570E-02
-26.1004 9.338701E-02
-26.0804 9.072975E-02
-26.0604 8.818681E-02
-26.0404 8.575160E-02
-26.0204 8.341804E-02
-26.0004 8.118043E-02
-25.9804 7.903349E-02
-25.9604 7.697232E-02
-25.9404 7.499230E-02
-25.9203 7.308918E-02
-25.9003 7.125902E-02
-25.8803 6.949802E-02
-25.8603 6.780269E-02
-25.8403 6.616976E-02
-25.8203 6.459618E-02
-25.8003 6.307906E-02
-25.7803 6.161567E-02
-25.7603 6.020350E-02
-25.7403 5.884014E-02
-25.7202 5.752333E-02
-25.7002 5.625097E-02
-25.6802 5.502103E-02
-25.6602 5.383164E-02
-25.6402 5.268102E-02
-25.6202 5.156746E-02
-25.6002 5.048939E-02
-25.5802 4.944529E-02
-25.5602 4.843373E-02
-25.5402 4.745336E-02
-25.5201 4.650289E-02
-25.5001 4.558112E-02
-25.4801 4.468689E-02
-25.4601 4.381909E-02
-25.4401 4.297669E-02
-25.4201 4.215869E-02
-25.4001 4.136416E-02
-25.3801 4.059218E-02
-25.3601 3.984192E-02
-25.3401 3.911256E-02
-25.3200 3.840331E-02
-25.3000 3.771345E-02
-25.2800 3.704226E-02
-25.2600 3.638907E-02
-25.2400 3.575324E-02
-25.2200 3.513415E-02
-25.2000 3.453122E-02
-25.1800 3.394388E-02
-25.1600 3.337160E-02
-25.1400 3.281386E-02
-25.1199 3.227017E-02
-25.0999 3.174006E-02
-25.0799 3.122308E-02
-25.0599 3.071879E-02
-25.0399 3.022678E-02
-25.0199 2.974665E-02
-24.9999 2.927802E-02
-24.9799 2.882052E-02
-24.9599 2.837381E-02
-24.9399 2.793753E-02
-24.9198 2.751137E-02
-24.8998 2.709502E-02
-24.8798 2.668817E-02
-24.8598 2.629054E-02
-24.8398 2.590184E-02
-24.8198 2.552181E-02
-24.7998 2.515020E-02
-24.7798 2.478675E-02
-24.7598 2.443123E-02
-24.7398 2.408341E-02
-24.7197 2.374305E-02
-24.6997 2.340996E-02
-24.6797 2.308393E-02
-24.6597 2.276475E-02
-24.6397 2.245224E-02
-24.6197 2.214620E-02
-24.5997 2.184647E-02
-24.5797 2.155286E-02
-24.5597 2.126521E-02
-24.5397 2.098336E-02
-24.5196 2.070716E-02
-24.4996 2.043645E-02
-24.4796 2.017109E-02
-24.4596 1.991094E-02
-24.4396 1.965586E-02
-24.4196 1.940573E-02
-24.3996 1.916040E-02
-24.3796 1.891977E-02
-24.3596 1.868371E-02
-24.3396 1.845210E-02
-24.3195 1.822484E-02
-24.2995 1.800181E-02
-24.2795 1.778292E-02
-24.2595 1.756805E-02
-24.2395 1.735712E-02
-24.2195 1.715002E-02
-24.1995 1.694665E-02
-24.1795 1.674695E-02
-24.1595 1.655080E-02
-24.1395 1.635814E-02
-24.1194 1.616888E-02
-24.0994 1.598294E-02
-24.0794 1.580024E-02
-24.0594 1.562071E-02
-24.0394 1.544427E-02
-24.0194 1.527085E-02
-23.9994 1.510039E-02
-23.9794 1.493281E-02
-23.9594 1.476806E-02
-23.9394 1.460606E-02
-23.9193 1.444676E-02
-23.8993 1.429010E-02
-23.8793 1.413602E-02
-23.8593 1.398447E-02
-23.8393 1.383538E-02
-23.8193 1.368871E-02
-23.7993 1.354440E-02
-23.7793 1.340240E-02
-23.7593 1.326267E-02
-23.7393 1.312515E-02
-23.7192 1.298981E-02
-23.6992 1.285658E-02
-23.6792 1.272544E-02
-23.6592 1.259633E-02
-23.6392 1.246922E-02
-23.6192 1.234406E-02
-23.5992 1.222082E-02
-23.5792 1.209945E-02
-23.5592 1.197991E-02
-23.5392 1.186218E-02
-23.5191 1.174621E-02
-23.4991 1.163197E-02
-23.4791 1.151943E-02
-23.4591 1.140855E-02
-23.4391 1.129930E-02
-23.4191 1.119164E-02
-23.3991 1.108555E-02
-23.3791 1.098100E-02
-23.3591 1.087796E-02
-23.3391 1.077639E-02
-23.3190 1.067627E-02
-23.2990 1.057758E-02
-23.2790 1.048028E-02
-23.2590 1.038435E-02
-23.2390 1.028977E-02
-23.2190 1.019650E-02
-23.1990 1.010453E-02
-23.1790 1.001383E-02
-23.1590 9.924379E-03
-23.1390 9.836153E-03
-23.1189 9.749128E-03
-23.0989 9.663285E-03
-23.0789 9.578604E-03
-23.0589 9.495059E-03
-23.0389 9.412635E-03
-23.0189 9.331309E-03
-22.9989 9.251064E-03
-22.9789 9.171880E-03
-22.9589 9.093738E-03
-22.9389 9.016619E-03
-22.9188 8.940509E-03
-22.8988 8.865387E-03
-22.8788 8.791237E-03
-22.8588 8.718042E-03
-22.8388 8.645785E-03
-22.8188 8.574454E-03
-22.7988 8.504027E-03
-22.7788 8.434496E-03
-22.7588 8.365841E-03
-22.7388 8.298050E-03
-22.7187 8.231108E-03
-22.6987 8.165000E-03
-22.6787 8.099712E-03
-22.6587 8.035233E-03
-22.6387 7.971548E-03
-22.6187 7.908644E-03
-22.5987 7.846509E-03
-22.5787 7.785131E-03
-22.5587 7.724498E-03
-22.5387 7.664597E-03
-22.5186 7.605417E-03
-22.4986 7.546946E-03
-22.4786 7.489174E-03
-22.4586 7.432089E-03
-22.4386 7.375679E-03
-22.4186 7.319936E-03
-22.3986 7.264849E-03
-22.3786 7.210408E-03
-22.3586 7.156601E-03
-22.3386 7.103421E-03
-22.3185 7.050858E-03
-22.2985 6.998902E-03
-22.2785 6.947543E-03
-22.2585 6.896773E-03
-22.2385 6.846582E-03
-22.2185 6.796964E-03
-22.1985 6.747908E-03
-22.1785 6.699407E-03
-22.1585 6.651451E-03
-22.1385 6.604034E-03
-22.1184 6.557148E-03
-22.0984 6.510784E-03
-22.0784 6.464934E-03
-22.0584 6.419593E-03
-22.0384 6.374751E-03
-22.0184 6.330403E-03
-21.9984 6.286541E-03
-21.9784 6.243158E-03
-21.9584 6.200247E-03
-21.9384 6.157802E-03
-21.9183 6.115815E-03
-21.8983 6.074281E-03
-21.8783 6.033194E-03
-21.8583 5.992545E-03
-21.8383 5.952332E-03
-21.8183 5.912546E-03
-21.7983 5.873181E-03
-21.7783 5.834233E-03
-21.7583 5.795698E-03
-21.7383 5.757565E-03
-21.7182 5.719833E-03
-21.6982 5.682493E-03
-21.6782 5.645545E-03
-21.6582 5.608978E-03
-21.6382 5.572791E-03
-21.6182 5.536977E-03
-21.5982 5.501531E-03
-21.5782 5.466449E-03
-21.5582 5.431726E-03
-21.5382 5.397358E-03
-21.5181 5.363339E-03
-21.4981 5.329666E-03
-21.4781 5.296333E-03
-21.4581 5.263335E-03
-21.4381 5.230669E-03
-21.4181 5.198334E-03
-21.3981 5.166319E-03
-21.3781 5.134626E-03
-21.3581 5.103248E-03
-21.3381 5.072182E-03
-21.3180 5.041423E-03
-21.2980 5.010968E-03
-21.2780 4.980814E-03
-21.2580 4.950955E-03
-21.2380 4.921390E-03
-21.2180 4.892115E-03
-21.1980 4.863126E-03
-21.1780 4.834418E-03
-21.1580 4.805989E-03
-21.1380 4.777835E-03
-21.1179 4.749954E-03
-21.0979 4.722342E-03
-21.0779 4.694997E-03
-21.0579 4.667914E-03
-21.0379 4.641092E-03
-21.0179 4.614528E-03
-20.9979 4.588215E-03
-20.9779 4.562155E-03
-20.9579 4.536342E-03
-20.9379 4.510775E-03
-20.9178 4.485452E-03
-20.8978 4.460367E-03
-20.8778 4.435521E-03
-20.8578 4.410911E-03
-20.8378 4.386532E-03
-20.8178 4.362382E-03
-20.7978 4.338460E-03
-20.7778 4.314764E-03
-20.7578 4.291289E-03
-20.7378 4.268036E-03
-20.7177 4.245001E-03
-20.6977 4.222182E-03
-20.6777 4.199576E-03
-20.6577 4.177183E-03
-20.6377 4.154998E-03
-20.6177 4.133021E-03
-20.5977 4.111251E-03
-20.5777 4.089684E-03
-20.5577 4.068319E-03
-20.5377 4.047155E-03
-20.5176 4.026190E-03
-20.4976 4.005420E-03
-20.4776 3.984847E-03
-20.4576 3.964465E-03
-20.4376 3.944278E-03
-20.4176 3.924280E-03
-20.3976 3.904471E-03
-20.3776 3.884852E-03
-20.3576 3.865417E-03
-20.3376 3.846169E-03
-20.3175 3.827104E-03
-20.2975 3.808222E-03
-20.2775 3.789523E-03
-20.2575 3.771006E-03
-20.2375 3.752669E-03
-20.2175 3.734510E-03
-20.1975 3.716530E-03
-20.1775 3.698730E-03
-20.1575 3.681107E-03
-20.1375 3.663662E-03
-20.1174 3.646395E-03
-20.0974 3.629306E-03
-20.0774 3.612394E-03
-20.0574 3.595658E-03
-20.0374 3.579101E-03
-20.0174 3.562724E-03
-19.9974 3.546526E-03
-19.9774 3.530506E-03
-19.9574 3.514670E-03
-19.9374 3.499015E-03
-19.9173 3.483548E-03
-19.8973 3.468266E-03
-19.8773 3.453173E-03
-19.8573 3.438273E-03
-19.8373 3.423567E-03
-19.8173 3.409060E-03
-19.7973 3.394758E-03
-19.7773 3.380663E-03
-19.7573 3.366782E-03
-19.7373 3.353120E-03
-19.7172 3.339687E-03
-19.6972 3.326489E-03
-19.6772 3.313536E-03
-19.6572 3.300837E-03
-19.6372 3.288409E-03
-19.6172 3.276259E-03
-19.5972 3.264408E-03
-19.5772 3.252870E-03
-19.5572 3.241672E-03
-19.5372 3.230833E-03
-19.5171 3.220385E-03
-19.4971 3.210358E-03
-19.4771 3.200787E-03
-19.4571 3.191725E-03
-19.4371 3.183214E-03
-19.4171 3.175322E-03
-19.3971 3.168118E-03
-19.3771 3.161691E-03
-19.3571 3.156140E-03
-19.3371 3.151592E-03
-19.3170 3.148201E-03
-19.2970 3.146151E-03
-19.2770 3.145668E-03
-19.2570 3.147043E-03
-19.2370 3.150622E-03
-19.2170 3.156863E-03
-19.1970 3.166358E-03
-19.1770 3.179843E-03
-19.1570 3.198329E-03
-19.1370 3.223142E-03
-19.1169 3.256097E-03
-19.0969 3.299698E-03
-19.0769 3.357502E-03
-19.0569 3.434662E-03
-19.0369 3.538762E-03
-19.0169 3.681397E-03
-18.9969 3.880507E-03
-18.9769 4.164496E-03
-18.9569 4.577754E-03
-18.9369 5.184568E-03
-18.9168 6.051511E-03
-18.8968 7.154897E-03
-18.8768 8.238479E-03
-18.8568 8.982355E-03
-18.8368 9.204115E-03
-18.8168 8.606601E-03
-18.7968 7.366795E-03
-18.7768 6.120908E-03
-18.7568 5.175735E-03
-18.7368 4.520943E-03
-18.7167 4.071867E-03
-18.6967 3.757808E-03
-18.6767 3.531830E-03
-18.6567 3.364368E-03
-18.6367 3.236749E-03
-18.6167 3.136997E-03
-18.5967 3.057230E-03
-18.5767 2.992141E-03
-18.5567 2.938029E-03
-18.5367 2.892302E-03
-18.5166 2.853101E-03
-18.4966 2.819033E-03
-18.4766 2.789078E-03
-18.4566 2.762459E-03
-18.4366 2.738576E-03
-18.4166 2.716964E-03
-18.3966 2.697254E-03
-18.3766 2.679154E-03
-18.3566 2.662440E-03
-18.3366 2.646909E-03
-18.3165 2.632420E-03
-18.2965 2.618836E-03
-18.2765 2.606070E-03
-18.2565 2.594015E-03
-18.2365 2.582612E-03
-18.2165 2.571798E-03
-18.1965 2.561521E-03
-18.1765 2.551735E-03
-18.1565 2.542426E-03
-18.1365 2.533528E-03
-18.1164 2.525048E-03
-18.0964 2.516959E-03
-18.0764 2.509213E-03
-18.0564 2.501852E-03
-18.0364 2.494836E-03
-18.0164 2.488151E-03
-17.9964 2.481782E-03
-17.9764 2.475771E-03
-17.9564 2.470071E-03
-17.9364 2.464706E-03
-17.9163 2.459677E-03
-17.8963 2.454976E-03
-17.8763 2.450604E-03
-17.8563 2.446626E-03
-17.8363 2.442989E-03
-17.8163 2.439716E-03
-17.7963 2.436882E-03
-17.7763 2.434409E-03
-17.7563 2.432369E-03
-17.7363 2.430829E-03
-17.7162 2.429728E-03
-17.6962 2.429123E-03
-17.6762 2.429166E-03
-17.6562 2.429735E-03
-17.6362 2.430976E-03
-17.6162 2.432908E-03
-17.5962 2.435674E-03
-17.5762 2.439242E-03
-17.5562 2.443831E-03
-17.5362 2.449384E-03
-17.5161 2.456331E-03
-17.4961 2.464532E-03
-17.4761 2.474388E-03
-17.4561 2.486339E-03
-17.4361 2.500456E-03
-17.4161 2.517632E-03
-17.3961 2.538515E-03
-17.3761 2.564520E-03
-17.3561 2.597154E-03
-17.3361 2.638932E-03
-17.3160 2.691487E-03
-17.2960 2.752063E-03
-17.2760 2.811975E-03
-17.2560 2.874351E-03
-17.2360 2.956895E-03
-17.2160 3.077149E-03
-17.1960 3.229060E-03
-17.1760 3.359914E-03
-17.1560 3.395185E-03
-17.1360 3.351946E-03
-17.1159 3.310289E-03
-17.0959 3.308845E-03
-17.0759 3.352620E-03
-17.0559 3.437932E-03
-17.0359 3.563359E-03
-17.0159 3.726266E-03
-16.9959 3.943853E-03
-16.9759 4.224024E-03
-16.9559 4.585392E-03
-16.9359 5.054946E-03
-16.9158 5.671530E-03
-16.8958 6.531662E-03
-16.8758 7.774293E-03
-16.8558 9.516594E-03
-16.8358 1.207329E-02
-16.8158 1.544496E-02
-16.7958 1.939489E-02
-16.7758 2.195274E-02
-16.7558 2.183461E-02
-16.7358 2.113534E-02
-16.7157 2.173734E-02
-16.6957 2.420677E-02
-16.6757 2.762024E-02
-16.6557 2.897801E-02
-16.6357 2.424133E-02
-16.6157 2.038959E-02
-16.5957 1.636977E-02
-16.5757 1.330728E-02
-16.5557 1.080240E-02
-16.5357 9.554000E-03
-16.5156 8.556219E-03
-16.4956 8.001309E-03
-16.4756 7.351318E-03
-16.4556 6.969518E-03
-16.4356 6.647121E-03
-16.4156 6.427463E-03
-16.3956 6.193179E-03
-16.3756 6.027348E-03
-16.3556 5.916755E-03
-16.3356 5.785779E-03
-16.3155 5.691291E-03
-16.2955 5.607108E-03
-16.2755 5.549134E-03
-16.2555 5.491864E-03
-16.2355 5.440599E-03
-16.2155 5.402316E-03
-16.1955 5.362125E-03
-16.1755 5.337624E-03
-16.1555 5.311555E-03
-16.1355 5.290899E-03
-16.1154 5.275850E-03
-16.0954 5.266682E-03
-16.0754 5.259915E-03
-16.0554 5.255700E-03
-16.0354 5.255968E-03
-16.0154 5.258430E-03
-15.9954 5.263150E-03
-15.9754 5.270205E-03
-15.9554 5.280729E-03
-15.9354 5.293424E-03
-15.9153 5.309219E-03
-15.8953 5.327116E-03
-15.8753 5.347881E-03
-15.8553 5.370128E-03
-15.8353 5.395828E-03
-15.8153 5.423205E-03
-15.7953 5.453395E-03
-15.7753 5.485297E-03
-15.7553 5.520532E-03
-15.7353 5.559516E-03
-15.7152 5.600458E-03
-15.6952 5.644445E-03
-15.6752 5.690915E-03
-15.6552 5.739764E-03
-15.6352 5.791108E-03
-15.6152 5.845849E-03
-15.5952 5.904891E-03
-15.5752 5.969920E-03
-15.5552 6.040438E-03
-15.5352 6.117954E-03
-15.5151 6.203776E-03
-15.4951 6.298155E-03
-15.4751 6.402682E-03
-15.4551 6.519238E-03
-15.4351 6.647115E-03
-15.4151 6.786886E-03
-15.3951 6.935570E-03
-15.3751 7.086630E-03
-15.3551 7.230157E-03
-15.3351 7.353175E-03
-15.3150 7.444421E-03
-15.2950 7.500355E-03
-15.2750 7.526332E-03
-15.2550 7.533670E-03
-15.2350 7.534656E-03
-15.2150 7.538713E-03
-15.1950 7.551244E-03
-15.1750 7.574582E-03
-15.1550 7.609123E-03
-15.1350 7.654243E-03
-15.1149 7.708831E-03
-15.0949 7.772106E-03
-15.0749 7.842516E-03
-15.0549 7.919374E-03
-15.0349 8.002200E-03
-15.0149 8.089880E-03
-14.9949 8.182278E-03
-14.9749 8.278488E-03
-14.9549 8.378725E-03
-14.9349 8.482301E-03
-14.9148 8.588878E-03
-14.8948 8.698535E-03
-14.8748 8.811037E-03
-14.8548 8.926006E-03
-14.8348 9.043186E-03
-14.8148 9.162589E-03
-14.7948 9.284127E-03
-14.7748 9.407586E-03
-14.7548 9.532866E-03
-14.7348 9.659851E-03
-14.7147 9.788423E-03
-14.6947 9.918353E-03
-14.6747 1.004975E-02
-14.6547 1.018223E-02
-14.6347 1.031589E-02
-14.6147 1.045067E-02
-14.5947 1.058637E-02
-14.5747 1.072276E-02
-14.5547 1.085992E-02
-14.5347 1.099760E-02
-14.5146 1.113585E-02
-14.4946 1.127448E-02
-14.4746 1.141343E-02
-14.4546 1.155261E-02
-14.4346 1.169192E-02
-14.4146 1.183129E-02
-14.3946 1.197063E-02
-14.3746 1.210975E-02
-14.3546 1.224888E-02
-14.3346 1.238760E-02
-14.3145 1.252603E-02
-14.2945 1.266394E-02
-14.2745 1.280138E-02
-14.2545 1.293820E-02
-14.2345 1.307428E-02
-14.2145 1.320979E-02
-14.1945 1.334433E-02
-14.1745 1.347804E-02
-14.1545 1.361080E-02
-14.1345 1.374237E-02
-14.1144 1.387277E-02
-14.0944 1.400190E-02
-14.0744 1.412979E-02
-14.0544 1.425617E-02
-14.0344 1.438097E-02
-14.0144 1.450420E-02
-13.9944 1.462587E-02
-13.9744 1.474552E-02
-13.9544 1.486325E-02
-13.9344 1.497916E-02
-13.9143 1.509281E-02
-13.8943 1.520435E-02
-13.8743 1.531346E-02
-13.8543 1.542038E-02
-13.8343 1.552470E-02
-13.8143 1.562648E-02
-13.7943 1.572547E-02
-13.7743 1.582180E-02
-13.7543 1.591533E-02
-13.7343 1.600596E-02
-13.7142 1.609377E-02
-13.6942 1.617846E-02
-13.6742 1.626003E-02
-13.6542 1.633864E-02
-13.6342 1.641399E-02
-13.6142 1.648638E-02
-13.5942 1.655558E-02
-13.5742 1.662168E-02
-13.5542 1.668460E-02
-13.5342 1.674451E-02
-13.5141 1.680146E-02
-13.4941 1.685532E-02
-13.4741 1.690634E-02
-13.4541 1.695458E-02
-13.4341 1.700003E-02
-13.4141 1.704285E-02
-13.3941 1.708313E-02
-13.3741 1.712106E-02
-13.3541 1.715665E-02
-13.3341 1.719020E-02
-13.3140 1.722175E-02
-13.2940 1.725145E-02
-13.2740 1.727958E-02
-13.2540 1.730621E-02
-13.2340 1.733163E-02
-13.2140 1.735602E-02
-13.1940 1.737957E-02
-13.1740 1.740259E-02
-13.1540 1.742515E-02
-13.1340 1.744757E-02
-13.1139 1.747019E-02
-13.0939 1.749301E-02
-13.0739 1.751643E-02
-13.0539 1.754045E-02
-13.0339 1.756543E-02
-13.0139 1.759150E-02
-12.9939 1.761869E-02
-12.9739 1.764724E-02
-12.9539 1.767716E-02
-12.9339 1.770865E-02
-12.9138 1.774159E-02
-12.8938 1.777605E-02
-12.8738 1.781204E-02
-12.8538 1.784951E-02
-12.8338 1.788850E-02
-12.8138 1.792889E-02
-12.7938 1.797067E-02
-12.7738 1.801371E-02
-12.7538 1.805795E-02
-12.7338 1.810332E-02
-12.7137 1.814978E-02
-12.6937 1.819722E-02
-12.6737 1.824560E-02
-12.6537 1.829485E-02
-12.6337 1.834497E-02
-12.6137 1.839587E-02
-12.5937 1.844754E-02
-12.5737 1.849996E-02
-12.5537 1.855311E-02
-12.5337 1.860702E-02
-12.5136 1.866169E-02
-12.4936 1.871710E-02
-12.4736 1.877334E-02
-12.4536 1.883040E-02
-12.4336 1.888831E-02
-12.4136 1.894713E-02
-12.3936 1.900683E-02
-12.3736 1.906756E-02
-12.3536 1.912927E-02
-12.3336 1.919205E-02
-12.3135 1.925590E-02
-12.2935 1.932094E-02
-12.2735 1.938711E-02
-12.2535 1.945458E-02
-12.2335 1.952326E-02
-12.2135 1.959325E-02
-12.1935 1.966455E-02
-12.1735 1.973724E-02
-12.1535 1.981136E-02
-12.1335 1.988683E-02
-12.1134 1.996380E-02
-12.0934 2.004223E-02
-12.0734 2.012215E-02
-12.0534 2.020356E-02
-12.0334 2.028650E-02
-12.0134 2.037099E-02
-11.9934 2.045697E-02
-11.9734 2.054455E-02
-11.9534 2.063360E-02
-11.9334 2.072425E-02
-11.9133 2.081637E-02
-11.8933 2.091007E-02
-11.8733 2.100524E-02
-11.8533 2.110190E-02
-11.8333 2.120004E-02
-11.8133 2.129963E-02
-11.7933 2.140064E-02
-11.7733 2.150303E-02
-11.7533 2.160674E-02
-11.7333 2.171182E-02
-11.7132 2.181810E-02
-11.6932 2.192563E-02
-11.6732 2.203433E-02
-11.6532 2.214412E-02
-11.6332 2.225499E-02
-11.6132 2.236681E-02
-11.5932 2.247956E-02
-11.5732 2.259315E-02
-11.5532 2.270752E-02
-11.5332 2.282257E-02
-11.5131 2.293821E-02
-11.4931 2.305440E-02
-11.4731 2.317100E-02
-11.4531 2.328794E-02
-11.4331 2.340512E-02
-11.4131 2.352244E-02
-11.3931 2.363982E-02
-11.3731 2.375715E-02
-11.3531 2.387431E-02
-11.3331 2.399122E-02
-11.3130 2.410776E-02
-11.2930 2.422389E-02
-11.2730 2.433946E-02
-11.2530 2.445440E-02
-11.2330 2.456859E-02
-11.2130 2.468195E-02
-11.1930 2.479442E-02
-11.1730 2.490594E-02
-11.1530 2.501636E-02
-11.1330 2.512569E-02
-11.1129 2.523385E-02
-11.0929 2.534079E-02
-11.0729 2.544643E-02
-11.0529 2.555083E-02
-11.0329 2.565387E-02
-11.0129 2.575556E-02
-10.9929 2.585596E-02
-10.9729 2.595494E-02
-10.9529 2.605265E-02
-10.9329 2.614902E-02
-10.9128 2.624413E-02
-10.8928 2.633799E-02
-10.8728 2.643067E-02
-10.8528 2.652221E-02
-10.8328 2.661268E-02
-10.8128 2.670215E-02
-10.7928 2.679071E-02
-10.7728 2.687841E-02
-10.7528 2.696535E-02
-10.7328 2.705165E-02
-10.7127 2.713734E-02
-10.6927 2.722258E-02
-10.6727 2.730743E-02
-10.6527 2.739200E-02
-10.6327 2.747639E-02
-10.6127 2.756073E-02
-10.5927 2.764505E-02
-10.5727 2.772949E-02
-10.5527 2.781417E-02
-10.5327 2.789911E-02
-10.5126 2.798445E-02
-10.4926 2.807030E-02
-10.4726 2.815671E-02
-10.4526 2.824376E-02
-10.4326 2.833153E-02
-10.4126 2.842006E-02
-10.3926 2.850952E-02
-10.3726 2.859987E-02
-10.3526 2.869119E-02
-10.3326 2.878358E-02
-10.3125 2.887706E-02
-10.2925 2.897169E-02
-10.2725 2.906749E-02
-10.2525 2.916457E-02
-10.2325 2.926288E-02
-10.2125 2.936252E-02
-10.1925 2.946346E-02
-10.1725 2.956583E-02
-10.1525 2.966955E-02
-10.1325 2.977466E-02
-10.1124 2.988125E-02
-10.0924 2.998928E-02
-10.0724 3.009879E-02
-10.0524 3.020980E-02
-10.0324 3.032228E-02
-10.0124 3.043632E-02
-9.9924 3.055184E-02
-9.9724 3.066888E-02
-9.9524 3.078749E-02
-9.9324 3.090761E-02
-9.9123 3.102928E-02
-9.8923 3.115252E-02
-9.8723 3.127733E-02
-9.8523 3.140365E-02
-9.8323 3.153154E-02
-9.8123 3.166098E-02
-9.7923 3.179199E-02
-9.7723 3.192454E-02
-9.7523 3.205867E-02
-9.7323 3.219432E-02
-9.7122 3.233153E-02
-9.6922 3.247024E-02
-9.6722 3.261054E-02
-9.6522 3.275235E-02
-9.6322 3.289567E-02
-9.6122 3.304053E-02
-9.5922 3.318687E-02
-9.5722 3.333477E-02
-9.5522 3.348414E-02
-9.5322 3.363499E-02
-9.5121 3.378734E-02
-9.4921 3.394116E-02
-9.4721 3.409640E-02
-9.4521 3.425313E-02
-9.4321 3.441125E-02
-9.4121 3.457084E-02
-9.3921 3.473182E-02
-9.3721 3.489421E-02
-9.3521 3.505794E-02
-9.3321 3.522303E-02
-9.3120 3.538947E-02
-9.2920 3.555723E-02
-9.2720 3.572627E-02
-9.2520 3.589654E-02
-9.2320 3.606812E-02
-9.2120 3.624088E-02
-9.1920 3.641482E-02
-9.1720 3.658990E-02
-9.1520 3.676614E-02
-9.1320 3.694337E-02
-9.1119 3.712171E-02
-9.0919 3.730101E-02
-9.0719 3.748128E-02
-9.0519 3.766245E-02
-9.0319 3.784449E-02
-9.0119 3.802731E-02
-8.9919 3.821089E-02
-8.9719 3.839515E-02
-8.9519 3.858006E-02
-8.9319 3.876559E-02
-8.9118 3.895154E-02
-8.8918 3.913797E-02
-8.8718 3.932480E-02
-8.8518 3.951194E-02
-8.8318 3.969926E-02
-8.8118 3.988675E-02
-8.7918 4.007434E-02
-8.7718 4.026190E-02
-8.7518 4.044944E-02
-8.7318 4.063678E-02
-8.7117 4.082390E-02
-8.6917 4.101070E-02
-8.6717 4.119709E-02
-8.6517 4.138302E-02
-8.6317 4.156837E-02
-8.6117 4.175309E-02
-8.5917 4.193709E-02
-8.5717 4.212032E-02
-8.5517 4.230264E-02
-8.5317 4.248403E-02
-8.5116 4.266439E-02
-8.4916 4.284367E-02
-8.4716 4.302179E-02
-8.4516 4.319869E-02
-8.4316 4.337430E-02
-8.4116 4.354860E-02
-8.3916 4.372151E-02
-8.3716 4.389298E-02
-8.3516 4.406299E-02
-8.3316 4.423145E-02
-8.3115 4.439837E-02
-8.2915 4.456370E-02
-8.2715 4.472745E-02
-8.2515 4.488954E-02
-8.2315 4.504995E-02
-8.2115 4.520878E-02
-8.1915 4.536588E-02
-8.1715 4.552134E-02
-8.1515 4.567514E-02
-8.1315 4.582726E-02
-8.1114 4.597776E-02
-8.0914 4.612659E-02
-8.0714 4.627382E-02
-8.0514 4.641947E-02
-8.0314 4.656355E-02
-8.0114 4.670607E-02
-7.9914 4.684712E-02
-7.9714 4.698668E-02
-7.9514 4.712483E-02
-7.9314 4.726158E-02
-7.9113 4.739696E-02
-7.8913 4.753105E-02
-7.8713 4.766387E-02
-7.8513 4.779547E-02
-7.8313 4.792588E-02
-7.8113 4.805520E-02
-7.7913 4.818343E-02
-7.7713 4.831061E-02
-7.7513 4.843681E-02
-7.7313 4.856207E-02
-7.7112 4.868645E-02
-7.6912 4.880998E-02
-7.6712 4.893264E-02
-7.6512 4.905459E-02
-7.6312 4.917579E-02
-7.6112 4.929633E-02
-7.5912 4.941621E-02
-7.5712 4.953547E-02
-7.5512 4.965419E-02
-7.5312 4.977234E-02
-7.5111 4.989001E-02
-7.4911 5.000716E-02
-7.4711 5.012385E-02
-7.4511 5.024015E-02
-7.4311 5.035602E-02
