882.067 -60.6764418000 -3.7403849723 1.3137373284E-05
892.067 -50.6764418000 -3.3713196788 1.8043189064E-05
902.067 -40.6764418000 -2.9565373349 2.7093839761E-05
912.067 -30.6764418000 -2.4731417416 4.8330650905E-05
913.567 -29.1764418000 -2.3922222009 5.4128094846E-05
915.067 -27.6764418000 -2.3084681761 6.1110514412E-05
916.567 -26.1764418000 -2.2215586263 7.0271473958E-05
918.067 -24.6764418000 -2.1311077261 8.2021201926E-05
919.567 -23.1764418000 -2.0366438020 9.7682192285E-05
921.067 -21.6764418000 -1.9375797755 1.1954820084E-04
922.067 -20.6764418000 -1.8686216638 1.3953039035E-04
922.194 -20.5497928000 -1.8597057858 1.4248481546E-04
922.321 -20.4231438000 -1.8507468990 1.4555167068E-04
922.447 -20.2964948000 -1.8417445491 1.4873702130E-04
922.567 -20.1764418000 -1.8331700914 1.5187210335E-04
922.574 -20.1698458000 -1.8326979214 1.5204777770E-04
922.701 -20.0431968000 -1.8236063571 1.5549082343E-04
922.827 -19.9165478000 -1.8144692979 1.5907380515E-04
922.954 -19.7898988000 -1.8052859350 1.6280481525E-04
923.08 -19.6632498000 -1.7960557361 1.6669270503E-04
923.207 -19.5366008000 -1.7867777371 1.7074743415E-04
923.334 -19.4099518000 -1.7774514288 1.7497942988E-04
923.46 -19.2833028000 -1.7680758061 1.7939985088E-04
923.587 -19.1566538000 -1.7586502618 1.8402078038E-04
923.714 -19.0300048000 -1.7491739280 1.8885576743E-04
923.84 -18.9033558000 -1.7396459137 1.9391905259E-04
923.967 -18.7767068000 -1.7300654878 1.9922628867E-04
924.094 -18.6500578000 -1.7204317131 2.0479474040E-04
924.22 -18.5234088000 -1.7107437504 2.1064330966E-04
924.347 -18.3967598000 -1.7010004861 2.1679272812E-04
924.474 -18.2701108000 -1.6912010904 2.2326582699E-04
924.6 -18.1434618000 -1.6813447083 2.3008799034E-04
924.727 -18.0168128000 -1.6714301408 2.3728797025E-04
924.854 -17.8901638000 -1.6614564101 2.4489720250E-04
924.98 -17.7635148000 -1.6514223800 2.5295238944E-04
925.107 -17.6368658000 -1.6413270093 2.6149328825E-04
925.233 -17.5102168000 -1.6311692244 2.7055967951E-04
925.36 -17.3835678000 -1.6209478519 2.8018275135E-04
925.487 -17.2569188000 -1.6106615491 2.9039143805E-04
925.613 -17.1302698000 -1.6003091305 3.0125225908E-04
925.74 -17.0036208000 -1.5898892375 3.1286273953E-04
925.867 -16.8769718000 -1.5794006695 3.2531990217E-04
925.993 -16.7503228000 -1.5688419812 3.3871623976E-04
926.12 -16.6236738000 -1.5582116789 3.5315376056E-04
926.247 -16.4970248000 -1.5475084244 3.6869957217E-04
926.373 -16.3703758000 -1.5367306933 3.8541878170E-04
926.5 -16.2437268000 -1.5258766981 4.0344922380E-04
926.627 -16.1170778000 -1.5149450106 4.2299885702E-04
926.753 -15.9904288000 -1.5039338657 4.4430653246E-04
926.88 -15.8637798000 -1.4928414339 4.6763853566E-04
927.007 -15.7371308000 -1.4816661050 4.9329794043E-04
927.133 -15.6104818000 -1.4704056995 5.2164164141E-04
927.26 -15.4838328000 -1.4590585394 5.5309802848E-04
927.387 -15.3571838000 -1.4476222904 5.8818638342E-04
927.513 -15.2305348000 -1.4360951207 6.2753724630E-04
927.64 -15.1038858000 -1.4244745242 6.7192817435E-04
927.766 -14.9772368000 -1.4127584214 7.2232186916E-04
927.893 -14.8505878000 -1.4009442643 7.7993434556E-04
928.02 -14.7239388000 -1.3890297041 8.4636417453E-04
928.146 -14.5972898000 -1.3770120574 9.2368930953E-04
928.273 -14.4706408000 -1.3648886011 1.0147716445E-03
928.4 -14.3439918000 -1.3526564902 1.1236140775E-03
928.526 -14.2173428000 -1.3403127500 1.2556482660E-03
928.653 -14.0906938000 -1.3278542672 1.4183995212E-03
928.78 -13.9640448000 -1.3152777409 1.6211185864E-03
928.906 -13.8373958000 -1.3025797928 1.8721957337E-03
929.033 -13.7107468000 -1.2897569190 2.1719388519E-03
929.16 -13.5840978000 -1.2768051891 2.5082850559E-03
929.286 -13.4574488000 -1.2637207675 2.8820135829E-03
929.413 -13.3307998000 -1.2504994038 3.3341750961E-03
929.54 -13.2041508000 -1.2371367937 3.8963662218E-03
929.666 -13.0775018000 -1.2236282660 4.5251772395E-03
929.793 -12.9508528000 -1.2099688458 5.1404230659E-03
929.919 -12.8242038000 -1.1961535416 5.7501720664E-03
930.046 -12.6975548000 -1.1821768432 6.4351362196E-03
930.173 -12.5709058000 -1.1680328659 7.2420889153E-03
930.299 -12.4442568000 -1.1537155035 8.2044301054E-03
930.426 -12.3176078000 -1.1392182189 9.3701204850E-03
930.553 -12.1909588000 -1.1245340062 1.0854836411E-02
930.679 -12.0643098000 -1.1096555404 1.2740736209E-02
930.806 -11.9376608000 -1.0945748515 1.4669151135E-02
930.933 -11.8110118000 -1.0792834627 1.5809258348E-02
931.059 -11.6843628000 -1.0637721876 1.5878033428E-02
931.186 -11.5577138000 -1.0480314663 1.5993825653E-02
931.313 -11.4310648000 -1.0320506972 1.7355082238E-02
931.439 -11.3044158000 -1.0158185511 1.9635369398E-02
931.566 -11.1777668000 -0.9993227254 2.1984102779E-02
931.693 -11.0511178000 -0.9825500480 2.4096594959E-02
931.819 -10.9244688000 -0.9654860351 2.6015348963E-02
931.946 -10.7978198000 -0.9481149006 2.7647287074E-02
932.073 -10.6711708000 -0.9304195570 2.8104506571E-02
932.199 -10.5445218000 -0.9123810531 2.6237905869E-02
932.326 -10.4178728000 -0.8939786463 2.2339037562E-02
932.452 -10.2912238000 -0.8751894122 1.8040369144E-02
932.579 -10.1645748000 -0.8559878161 1.4519695214E-02
932.706 -10.0379258000 -0.8363454880 1.1958024001E-02
932.832 -9.9112768200 -0.8162306430 1.0138594073E-02
932.959 -9.7846278200 -0.7956073758 8.8304041068E-03
933.086 -9.6579788200 -0.7744351041 7.8693889833E-03
933.212 -9.5313298200 -0.7526675347 7.1497203257E-03
933.339 -9.4046808200 -0.7302513620 6.6020578997E-03
933.466 -9.2780318200 -0.7071249811 6.1815146904E-03
933.592 -9.1513828200 -0.6832161978 5.8573391605E-03
933.719 -9.0247338200 -0.6584398279 5.6074410513E-03
933.846 -8.8980848200 -0.6326940183 5.4156314512E-03
933.972 -8.7714358200 -0.6058550609 5.2704150520E-03
934.099 -8.6447868200 -0.5777706830 5.1622443005E-03
934.226 -8.5181378200 -0.5482496233 5.0843964697E-03
934.352 -8.3914888200 -0.5170457266 5.0310562669E-03
934.479 -8.2648398200 -0.4838335638 4.9981247489E-03
934.606 -8.1381908200 -0.4481669384 4.9811417452E-03
934.732 -8.0115418200 -0.4094047532 4.9767411615E-03
934.859 -7.8848928200 -0.3665663641 4.9820843749E-03
934.985 -7.7582438200 -0.3180087314 4.9932409829E-03
935.112 -7.6315948200 -0.2605536679 5.0074344461E-03
935.239 -7.5049458200 -0.1861366822 5.0219923906E-03
935.371 -7.3729418200 0.0000000000 5.0351032115E-03
935.492 -7.2516478200 0.1784259724 5.0424930093E-03
935.619 -7.1249988200 0.2551022873 5.0442093778E-03
935.745 -6.9983498200 0.3135578464 5.0387960635E-03
935.872 -6.8717008200 0.3627118265 5.0259546227E-03
935.999 -6.7450518200 0.4059571510 5.0057979575E-03
936.125 -6.6184028200 0.4450197312 4.9826894122E-03
936.252 -6.4917538200 0.4809198345 4.9586122337E-03
936.379 -6.3651048200 0.5143202114 4.9299822687E-03
936.505 -6.2384558200 0.5456799360 4.8994520566E-03
936.632 -6.1118068200 0.5753328880 4.8684562627E-03
936.759 -5.9851578200 0.6035306935 4.8384056051E-03
936.885 -5.8585088200 0.6304686067 4.8113511350E-03
937.012 -5.7318598200 0.6563017624 4.7898819292E-03
937.138 -5.6052108200 0.6811558873 4.7745341159E-03
937.265 -5.4785618200 0.7051344946 4.7684852236E-03
937.392 -5.3519128200 0.7283241185 4.7727132140E-03
937.518 -5.2252638200 0.7507978340 4.7889180447E-03
937.645 -5.0986148200 0.7726181162 4.8202771577E-03
937.772 -4.9719658200 0.7938388163 4.8681424671E-03
937.898 -4.8453168200 0.8145068645 4.9342863562E-03
938.025 -4.7186678200 0.8346632844 5.0210570483E-03
938.152 -4.5920188200 0.8543442268 5.1306072672E-03
938.278 -4.4653698200 0.8735819807 5.2648274228E-03
938.405 -4.3387208200 0.8924050593 5.4251535205E-03
938.532 -4.2120718200 0.9108392298 5.6121269892E-03
938.658 -4.0854228200 0.9289077036 5.8244974154E-03
938.785 -3.9587738200 0.9466312525 6.0585700480E-03
938.912 -3.8321248200 0.9640291217 6.3076192575E-03
939.038 -3.7054758200 0.9811185283 6.5614155311E-03
939.165 -3.5788268200 0.9979153200 6.8068120549E-03
939.292 -3.4521778200 1.0144339270 7.0293574296E-03
939.418 -3.3255288200 1.0306879311 7.2156203395E-03
939.545 -3.1988798200 1.0466895070 7.3557240739E-03
939.671 -3.0722308200 1.0624501604 7.4453660447E-03
939.798 -2.9455818200 1.0779803598 7.4857107287E-03
939.925 -2.8189328200 1.0932900234 7.4822277526E-03
940.051 -2.6922838200 1.1083881458 7.4427790104E-03
940.178 -2.5656348200 1.1232833990 7.3759784855E-03
940.305 -2.4389858200 1.1379837026 7.2896888551E-03
940.431 -2.3123368200 1.1524965625 7.1907459308E-03
940.558 -2.1856878200 1.1668288817 7.0848476495E-03
940.685 -2.0590388200 1.1809872785 6.9769284682E-03
940.811 -1.9323898200 1.1949779794 6.8714531325E-03
940.938 -1.8057408200 1.2088068071 6.7723711911E-03
941.065 -1.6790918200 1.2224790374 6.6834572641E-03
941.191 -1.5524428200 1.2360001683 6.6083483409E-03
941.318 -1.4257938200 1.2493749352 6.5502470935E-03
941.445 -1.2991448200 1.2626080316 6.5118431337E-03
941.571 -1.1724958200 1.2757039497 6.4955812761E-03
941.698 -1.0458468200 1.2886667063 6.5028583959E-03
941.825 -0.9191978210 1.3015004031 6.5343994642E-03
941.951 -0.7925488210 1.3142086994 6.5897608871E-03
942.067 -0.6764318210 1.3257531455 6.6597666954E-03
942.078 -0.6658998210 1.3267953991 6.6669505908E-03
943.567 0.8235681790 1.4667392018 7.4749336340E-03
945.067 2.3235681800 1.5953139114 6.8898759991E-03
946.567 3.8235681800 1.7142721058 6.2114231110E-03
948.067 5.3235681800 1.8254948487 5.8159962685E-03
949.567 6.8235681800 1.9303195056 5.5481607486E-03
951.067 8.3235681800 2.0297380150 5.5642710860E-03
952.067 9.3235581800 2.0933947742 5.5812270702E-03
952.567 9.8235681800 2.1245090194 5.6218394583E-03
972.067 29.3235582000 3.1034927312 7.4924417810E-03
992.067 49.3235582000 3.8575941997 6.2562602649E-03
1012.07 69.3235582000 4.4866912124 6.0226134438E-03
1032.07 89.3235582000 5.0378335093 6.3617039619E-03
1052.07 109.3235580000 5.5343593302 5.3802329571E-03
