# # Once                                                         FEFF 10.0.0 
# # POT  SCF  60  4.0000   0, NO core-hole, AFOLP (folp(0)= 1.150)
# # Abs   Z=29 Rmt= 1.362 Rnm= 1.399 L3 shell
# #   RGRID 0.0100
# # Pot 1 Z=29 Rmt= 1.362 Rnm= 1.399
# # Gam_ch=5.960E-01 H-L exch Vi= 1.523E+00 Vr= 4.834E+00
# # Mu=-6.684E+00eV kf=2.050E+00 Vint=-1.654E+01eV Rs_int= 1.769
# FMS rfms= 8.0000
# # PATH  Rmax=-1.000,  Keep_limit= 0.00, Heap_limit 0.00  Pwcrit= 2.50%
#  S02=1.000  Temp=   0.00  Debye_temp=   0.00  Global_sig2= 0.00000
#  Energy zero shift, vr, vi    0.00000E+00   0.00000E+00
#  Curved wave amplitude ratio filter   4.000%
#     file         sig2 tot  cw amp ratio   deg  nlegs   reff  inp sig2
#     0/   0 paths used
#  xsedge+ 50, used to normalize mu           1.0000E+00
#  -----------------------------------------------------------------------
#  omega    e    k    mu    mu0     chi     @#
       882.0740190975      -60.6764418000       -3.5920299359    1.5005829753E-04    1.4811820587E-04    1.9400916587E-06
       892.0740190975      -50.6764418000       -3.2059313305    2.2309220895E-04    2.2025773585E-04    2.8344731024E-06
       902.0740190975      -40.6764418000       -2.7664622143    3.7441437763E-04    3.7000059569E-04    4.4137819464E-06
       912.0740190975      -30.6764418000       -2.2424607565    7.8978718098E-04    7.8285377518E-04    6.9334057965E-06
       913.5740190975      -29.1764418000       -2.1528882123    9.1398691941E-04    9.0674559723E-04    7.2413221766E-06
       915.0740190975      -27.6764418000       -2.0594233754    1.0718812986E-03    1.0644980632E-03    7.3832353969E-06
       916.5740190975      -26.1764418000       -1.9615103621    1.2777459010E-03    1.2705483883E-03    7.1975126500E-06
       918.0740190975      -24.6764418000       -1.8584456134    1.5532660453E-03    1.5468765257E-03    6.3895196010E-06
       919.5740190975      -23.1764418000       -1.7493192773    1.9340943272E-03    1.9296757924E-03    4.4185347499E-06
       921.0740190975      -21.6764418000       -1.6329162737    2.4830742978E-03    2.4827792195E-03    2.9507830218E-07
       922.0740290975      -20.6764318000       -1.5504659102    2.9968245201E-03    3.0012995860E-03   -4.4750658091E-06
       922.5740190975      -20.1764418000       -1.5075519783    3.3180420549E-03    3.3257777021E-03   -7.7356471855E-06
       922.6815720975      -20.0688888000       -1.4981601696    3.3940891559E-03    3.4026178091E-03   -8.5286531339E-06
       923.2891150975      -19.4613458000       -1.4439608109    3.8788420364E-03    3.8925402432E-03   -1.3698206769E-05
       923.8966580975      -18.8538028000       -1.3876461961    4.4788526997E-03    4.4990344025E-03   -2.0181702812E-05
       924.5042010975      -18.2462598000       -1.3289474084    5.2336394379E-03    5.2617578114E-03   -2.8118373528E-05
       925.1117440975      -17.6387168000       -1.2675333037    6.2007039206E-03    6.2382033655E-03   -3.7499444856E-05
       925.7192870975      -17.0311738000       -1.2029878712    7.4656955686E-03    7.5137503792E-03   -4.8054810635E-05
       926.3268300975      -16.4236308000       -1.1347770532    9.1587642754E-03    9.2181368670E-03   -5.9372591639E-05
       926.9343730975      -15.8160878000       -1.0621950460    1.1479916678E-02    1.1552836133E-02   -7.2919454869E-05
       927.5419160975      -15.2085448000       -0.9842751467    1.4732331588E-02    1.4835521184E-02   -1.0318959589E-04
       928.1494590975      -14.6010018000       -0.8996314578    1.9341840119E-02    1.9563489927E-02   -2.2164980813E-04
       928.7570020975      -13.9934588000       -0.8061488420    2.5786252571E-02    2.6464664515E-02   -6.7841194450E-04
       929.3645450975      -13.3859158000       -0.7002964736    3.4321080868E-02    3.6358683512E-02   -2.0376026436E-03
       929.9720880975      -12.7783728000       -0.5752863632    4.4531506937E-02    4.9226136791E-02   -4.6946298539E-03
       930.5796310975      -12.1708298000       -0.4141178840    5.4878041779E-02    6.1795331099E-02   -6.9172893205E-03
       931.2330190975      -11.5174418000        0.0000000000    6.2924032565E-02    6.6807507759E-02   -3.8834751935E-03
       931.7947170975      -10.9557438000        0.3839634192    6.4316712901E-02    6.1195063352E-02    3.1216495482E-03
       932.4022600975      -10.3482008000        0.5539753231    5.8550678493E-02    5.0072346230E-02    8.4783322632E-03
       933.0098030775       -9.7406578200        0.6828978034    4.8064653540E-02    3.9409868136E-02    8.6547854043E-03
       933.6173460775       -9.1331148200        0.7910817073    3.7653043188E-02    3.1183168525E-02    6.4698746631E-03
       934.2248890775       -8.5255718200        0.8861551889    2.9540305850E-02    2.5248224650E-02    4.2920811998E-03
       934.8324320775       -7.9180288200        0.9719731324    2.3713833982E-02    2.1004629689E-02    2.7092042928E-03
       935.4399750775       -7.3104858200        1.0508057041    1.9563841637E-02    1.7929202309E-02    1.6346393281E-03
       936.0475180775       -6.7029428200        1.1241233351    1.6555895167E-02    1.5653262864E-02    9.0263230217E-04
       936.6550610775       -6.0953998200        1.1929434286    1.4472270014E-02    1.4043436239E-02    4.2883377452E-04
       937.2626040775       -5.4878568200        1.2580043672    1.2934258327E-02    1.2787266319E-02    1.4699200851E-04
       937.8701470775       -4.8803138200        1.3198619346    1.1832549317E-02    1.1788452407E-02    4.4096910169E-05
       938.4776900775       -4.2727708200        1.3789475254    1.1074112386E-02    1.0983324938E-02    9.0787447473E-05
       939.0852330775       -3.6652278200        1.4356034046    1.0545570673E-02    1.0327147967E-02    2.1842270550E-04
       939.6927760775       -3.0576848200        1.4901067767    1.0123386211E-02    9.7876018496E-03    3.3578436147E-04
       940.3003190775       -2.4501418200        1.5426855279    9.7272294888E-03    9.3400798755E-03    3.8714961332E-04
       940.9078620775       -1.8425988200        1.5935305129    9.3535311858E-03    8.9672504444E-03    3.8628074142E-04
       941.5154050775       -1.2350558200        1.6428025911    9.0366231309E-03    8.6533540719E-03    3.8326905899E-04
       942.0740190765       -0.6764418210        1.6868369170    8.8158615360E-03    8.4094907333E-03    4.0637080263E-04
       942.1229480765       -0.6275128210        1.6906392906    8.7993363846E-03    8.3898155997E-03    4.0952078484E-04
       943.5740190765        0.8235581790        1.7997558025    8.3769842831E-03    7.9127948538E-03    4.6418942932E-04
       945.0740190775        2.3235581800        1.9059967868    7.8229561609E-03    7.5822755785E-03    2.4068058245E-04
       946.5740190775        3.8235581800        2.0066205210    7.2440598006E-03    7.3631330686E-03   -1.1907326802E-04
       948.0740190775        5.3235581800        2.1024338466    6.7899652960E-03    7.2202493202E-03   -4.3028402421E-04
       949.5740190775        6.8235581800        2.1940671524    6.4912899549E-03    7.1301109429E-03   -6.3882098804E-04
       951.0740190775        8.3235581800        2.2820238459    6.3574016182E-03    7.0764785649E-03   -7.1907694665E-04
       952.0740190775        9.3235581800        2.3388248139    6.3442786889E-03    7.0549267398E-03   -7.1064805099E-04
       952.5740190775        9.8235581800        2.3667140560    6.3633750472E-03    7.0473313371E-03   -6.8395628992E-04
       972.0740190975       29.3235582000        3.2740597065    7.4056715016E-03    6.8542113015E-03    5.5146020012E-04
       992.0740190975       49.3235582000        3.9961024189    6.3251676829E-03    6.6044144837E-03   -2.7924680087E-04
      1012.0740190975       69.3235582000        4.6063215113    6.0641902368E-03    6.2031213549E-03   -1.3893111810E-04
      1032.0740190975       89.3235582000        5.1446638663    6.2752911446E-03    5.8676678680E-03    4.0762327652E-04
      1052.0740188975      109.3235580000        5.6317785485    5.4014071895E-03    5.5817955696E-03   -1.8038838014E-04
