-29.6644 6.039589E-04
-29.6444 6.051317E-04
-29.6244 6.063079E-04
-29.6044 6.074876E-04
-29.5844 6.086714E-04
-29.5643 6.098587E-04
-29.5443 6.110495E-04
-29.5243 6.122444E-04
-29.5043 6.134427E-04
-29.4843 6.146449E-04
-29.4643 6.158512E-04
-29.4443 6.170609E-04
-29.4243 6.182745E-04
-29.4043 6.194916E-04
-29.3843 6.207129E-04
-29.3642 6.219380E-04
-29.3442 6.231670E-04
-29.3242 6.243995E-04
-29.3042 6.256365E-04
-29.2842 6.268769E-04
-29.2642 6.281215E-04
-29.2442 6.293701E-04
-29.2242 6.306225E-04
-29.2042 6.318791E-04
-29.1842 6.331394E-04
-29.1641 6.344042E-04
-29.1441 6.356728E-04
-29.1241 6.369454E-04
-29.1041 6.382219E-04
-29.0841 6.395025E-04
-29.0641 6.407873E-04
-29.0441 6.420765E-04
-29.0241 6.433697E-04
-29.0041 6.446669E-04
-28.9841 6.459682E-04
-28.9640 6.472741E-04
-28.9440 6.485837E-04
-28.9240 6.498979E-04
-28.9040 6.512163E-04
-28.8840 6.525391E-04
-28.8640 6.538661E-04
-28.8440 6.551973E-04
-28.8240 6.565329E-04
-28.8040 6.578727E-04
-28.7840 6.592173E-04
-28.7639 6.605660E-04
-28.7439 6.619188E-04
-28.7239 6.632764E-04
-28.7039 6.646384E-04
-28.6839 6.660049E-04
-28.6639 6.673758E-04
-28.6439 6.687514E-04
-28.6239 6.701311E-04
-28.6039 6.715160E-04
-28.5839 6.729050E-04
-28.5638 6.742985E-04
-28.5438 6.756968E-04
-28.5238 6.770997E-04
-28.5038 6.785074E-04
-28.4838 6.799197E-04
-28.4638 6.813366E-04
-28.4438 6.827583E-04
-28.4238 6.841847E-04
-28.4038 6.856159E-04
-28.3838 6.870519E-04
-28.3637 6.884924E-04
-28.3437 6.899380E-04
-28.3237 6.913888E-04
-28.3037 6.928438E-04
-28.2837 6.943043E-04
-28.2637 6.957690E-04
-28.2437 6.972391E-04
-28.2237 6.987141E-04
-28.2037 7.001940E-04
-28.1837 7.016791E-04
-28.1636 7.031689E-04
-28.1436 7.046642E-04
-28.1236 7.061642E-04
-28.1036 7.076691E-04
-28.0836 7.091798E-04
-28.0636 7.106950E-04
-28.0436 7.122160E-04
-28.0236 7.137419E-04
-28.0036 7.152729E-04
-27.9836 7.168093E-04
-27.9635 7.183508E-04
-27.9435 7.198974E-04
-27.9235 7.214496E-04
-27.9035 7.230071E-04
-27.8835 7.245701E-04
-27.8635 7.261384E-04
-27.8435 7.277120E-04
-27.8235 7.292911E-04
-27.8035 7.308758E-04
-27.7835 7.324659E-04
-27.7634 7.340615E-04
-27.7434 7.356627E-04
-27.7234 7.372694E-04
-27.7034 7.388817E-04
-27.6834 7.404992E-04
-27.6634 7.421229E-04
-27.6434 7.437526E-04
-27.6234 7.453876E-04
-27.6034 7.470283E-04
-27.5834 7.486747E-04
-27.5633 7.503267E-04
-27.5433 7.519847E-04
-27.5233 7.536487E-04
-27.5033 7.553185E-04
-27.4833 7.569946E-04
-27.4633 7.586758E-04
-27.4433 7.603634E-04
-27.4233 7.620568E-04
-27.4033 7.637565E-04
-27.3833 7.654620E-04
-27.3632 7.671738E-04
-27.3432 7.688916E-04
-27.3232 7.706155E-04
-27.3032 7.723456E-04
-27.2832 7.740819E-04
-27.2632 7.758244E-04
-27.2432 7.775726E-04
-27.2232 7.793282E-04
-27.2032 7.810894E-04
-27.1832 7.828572E-04
-27.1631 7.846313E-04
-27.1431 7.864118E-04
-27.1231 7.881987E-04
-27.1031 7.899915E-04
-27.0831 7.917919E-04
-27.0631 7.935982E-04
-27.0431 7.954113E-04
-27.0231 7.972303E-04
-27.0031 7.990570E-04
-26.9831 8.008894E-04
-26.9630 8.027290E-04
-26.9430 8.045759E-04
-26.9230 8.064284E-04
-26.9030 8.082883E-04
-26.8830 8.101549E-04
-26.8630 8.120285E-04
-26.8430 8.139090E-04
-26.8230 8.157970E-04
-26.8030 8.176907E-04
-26.7830 8.195927E-04
-26.7629 8.215005E-04
-26.7429 8.234160E-04
-26.7229 8.253386E-04
-26.7029 8.272690E-04
-26.6829 8.292054E-04
-26.6629 8.311501E-04
-26.6429 8.331010E-04
-26.6229 8.350596E-04
-26.6029 8.370257E-04
-26.5829 8.389992E-04
-26.5628 8.409799E-04
-26.5428 8.429682E-04
-26.5228 8.449639E-04
-26.5028 8.469674E-04
-26.4828 8.489776E-04
-26.4628 8.509966E-04
-26.4428 8.530228E-04
-26.4228 8.550564E-04
-26.4028 8.570980E-04
-26.3828 8.591471E-04
-26.3627 8.612041E-04
-26.3427 8.632684E-04
-26.3227 8.653410E-04
-26.3027 8.674224E-04
-26.2827 8.695110E-04
-26.2627 8.716071E-04
-26.2427 8.737117E-04
-26.2227 8.758251E-04
-26.2027 8.779455E-04
-26.1827 8.800751E-04
-26.1626 8.822118E-04
-26.1426 8.843574E-04
-26.1226 8.865111E-04
-26.1026 8.886733E-04
-26.0826 8.908439E-04
-26.0626 8.930229E-04
-26.0426 8.952104E-04
-26.0226 8.974064E-04
-26.0026 8.996109E-04
-25.9826 9.018250E-04
-25.9625 9.040467E-04
-25.9425 9.062774E-04
-25.9225 9.085159E-04
-25.9025 9.107641E-04
-25.8825 9.130208E-04
-25.8625 9.152875E-04
-25.8425 9.175615E-04
-25.8225 9.198454E-04
-25.8025 9.221383E-04
-25.7825 9.244409E-04
-25.7624 9.267513E-04
-25.7424 9.290714E-04
-25.7224 9.314016E-04
-25.7024 9.337398E-04
-25.6824 9.360878E-04
-25.6624 9.384451E-04
-25.6424 9.408118E-04
-25.6224 9.431883E-04
-25.6024 9.455744E-04
-25.5824 9.479699E-04
-25.5623 9.503752E-04
-25.5423 9.527903E-04
-25.5223 9.552148E-04
-25.5023 9.576493E-04
-25.4823 9.600932E-04
-25.4623 9.625479E-04
-25.4423 9.650121E-04
-25.4223 9.674859E-04
-25.4023 9.699706E-04
-25.3823 9.724651E-04
-25.3622 9.749693E-04
-25.3422 9.774845E-04
-25.3222 9.800097E-04
-25.3022 9.825452E-04
-25.2822 9.850908E-04
-25.2622 9.876478E-04
-25.2422 9.902135E-04
-25.2222 9.927919E-04
-25.2022 9.953806E-04
-25.1822 9.979795E-04
-25.1621 1.000589E-03
-25.1421 1.003210E-03
-25.1221 1.005840E-03
-25.1021 1.008483E-03
-25.0821 1.011137E-03
-25.0621 1.013802E-03
-25.0421 1.016477E-03
-25.0221 1.019164E-03
-25.0021 1.021863E-03
-24.9821 1.024572E-03
-24.9620 1.027293E-03
-24.9420 1.030025E-03
-24.9220 1.032770E-03
-24.9020 1.035524E-03
-24.8820 1.038291E-03
-24.8620 1.041070E-03
-24.8420 1.043862E-03
-24.8220 1.046664E-03
-24.8020 1.049480E-03
-24.7820 1.052307E-03
-24.7619 1.055144E-03
-24.7419 1.057996E-03
-24.7219 1.060858E-03
-24.7019 1.063734E-03
-24.6819 1.066622E-03
-24.6619 1.069523E-03
-24.6419 1.072435E-03
-24.6219 1.075360E-03
-24.6019 1.078298E-03
-24.5819 1.081250E-03
-24.5618 1.084212E-03
-24.5418 1.087190E-03
-24.5218 1.090179E-03
-24.5018 1.093180E-03
-24.4818 1.096196E-03
-24.4618 1.099226E-03
-24.4418 1.102268E-03
-24.4218 1.105324E-03
-24.4018 1.108393E-03
-24.3818 1.111474E-03
-24.3617 1.114571E-03
-24.3417 1.117681E-03
-24.3217 1.120804E-03
-24.3017 1.123942E-03
-24.2817 1.127091E-03
-24.2617 1.130258E-03
-24.2417 1.133437E-03
-24.2217 1.136630E-03
-24.2017 1.139839E-03
-24.1817 1.143059E-03
-24.1616 1.146297E-03
-24.1416 1.149547E-03
-24.1216 1.152813E-03
-24.1016 1.156094E-03
-24.0816 1.159390E-03
-24.0616 1.162699E-03
-24.0416 1.166025E-03
-24.0216 1.169365E-03
-24.0016 1.172720E-03
-23.9816 1.176091E-03
-23.9615 1.179479E-03
-23.9415 1.182878E-03
-23.9215 1.186295E-03
-23.9015 1.189730E-03
-23.8815 1.193179E-03
-23.8615 1.196641E-03
-23.8415 1.200122E-03
-23.8215 1.203620E-03
-23.8015 1.207131E-03
-23.7815 1.210659E-03
-23.7614 1.214204E-03
-23.7414 1.217766E-03
-23.7214 1.221345E-03
-23.7014 1.224938E-03
-23.6814 1.228551E-03
-23.6614 1.232179E-03
-23.6414 1.235824E-03
-23.6214 1.239487E-03
-23.6014 1.243167E-03
-23.5814 1.246863E-03
-23.5613 1.250579E-03
-23.5413 1.254310E-03
-23.5213 1.258059E-03
-23.5013 1.261826E-03
-23.4813 1.265612E-03
-23.4613 1.269416E-03
-23.4413 1.273236E-03
-23.4213 1.277077E-03
-23.4013 1.280934E-03
-23.3813 1.284810E-03
-23.3612 1.288705E-03
-23.3412 1.292619E-03
-23.3212 1.296552E-03
-23.3012 1.300505E-03
-23.2812 1.304474E-03
-23.2612 1.308463E-03
-23.2412 1.312475E-03
-23.2212 1.316503E-03
-23.2012 1.320552E-03
-23.1812 1.324617E-03
-23.1611 1.328706E-03
-23.1411 1.332815E-03
-23.1211 1.336942E-03
-23.1011 1.341089E-03
-23.0811 1.345260E-03
-23.0611 1.349449E-03
-23.0411 1.353655E-03
-23.0211 1.357887E-03
-23.0011 1.362140E-03
-22.9811 1.366410E-03
-22.9610 1.370706E-03
-22.9410 1.375021E-03
-22.9210 1.379356E-03
-22.9010 1.383715E-03
-22.8810 1.388095E-03
-22.8610 1.392498E-03
-22.8410 1.396924E-03
-22.8210 1.401366E-03
-22.8010 1.405839E-03
-22.7810 1.410329E-03
-22.7609 1.414841E-03
-22.7409 1.419383E-03
-22.7209 1.423943E-03
-22.7009 1.428521E-03
-22.6809 1.433130E-03
-22.6609 1.437762E-03
-22.6409 1.442412E-03
-22.6209 1.447093E-03
-22.6009 1.451793E-03
-22.5809 1.456523E-03
-22.5608 1.461273E-03
-22.5408 1.466048E-03
-22.5208 1.470848E-03
-22.5008 1.475667E-03
-22.4808 1.480519E-03
-22.4608 1.485396E-03
-22.4408 1.490293E-03
-22.4208 1.495222E-03
-22.4008 1.500172E-03
-22.3808 1.505149E-03
-22.3607 1.510152E-03
-22.3407 1.515182E-03
-22.3207 1.520239E-03
-22.3007 1.525323E-03
-22.2807 1.530435E-03
-22.2607 1.535569E-03
-22.2407 1.540737E-03
-22.2207 1.545926E-03
-22.2007 1.551142E-03
-22.1807 1.556396E-03
-22.1606 1.561671E-03
-22.1406 1.566975E-03
-22.1206 1.572308E-03
-22.1006 1.577662E-03
-22.0806 1.583056E-03
-22.0606 1.588478E-03
-22.0406 1.593921E-03
-22.0206 1.599404E-03
-22.0006 1.604908E-03
-21.9806 1.610444E-03
-21.9605 1.616020E-03
-21.9405 1.621618E-03
-21.9205 1.627247E-03
-21.9005 1.632908E-03
-21.8805 1.638601E-03
-21.8605 1.644316E-03
-21.8405 1.650075E-03
-21.8205 1.655865E-03
-21.8005 1.661679E-03
-21.7805 1.667536E-03
-21.7604 1.673416E-03
-21.7404 1.679330E-03
-21.7204 1.685277E-03
-21.7004 1.691259E-03
-21.6804 1.697275E-03
-21.6604 1.703326E-03
-21.6404 1.709412E-03
-21.6204 1.715535E-03
-21.6004 1.721692E-03
-21.5804 1.727873E-03
-21.5603 1.734103E-03
-21.5403 1.740356E-03
-21.5203 1.746647E-03
-21.5003 1.752988E-03
-21.4803 1.759352E-03
-21.4603 1.765753E-03
-21.4403 1.772194E-03
-21.4203 1.778672E-03
-21.4003 1.785190E-03
-21.3803 1.791745E-03
-21.3602 1.798340E-03
-21.3402 1.804959E-03
-21.3202 1.811634E-03
-21.3002 1.818333E-03
-21.2802 1.825088E-03
-21.2602 1.831868E-03
-21.2402 1.838705E-03
-21.2202 1.845568E-03
-21.2002 1.852473E-03
-21.1802 1.859418E-03
-21.1601 1.866407E-03
-21.1401 1.873438E-03
-21.1201 1.880514E-03
-21.1001 1.887632E-03
-21.0801 1.894776E-03
-21.0601 1.901982E-03
-21.0401 1.909234E-03
-21.0201 1.916511E-03
-21.0001 1.923853E-03
-20.9801 1.931220E-03
-20.9600 1.938655E-03
-20.9400 1.946115E-03
-20.9200 1.953622E-03
-20.9000 1.961176E-03
-20.8800 1.968778E-03
-20.8600 1.976428E-03
-20.8400 1.984126E-03
-20.8200 1.991873E-03
-20.8000 1.999671E-03
-20.7800 2.007517E-03
-20.7599 2.015390E-03
-20.7399 2.023339E-03
-20.7199 2.031313E-03
-20.6999 2.039362E-03
-20.6799 2.047441E-03
-20.6599 2.055596E-03
-20.6399 2.063777E-03
-20.6199 2.072013E-03
-20.5999 2.080329E-03
-20.5799 2.088673E-03
-20.5598 2.097071E-03
-20.5398 2.105524E-03
-20.5198 2.114033E-03
-20.4998 2.122598E-03
-20.4798 2.131190E-03
-20.4598 2.139868E-03
-20.4398 2.148604E-03
-20.4198 2.157400E-03
-20.3998 2.166221E-03
-20.3798 2.175135E-03
-20.3597 2.184075E-03
-20.3397 2.193110E-03
-20.3197 2.202171E-03
-20.2997 2.211294E-03
-20.2797 2.220513E-03
-20.2597 2.229760E-03
-20.2397 2.239069E-03
-20.2197 2.248442E-03
-20.1997 2.257880E-03
-20.1797 2.267383E-03
-20.1596 2.276950E-03
-20.1396 2.286584E-03
-20.1196 2.296286E-03
-20.0996 2.306013E-03
-20.0796 2.315849E-03
-20.0596 2.325754E-03
-20.0396 2.335686E-03
-20.0196 2.345730E-03
-19.9996 2.355848E-03
-19.9796 2.365989E-03
-19.9595 2.376203E-03
-19.9395 2.386537E-03
-19.9195 2.396896E-03
-19.8995 2.407328E-03
-19.8795 2.417835E-03
-19.8595 2.428470E-03
-19.8395 2.439129E-03
-19.8195 2.449865E-03
-19.7995 2.460678E-03
-19.7795 2.471570E-03
-19.7594 2.482542E-03
-19.7394 2.493534E-03
-19.7194 2.504666E-03
-19.6994 2.515880E-03
-19.6794 2.527179E-03
-19.6594 2.538497E-03
-19.6394 2.549962E-03
-19.6194 2.561448E-03
-19.5994 2.573085E-03
-19.5794 2.584742E-03
-19.5593 2.596556E-03
-19.5393 2.608387E-03
-19.5193 2.620308E-03
-19.4993 2.632393E-03
-19.4793 2.644494E-03
-19.4593 2.656689E-03
-19.4393 2.668976E-03
-19.4193 2.681356E-03
-19.3993 2.693831E-03
-19.3793 2.706402E-03
-19.3592 2.719072E-03
-19.3392 2.731839E-03
-19.3192 2.744707E-03
-19.2992 2.757677E-03
-19.2792 2.770652E-03
-19.2592 2.783825E-03
-19.2392 2.797103E-03
-19.2192 2.810384E-03
-19.1992 2.823873E-03
-19.1792 2.837367E-03
-19.1591 2.851074E-03
-19.1391 2.864782E-03
-19.1191 2.878715E-03
-19.0991 2.892643E-03
-19.0791 2.906683E-03
-19.0591 2.920962E-03
-19.0391 2.935233E-03
-19.0191 2.949618E-03
-18.9991 2.964123E-03
-18.9791 2.978747E-03
-18.9590 2.993492E-03
-18.9390 3.008360E-03
-18.9190 3.023353E-03
-18.8990 3.038470E-03
-18.8790 3.053717E-03
-18.8590 3.069094E-03
-18.8390 3.084438E-03
-18.8190 3.100076E-03
-18.7990 3.115850E-03
-18.7790 3.131584E-03
-18.7589 3.147631E-03
-18.7389 3.163634E-03
-18.7189 3.179965E-03
-18.6989 3.196243E-03
-18.6789 3.212866E-03
-18.6589 3.229431E-03
-18.6389 3.246355E-03
-18.6189 3.263212E-03
-18.5989 3.280221E-03
-18.5789 3.297377E-03
-18.5588 3.314686E-03
-18.5388 3.332152E-03
-18.5188 3.350028E-03
-18.4988 3.367819E-03
-18.4788 3.385770E-03
-18.4588 3.403610E-03
-18.4388 3.421890E-03
-18.4188 3.440346E-03
-18.3988 3.458972E-03
-18.3788 3.477780E-03
-18.3587 3.496444E-03
-18.3387 3.515611E-03
-18.3187 3.534967E-03
-18.2987 3.554157E-03
-18.2787 3.573894E-03
-18.2587 3.593452E-03
-18.2387 3.613581E-03
-18.2187 3.633519E-03
-18.1987 3.653644E-03
-18.1787 3.674400E-03
-18.1586 3.694926E-03
-18.1386 3.715660E-03
-18.1186 3.736596E-03
-18.0986 3.757735E-03
-18.0786 3.779611E-03
-18.0586 3.801209E-03
-18.0386 3.823036E-03
-18.0186 3.844524E-03
-17.9986 3.866796E-03
-17.9786 3.889311E-03
-17.9585 3.912077E-03
-17.9385 3.935099E-03
-17.9185 3.957700E-03
-17.8985 3.981231E-03
-17.8785 4.005043E-03
-17.8585 4.028388E-03
-17.8385 4.052758E-03
-17.8185 4.076609E-03
-17.7985 4.100713E-03
-17.7785 4.125976E-03
-17.7584 4.150637E-03
-17.7384 4.175582E-03
-17.7184 4.200822E-03
-17.6984 4.227403E-03
-17.6784 4.253298E-03
-17.6584 4.279503E-03
-17.6384 4.306032E-03
-17.6184 4.331660E-03
-17.5984 4.358849E-03
-17.5784 4.386428E-03
-17.5583 4.414397E-03
-17.5383 4.441261E-03
-17.5183 4.470010E-03
-17.4983 4.499222E-03
-17.4783 4.527146E-03
-17.4583 4.557276E-03
-17.4383 4.586017E-03
-17.4183 4.615141E-03
-17.3983 4.644628E-03
-17.3783 4.676870E-03
-17.3582 4.707411E-03
-17.3382 4.738437E-03
-17.3182 4.770032E-03
-17.2982 4.802093E-03
-17.2782 4.831872E-03
-17.2582 4.865099E-03
-17.2382 4.899157E-03
-17.2182 4.930254E-03
-17.1982 4.965715E-03
-17.1782 4.998001E-03
-17.1581 5.035248E-03
-17.1381 5.069009E-03
-17.1181 5.103404E-03
-17.0981 5.138538E-03
-17.0781 5.174536E-03
-17.0581 5.211566E-03
-17.0381 5.249822E-03
-17.0181 5.289355E-03
-16.9981 5.322435E-03
-16.9781 5.364708E-03
-16.9580 5.408721E-03
-16.9380 5.445845E-03
-16.9180 5.483642E-03
-16.8980 5.522929E-03
-16.8780 5.564205E-03
-16.8580 5.607121E-03
-16.8380 5.653321E-03
-16.8180 5.702665E-03
-16.7980 5.737377E-03
-16.7780 5.794339E-03
-16.7579 5.834244E-03
-16.7379 5.877998E-03
-16.7179 5.925089E-03
-16.6979 5.978716E-03
-16.6779 6.040516E-03
-16.6579 6.069984E-03
-16.6379 6.149971E-03
-16.6179 6.194932E-03
-16.5979 6.248760E-03
-16.5779 6.318836E-03
-16.5578 6.323749E-03
-16.5378 6.436874E-03
-16.5178 6.476492E-03
-16.4978 6.549388E-03
-16.4778 6.653395E-03
-16.4578 6.641084E-03
-16.4378 6.888075E-03
-16.4178 7.002256E-03
-16.3978 6.931351E-03
-16.3778 7.122466E-03
-16.3577 7.528056E-03
-16.3377 7.027333E-03
-16.3177 6.436067E-03
-16.2977 8.240734E-03
-16.2777 8.293386E-03
-16.2577 8.998652E-03
-16.2377 9.795850E-03
-16.2177 1.052684E-02
-16.1977 1.120816E-02
-16.1777 1.150331E-02
-16.1576 1.145006E-02
-16.1376 1.109569E-02
-16.1176 1.072136E-02
-16.0976 1.039536E-02
-16.0776 1.015003E-02
-16.0576 9.960825E-03
-16.0376 9.840694E-03
-16.0176 9.774044E-03
-15.9976 9.748513E-03
-15.9776 9.742510E-03
-15.9575 9.753433E-03
-15.9375 9.788316E-03
-15.9175 9.842067E-03
-15.8975 9.903886E-03
-15.8775 9.973361E-03
-15.8575 1.005607E-02
-15.8375 1.014465E-02
-15.8175 1.024367E-02
-15.7975 1.035212E-02
-15.7775 1.046472E-02
-15.7574 1.057792E-02
-15.7374 1.070321E-02
-15.7174 1.082946E-02
-15.6974 1.096363E-02
-15.6774 1.110804E-02
-15.6574 1.125388E-02
-15.6374 1.140441E-02
-15.6174 1.156466E-02
-15.5974 1.172715E-02
-15.5774 1.189699E-02
-15.5573 1.207386E-02
-15.5373 1.225610E-02
-15.5173 1.244379E-02
-15.4973 1.264074E-02
-15.4773 1.284346E-02
-15.4573 1.305387E-02
-15.4373 1.327050E-02
-15.4173 1.349518E-02
-15.3973 1.372947E-02
-15.3773 1.396923E-02
-15.3572 1.421899E-02
-15.3372 1.447746E-02
-15.3172 1.474481E-02
-15.2972 1.502024E-02
-15.2772 1.530515E-02
-15.2572 1.560094E-02
-15.2372 1.590661E-02
-15.2172 1.622252E-02
-15.1972 1.654894E-02
-15.1772 1.688616E-02
-15.1571 1.723534E-02
-15.1371 1.759577E-02
-15.1171 1.796782E-02
-15.0971 1.835346E-02
-15.0771 1.875128E-02
-15.0571 1.916223E-02
-15.0371 1.958592E-02
-15.0171 2.002261E-02
-14.9971 2.047473E-02
-14.9771 2.093963E-02
-14.9570 2.142039E-02
-14.9370 2.191575E-02
-14.9170 2.242520E-02
-14.8970 2.295033E-02
-14.8770 2.349064E-02
-14.8570 2.404761E-02
-14.8370 2.461930E-02
-14.8170 2.520722E-02
-14.7970 2.581201E-02
-14.7770 2.643307E-02
-14.7569 2.706998E-02
-14.7369 2.772386E-02
-14.7169 2.839417E-02
-14.6969 2.908142E-02
-14.6769 2.978573E-02
-14.6569 3.050641E-02
-14.6369 3.124404E-02
-14.6169 3.199847E-02
-14.5969 3.277030E-02
-14.5769 3.355943E-02
-14.5568 3.436530E-02
-14.5368 3.518787E-02
-14.5168 3.602819E-02
-14.4968 3.688570E-02
-14.4768 3.776092E-02
-14.4568 3.865251E-02
-14.4368 3.956284E-02
-14.4168 4.049109E-02
-14.3968 4.143787E-02
-14.3768 4.240303E-02
-14.3567 4.338627E-02
-14.3367 4.439016E-02
-14.3167 4.541287E-02
-14.2967 4.645652E-02
-14.2767 4.752091E-02
-14.2567 4.860733E-02
-14.2367 4.971612E-02
-14.2167 5.084842E-02
-14.1967 5.200507E-02
-14.1767 5.318664E-02
-14.1566 5.439595E-02
-14.1366 5.563269E-02
-14.1166 5.689925E-02
-14.0966 5.819719E-02
-14.0766 5.952743E-02
-14.0566 6.089178E-02
-14.0366 6.229374E-02
-14.0166 6.373412E-02
-13.9966 6.521592E-02
-13.9766 6.674144E-02
-13.9565 6.831304E-02
-13.9365 6.993439E-02
-13.9165 7.160763E-02
-13.8965 7.333681E-02
-13.8765 7.512589E-02
-13.8565 7.697870E-02
-13.8365 7.889856E-02
-13.8165 8.089147E-02
-13.7965 8.296120E-02
-13.7765 8.511408E-02
-13.7564 8.735487E-02
-13.7364 8.969155E-02
-13.7164 9.212956E-02
-13.6964 9.467619E-02
-13.6764 9.734107E-02
-13.6564 1.001324E-01
-13.6364 1.030586E-01
-13.6164 1.061326E-01
-13.5964 1.093644E-01
-13.5764 1.127676E-01
-13.5563 1.163565E-01
-13.5363 1.201471E-01
-13.5163 1.241563E-01
-13.4963 1.284030E-01
-13.4763 1.329100E-01
-13.4563 1.377014E-01
-13.4363 1.428047E-01
-13.4163 1.482499E-01
-13.3963 1.540716E-01
-13.3763 1.603105E-01
-13.3562 1.670099E-01
-13.3362 1.742203E-01
-13.3162 1.820009E-01
-13.2962 1.904192E-01
-13.2762 1.995518E-01
-13.2562 2.094867E-01
-13.2362 2.203287E-01
-13.2162 2.321960E-01
-13.1962 2.452291E-01
-13.1762 2.595871E-01
-13.1561 2.754567E-01
-13.1361 2.930503E-01
-13.1161 3.126105E-01
-13.0961 3.344106E-01
-13.0761 3.587434E-01
-13.0561 3.859227E-01
-13.0361 4.162556E-01
-13.0161 4.500118E-01
-12.9961 4.873895E-01
-12.9761 5.284542E-01
-12.9560 5.730989E-01
-12.9360 6.210543E-01
-12.9160 6.719315E-01
-12.8960 7.253543E-01
-12.8760 7.809974E-01
-12.8560 8.382015E-01
-12.8360 8.947718E-01
-12.8160 9.448855E-01
-12.7960 9.776748E-01
-12.7760 9.802395E-01
-12.7559 9.465704E-01
-12.7359 8.844494E-01
-12.7159 8.108323E-01
-12.6959 7.410829E-01
-12.6759 6.834703E-01
-12.6559 6.402425E-01
-12.6359 6.105543E-01
-12.6159 5.925790E-01
-12.5959 5.845330E-01
-12.5759 5.850141E-01
-12.5558 5.930842E-01
-12.5358 6.082071E-01
-12.5158 6.301886E-01
-12.4958 6.591036E-01
-12.4758 6.952213E-01
-12.4558 7.389596E-01
-12.4358 7.908228E-01
-12.4158 8.513438E-01
-12.3958 9.210451E-01
-12.3758 1.000447E+00
-12.3557 1.090183E+00
-12.3357 1.191413E+00
-12.3157 1.306452E+00
-12.2957 1.439282E+00
-12.2757 1.594839E+00
-12.2557 1.775404E+00
-12.2357 1.974350E+00
-12.2157 2.172080E+00
-12.1957 2.341394E+00
-12.1757 2.453340E+00
-12.1556 2.470524E+00
-12.1356 2.372505E+00
-12.1156 2.195246E+00
-12.0956 1.996158E+00
-12.0756 1.811294E+00
-12.0556 1.654176E+00
-12.0356 1.527218E+00
-12.0156 1.429190E+00
-11.9956 1.358380E+00
-11.9756 1.313788E+00
-11.9555 1.295315E+00
-11.9355 1.303280E+00
-11.9155 1.337680E+00
-11.8955 1.399020E+00
-11.8755 1.491829E+00
-11.8555 1.626098E+00
-11.8355 1.809187E+00
-11.8155 2.026857E+00
-11.7955 2.220309E+00
-11.7755 2.296878E+00
-11.7554 2.213310E+00
-11.7354 2.031940E+00
-11.7154 1.851491E+00
-11.6954 1.730207E+00
-11.6754 1.682358E+00
-11.6554 1.701439E+00
-11.6354 1.775226E+00
-11.6154 1.890709E+00
-11.5954 2.033610E+00
-11.5754 2.184315E+00
-11.5553 2.313219E+00
-11.5353 2.385050E+00
-11.5153 2.379784E+00
-11.4953 2.312820E+00
-11.4753 2.225657E+00
-11.4553 2.155587E+00
-11.4353 2.117638E+00
-11.4153 2.108968E+00
-11.3953 2.121997E+00
-11.3753 2.149039E+00
-11.3552 2.173966E+00
-11.3352 2.165740E+00
-11.3152 2.099589E+00
-11.2952 1.993958E+00
-11.2752 1.899389E+00
-11.2552 1.853245E+00
-11.2352 1.867780E+00
-11.2152 1.943904E+00
-11.1952 2.080390E+00
-11.1752 2.273147E+00
-11.1551 2.510780E+00
-11.1351 2.769633E+00
-11.1151 3.009870E+00
-11.0951 3.187713E+00
-11.0751 3.293381E+00
-11.0551 3.367559E+00
-11.0351 3.452060E+00
-11.0151 3.537241E+00
-10.9951 3.587052E+00
-10.9751 3.602358E+00
-10.9550 3.619530E+00
-10.9350 3.667617E+00
-10.9150 3.748230E+00
-10.8950 3.846315E+00
-10.8750 3.951625E+00
-10.8550 4.063594E+00
-10.8350 4.173675E+00
-10.8150 4.251420E+00
-10.7950 4.252824E+00
-10.7750 4.144716E+00
-10.7549 3.922865E+00
-10.7349 3.619623E+00
-10.7149 3.292851E+00
-10.6949 2.983031E+00
-10.6749 2.690221E+00
-10.6549 2.417215E+00
-10.6349 2.193828E+00
-10.6149 2.040383E+00
-10.5949 1.956091E+00
-10.5749 1.934993E+00
-10.5548 1.975449E+00
-10.5348 2.081082E+00
-10.5148 2.259177E+00
-10.4948 2.515824E+00
-10.4748 2.843020E+00
-10.4548 3.201761E+00
-10.4348 3.530440E+00
-10.4148 3.789933E+00
-10.3948 3.955258E+00
-10.3748 3.964392E+00
-10.3547 3.790454E+00
-10.3347 3.517302E+00
-10.3147 3.257882E+00
-10.2947 3.070066E+00
-10.2747 2.955203E+00
-10.2547 2.884502E+00
-10.2347 2.831698E+00
-10.2147 2.801780E+00
-10.1947 2.819473E+00
-10.1747 2.892288E+00
-10.1546 2.990892E+00
-10.1346 3.061798E+00
-10.1146 3.076364E+00
-10.0946 3.062538E+00
-10.0746 3.059723E+00
-10.0546 3.068550E+00
-10.0346 3.059786E+00
-10.0146 3.013979E+00
-9.9946 2.938504E+00
-9.9746 2.850887E+00
-9.9545 2.763287E+00
-9.9345 2.683034E+00
-9.9145 2.617907E+00
-9.8945 2.576459E+00
-9.8745 2.564641E+00
-9.8545 2.585321E+00
-9.8345 2.640980E+00
-9.8145 2.734832E+00
-9.7945 2.871447E+00
-9.7745 3.059195E+00
-9.7544 3.312194E+00
-9.7344 3.644334E+00
-9.7144 4.045229E+00
-9.6944 4.440942E+00
-9.6744 4.699262E+00
-9.6544 4.762003E+00
-9.6344 4.727511E+00
-9.6144 4.691680E+00
-9.5944 4.616806E+00
-9.5744 4.448690E+00
-9.5543 4.279728E+00
-9.5343 4.248590E+00
-9.5143 4.354960E+00
-9.4943 4.371142E+00
-9.4743 4.007334E+00
-9.4543 3.331844E+00
-9.4343 2.653326E+00
-9.4143 2.126152E+00
-9.3943 1.749873E+00
-9.3743 1.483288E+00
-9.3542 1.290252E+00
-9.3342 1.146142E+00
-9.3142 1.035176E+00
-9.2942 9.472829E-01
-9.2742 8.758980E-01
-9.2542 8.166563E-01
-9.2342 7.665679E-01
-9.2142 7.235383E-01
-9.1942 6.860587E-01
-9.1742 6.530226E-01
-9.1541 6.236035E-01
-9.1341 5.971672E-01
-9.1141 5.732289E-01
-9.0941 5.513995E-01
-9.0741 5.313770E-01
-9.0541 5.129122E-01
-9.0341 4.958055E-01
-9.0141 4.798908E-01
-8.9941 4.650296E-01
-8.9741 4.511083E-01
-8.9540 4.380294E-01
-8.9340 4.257095E-01
-8.9140 4.140785E-01
-8.8940 4.030738E-01
-8.8740 3.926437E-01
-8.8540 3.827407E-01
-8.8340 3.733246E-01
-8.8140 3.643592E-01
-8.7940 3.558111E-01
-8.7740 3.476530E-01
-8.7539 3.398578E-01
-8.7339 3.324023E-01
-8.7139 3.252660E-01
-8.6939 3.184289E-01
-8.6739 3.118733E-01
-8.6539 3.055828E-01
-8.6339 2.995427E-01
-8.6139 2.937389E-01
-8.5939 2.881588E-01
-8.5739 2.827902E-01
-8.5538 2.776218E-01
-8.5338 2.726433E-01
-8.5138 2.678452E-01
-8.4938 2.632185E-01
-8.4738 2.587543E-01
-8.4538 2.544451E-01
-8.4338 2.502835E-01
-8.4138 2.462616E-01
-8.3938 2.423740E-01
-8.3738 2.386140E-01
-8.3537 2.349756E-01
-8.3337 2.314540E-01
-8.3137 2.280435E-01
-8.2937 2.247393E-01
-8.2737 2.215374E-01
-8.2537 2.184333E-01
-8.2337 2.154227E-01
-8.2137 2.125022E-01
-8.1937 2.096683E-01
-8.1737 2.069175E-01
-8.1536 2.042466E-01
-8.1336 2.016532E-01
-8.1136 1.991338E-01
-8.0936 1.966863E-01
-8.0736 1.943078E-01
-8.0536 1.919962E-01
-8.0336 1.897491E-01
-8.0136 1.875647E-01
-7.9936 1.854408E-01
-7.9736 1.833756E-01
-7.9535 1.813671E-01
-7.9335 1.794134E-01
-7.9135 1.775131E-01
-7.8935 1.756645E-01
-7.8735 1.738661E-01
-7.8535 1.721159E-01
-7.8335 1.704135E-01
-7.8135 1.687565E-01
-7.7935 1.671441E-01
-7.7735 1.655747E-01
-7.7534 1.640473E-01
-7.7334 1.625603E-01
-7.7134 1.611128E-01
-7.6934 1.597035E-01
-7.6734 1.583312E-01
-7.6534 1.569948E-01
-7.6334 1.556933E-01
-7.6134 1.544255E-01
-7.5934 1.531903E-01
-7.5734 1.519868E-01
-7.5533 1.508138E-01
-7.5333 1.496703E-01
-7.5133 1.485553E-01
-7.4933 1.474681E-01
-7.4733 1.464073E-01
-7.4533 1.453722E-01
-7.4333 1.443619E-01
-7.4133 1.433753E-01
-7.3933 1.424115E-01
-7.3733 1.414695E-01
-7.3532 1.405487E-01
-7.3332 1.396478E-01
-7.3132 1.387662E-01
-7.2932 1.379029E-01
-7.2732 1.370571E-01
-7.2532 1.362279E-01
-7.2332 1.354144E-01
-7.2132 1.346159E-01
-7.1932 1.338314E-01
-7.1732 1.330602E-01
-7.1531 1.323016E-01
-7.1331 1.315546E-01
-7.1131 1.308186E-01
-7.0931 1.300926E-01
-7.0731 1.293762E-01
-7.0531 1.286683E-01
-7.0331 1.279686E-01
-7.0131 1.272760E-01
-6.9931 1.265902E-01
-6.9731 1.259102E-01
-6.9530 1.252356E-01
-6.9330 1.245658E-01
-6.9130 1.239002E-01
-6.8930 1.232380E-01
-6.8730 1.225790E-01
-6.8530 1.219227E-01
-6.8330 1.212683E-01
-6.8130 1.206157E-01
-6.7930 1.199641E-01
-6.7730 1.193135E-01
-6.7529 1.186633E-01
-6.7329 1.180132E-01
-6.7129 1.173629E-01
-6.6929 1.167124E-01
-6.6729 1.160609E-01
-6.6529 1.154086E-01
-6.6329 1.147551E-01
-6.6129 1.141005E-01
-6.5929 1.134444E-01
-6.5729 1.127869E-01
-6.5528 1.121276E-01
-6.5328 1.114667E-01
-6.5128 1.108042E-01
-6.4928 1.101401E-01
-6.4728 1.094742E-01
-6.4528 1.088067E-01
-6.4328 1.081376E-01
-6.4128 1.074671E-01
-6.3928 1.067953E-01
-6.3728 1.061219E-01
-6.3527 1.054477E-01
-6.3327 1.047723E-01
-6.3127 1.040961E-01
-6.2927 1.034194E-01
-6.2727 1.027419E-01
-6.2527 1.020643E-01
-6.2327 1.013866E-01
-6.2127 1.007089E-01
-6.1927 1.000318E-01
-6.1727 9.935496E-02
-6.1526 9.867902E-02
-6.1326 9.800400E-02
-6.1126 9.733031E-02
-6.0926 9.665804E-02
-6.0726 9.598750E-02
-6.0526 9.531888E-02
-6.0326 9.465247E-02
-6.0126 9.398845E-02
-5.9926 9.332709E-02
-5.9726 9.266858E-02
-5.9525 9.201326E-02
-5.9325 9.136133E-02
-5.9125 9.071279E-02
-5.8925 9.006821E-02
-5.8725 8.942762E-02
-5.8525 8.879126E-02
-5.8325 8.815931E-02
-5.8125 8.753201E-02
-5.7925 8.690961E-02
-5.7725 8.629223E-02
-5.7524 8.568009E-02
-5.7324 8.507329E-02
-5.7124 8.447214E-02
-5.6924 8.387690E-02
-5.6724 8.328746E-02
-5.6524 8.270418E-02
-5.6324 8.212715E-02
-5.6124 8.155661E-02
-5.5924 8.099251E-02
-5.5724 8.043513E-02
-5.5523 7.988467E-02
-5.5323 7.934120E-02
-5.5123 7.880465E-02
-5.4923 7.827545E-02
-5.4723 7.775353E-02
-5.4523 7.723901E-02
-5.4323 7.673204E-02
-5.4123 7.623262E-02
-5.3923 7.574090E-02
-5.3723 7.525700E-02
-5.3522 7.478096E-02
-5.3322 7.431286E-02
-5.3122 7.385270E-02
-5.2922 7.340063E-02
-5.2722 7.295668E-02
-5.2522 7.252099E-02
-5.2322 7.209346E-02
-5.2122 7.167419E-02
-5.1922 7.126329E-02
-5.1722 7.086068E-02
-5.1521 7.046661E-02
-5.1321 7.008084E-02
-5.1121 6.970364E-02
-5.0921 6.933488E-02
-5.0721 6.897470E-02
-5.0521 6.862308E-02
-5.0321 6.827998E-02
-5.0121 6.794560E-02
-4.9921 6.761980E-02
-4.9721 6.730269E-02
-4.9520 6.699418E-02
-4.9320 6.669447E-02
-4.9120 6.640339E-02
-4.8920 6.612110E-02
-4.8720 6.584755E-02
-4.8520 6.558286E-02
-4.8320 6.532693E-02
-4.8120 6.507998E-02
-4.7920 6.484180E-02
-4.7720 6.461260E-02
-4.7519 6.439234E-02
-4.7319 6.418111E-02
-4.7119 6.397890E-02
-4.6919 6.378582E-02
-4.6719 6.360186E-02
-4.6519 6.342710E-02
-4.6319 6.326152E-02
-4.6119 6.310541E-02
-4.5919 6.295862E-02
-4.5719 6.282137E-02
-4.5518 6.269361E-02
-4.5318 6.257552E-02
-4.5118 6.246715E-02
-4.4918 6.236873E-02
-4.4718 6.228027E-02
-4.4518 6.220179E-02
-4.4318 6.213355E-02
-4.4118 6.207571E-02
-4.3918 6.202842E-02
-4.3718 6.199176E-02
-4.3517 6.196585E-02
-4.3317 6.195101E-02
-4.3117 6.194730E-02
-4.2917 6.195503E-02
-4.2717 6.197438E-02
-4.2517 6.200551E-02
-4.2317 6.204876E-02
-4.2117 6.210421E-02
-4.1917 6.217230E-02
-4.1717 6.225318E-02
-4.1516 6.234721E-02
-4.1316 6.245461E-02
-4.1116 6.257575E-02
-4.0916 6.271105E-02
-4.0716 6.286076E-02
-4.0516 6.302508E-02
-4.0316 6.320455E-02
-4.0116 6.339961E-02
-3.9916 6.361048E-02
-3.9716 6.383776E-02
-3.9515 6.408180E-02
-3.9315 6.434297E-02
-3.9115 6.462180E-02
-3.8915 6.491869E-02
-3.8715 6.523415E-02
-3.8515 6.556872E-02
-3.8315 6.592273E-02
-3.8115 6.629689E-02
-3.7915 6.669146E-02
-3.7715 6.710705E-02
-3.7514 6.754415E-02
-3.7314 6.800324E-02
-3.7114 6.848494E-02
-3.6914 6.898949E-02
-3.6714 6.951742E-02
-3.6514 7.006929E-02
-3.6314 7.064540E-02
-3.6114 7.124598E-02
-3.5914 7.187159E-02
-3.5714 7.252224E-02
-3.5513 7.319838E-02
-3.5313 7.390007E-02
-3.5113 7.462742E-02
-3.4913 7.538007E-02
-3.4713 7.615840E-02
-3.4513 7.696199E-02
-3.4313 7.779033E-02
-3.4113 7.864306E-02
-3.3913 7.951938E-02
-3.3713 8.041882E-02
-3.3512 8.134015E-02
-3.3312 8.228215E-02
-3.3112 8.324374E-02
-3.2912 8.422311E-02
-3.2712 8.521854E-02
-3.2512 8.622830E-02
-3.2312 8.724983E-02
-3.2112 8.828107E-02
-3.1912 8.931913E-02
-3.1712 9.036143E-02
-3.1511 9.140500E-02
-3.1311 9.244616E-02
-3.1111 9.348213E-02
-3.0911 9.450954E-02
-3.0711 9.552411E-02
-3.0511 9.652291E-02
-3.0311 9.750192E-02
-3.0111 9.845777E-02
-2.9911 9.938663E-02
-2.9711 1.002854E-01
-2.9510 1.011502E-01
-2.9310 1.019782E-01
-2.9110 1.027664E-01
-2.8910 1.035122E-01
-2.8710 1.042132E-01
-2.8510 1.048672E-01
-2.8310 1.054726E-01
-2.8110 1.060280E-01
-2.7910 1.065326E-01
-2.7710 1.069855E-01
-2.7509 1.073865E-01
-2.7309 1.077360E-01
-2.7109 1.080341E-01
-2.6909 1.082819E-01
-2.6709 1.084804E-01
-2.6509 1.086308E-01
-2.6309 1.087347E-01
-2.6109 1.087941E-01
-2.5909 1.088107E-01
-2.5709 1.087867E-01
-2.5508 1.087244E-01
-2.5308 1.086258E-01
-2.5108 1.084933E-01
-2.4908 1.083293E-01
-2.4708 1.081359E-01
-2.4508 1.079155E-01
-2.4308 1.076702E-01
-2.4108 1.074022E-01
-2.3908 1.071133E-01
-2.3708 1.068057E-01
-2.3507 1.064812E-01
-2.3307 1.061414E-01
-2.3107 1.057881E-01
-2.2907 1.054226E-01
-2.2707 1.050464E-01
-2.2507 1.046607E-01
-2.2307 1.042667E-01
-2.2107 1.038655E-01
-2.1907 1.034582E-01
-2.1707 1.030453E-01
-2.1506 1.026279E-01
-2.1306 1.022067E-01
-2.1106 1.017820E-01
-2.0906 1.013548E-01
-2.0706 1.009254E-01
-2.0506 1.004942E-01
-2.0306 1.000616E-01
-2.0106 9.962817E-02
-1.9906 9.919388E-02
-1.9706 9.875912E-02
-1.9505 9.832433E-02
-1.9305 9.788960E-02
-1.9105 9.745504E-02
-1.8905 9.702102E-02
-1.8705 9.658763E-02
-1.8505 9.615497E-02
-1.8305 9.572345E-02
-1.8105 9.529298E-02
-1.7905 9.486395E-02
-1.7705 9.443629E-02
-1.7504 9.401048E-02
-1.7304 9.358652E-02
-1.7104 9.316449E-02
-1.6904 9.274474E-02
-1.6704 9.232760E-02
-1.6504 9.191306E-02
-1.6304 9.150152E-02
-1.6104 9.109310E-02
-1.5904 9.068821E-02
-1.5704 9.028696E-02
-1.5503 8.988959E-02
-1.5303 8.949653E-02
-1.5103 8.910796E-02
-1.4903 8.872434E-02
-1.4703 8.834583E-02
-1.4503 8.797273E-02
-1.4303 8.760538E-02
-1.4103 8.724411E-02
-1.3903 8.688944E-02
-1.3703 8.654142E-02
-1.3502 8.620056E-02
-1.3302 8.586712E-02
-1.3102 8.554152E-02
-1.2902 8.522404E-02
-1.2702 8.491507E-02
-1.2502 8.461491E-02
-1.2302 8.432382E-02
-1.2102 8.404248E-02
-1.1902 8.377086E-02
-1.1702 8.350948E-02
-1.1501 8.325867E-02
-1.1301 8.301873E-02
-1.1101 8.279007E-02
-1.0901 8.257298E-02
-1.0701 8.236766E-02
-1.0501 8.217459E-02
-1.0301 8.199409E-02
-1.0101 8.182643E-02
-0.9901 8.167195E-02
-0.9701 8.153097E-02
-0.9500 8.140382E-02
-0.9300 8.129065E-02
-0.9100 8.119198E-02
-0.8900 8.110795E-02
-0.8700 8.103907E-02
-0.8500 8.098537E-02
-0.8300 8.094745E-02
-0.8100 8.092528E-02
-0.7900 8.091931E-02
-0.7700 8.092992E-02
-0.7499 8.095726E-02
-0.7299 8.100170E-02
-0.7099 8.106331E-02
-0.6899 8.114274E-02
-0.6699 8.123997E-02
-0.6499 8.135528E-02
-0.6299 8.148912E-02
-0.6099 8.164159E-02
-0.5899 8.181301E-02
-0.5699 8.200356E-02
-0.5498 8.221351E-02
-0.5298 8.244307E-02
-0.5098 8.269244E-02
-0.4898 8.296189E-02
-0.4698 8.325148E-02
-0.4498 8.356147E-02
-0.4298 8.389191E-02
-0.4098 8.424297E-02
-0.3898 8.461459E-02
-0.3698 8.500709E-02
-0.3497 8.542031E-02
-0.3297 8.585436E-02
-0.3097 8.630891E-02
-0.2897 8.678412E-02
-0.2697 8.727971E-02
-0.2497 8.779548E-02
-0.2297 8.833119E-02
-0.2097 8.888658E-02
-0.1897 8.946090E-02
-0.1697 9.005397E-02
-0.1496 9.066506E-02
-0.1296 9.129372E-02
-0.1096 9.193901E-02
-0.0896 9.260010E-02
-0.0696 9.327620E-02
-0.0496 9.396602E-02
-0.0296 9.466897E-02
-0.0096 9.538325E-02
0.0104 9.610764E-02
0.0304 9.684095E-02
0.0505 9.758125E-02
0.0705 9.832731E-02
0.0905 9.907712E-02
0.1105 9.982938E-02
0.1305 1.005815E-01
0.1505 1.013321E-01
0.1705 1.020790E-01
0.1905 1.028205E-01
0.2105 1.035542E-01
0.2305 1.042781E-01
0.2506 1.049904E-01
0.2706 1.056891E-01
0.2906 1.063722E-01
0.3106 1.070380E-01
0.3306 1.076846E-01
0.3506 1.083107E-01
0.3706 1.089145E-01
0.3906 1.094945E-01
0.4106 1.100498E-01
0.4306 1.105793E-01
0.4507 1.110821E-01
0.4707 1.115575E-01
0.4907 1.120051E-01
0.5107 1.124247E-01
0.5307 1.128160E-01
0.5507 1.131792E-01
0.5707 1.135145E-01
0.5907 1.138224E-01
0.6107 1.141035E-01
0.6307 1.143586E-01
0.6508 1.145884E-01
0.6708 1.147941E-01
0.6908 1.149766E-01
0.7108 1.151372E-01
0.7308 1.152772E-01
0.7508 1.153978E-01
0.7708 1.155004E-01
0.7908 1.155865E-01
0.8108 1.156572E-01
0.8308 1.157142E-01
0.8509 1.157586E-01
0.8709 1.157917E-01
0.8909 1.158149E-01
0.9109 1.158295E-01
0.9309 1.158366E-01
0.9509 1.158373E-01
0.9709 1.158328E-01
0.9909 1.158240E-01
1.0109 1.158117E-01
1.0309 1.157970E-01
1.0510 1.157805E-01
1.0710 1.157629E-01
1.0910 1.157450E-01
1.1110 1.157272E-01
1.1310 1.157099E-01
1.1510 1.156936E-01
1.1710 1.156787E-01
1.1910 1.156653E-01
1.2110 1.156538E-01
1.2310 1.156441E-01
1.2511 1.156366E-01
1.2711 1.156312E-01
1.2911 1.156277E-01
1.3111 1.156262E-01
1.3311 1.156267E-01
1.3511 1.156288E-01
1.3711 1.156323E-01
1.3911 1.156373E-01
1.4111 1.156432E-01
1.4311 1.156498E-01
1.4512 1.156569E-01
1.4712 1.156641E-01
1.4912 1.156711E-01
1.5112 1.156773E-01
1.5312 1.156826E-01
1.5512 1.156865E-01
1.5712 1.156886E-01
1.5912 1.156886E-01
1.6112 1.156860E-01
1.6312 1.156804E-01
1.6513 1.156715E-01
1.6713 1.156590E-01
1.6913 1.156425E-01
1.7113 1.156216E-01
1.7313 1.155960E-01
1.7513 1.155654E-01
1.7713 1.155295E-01
1.7913 1.154882E-01
1.8113 1.154410E-01
1.8313 1.153879E-01
1.8514 1.153286E-01
1.8714 1.152631E-01
1.8914 1.151911E-01
1.9114 1.151127E-01
1.9314 1.150277E-01
1.9514 1.149361E-01
1.9714 1.148380E-01
1.9914 1.147334E-01
2.0114 1.146222E-01
2.0314 1.145046E-01
2.0515 1.143807E-01
2.0715 1.142509E-01
2.0915 1.141149E-01
2.1115 1.139731E-01
2.1315 1.138257E-01
2.1515 1.136731E-01
2.1715 1.135153E-01
2.1915 1.133526E-01
2.2115 1.131854E-01
2.2315 1.130138E-01
2.2516 1.128383E-01
2.2716 1.126591E-01
2.2916 1.124765E-01
2.3116 1.122908E-01
2.3316 1.121025E-01
2.3516 1.119117E-01
2.3716 1.117188E-01
2.3916 1.115240E-01
2.4116 1.113278E-01
2.4316 1.111305E-01
2.4517 1.109323E-01
2.4717 1.107335E-01
2.4917 1.105343E-01
2.5117 1.103353E-01
2.5317 1.101365E-01
2.5517 1.099382E-01
2.5717 1.097406E-01
2.5917 1.095440E-01
2.6117 1.093487E-01
2.6317 1.091549E-01
2.6518 1.089627E-01
2.6718 1.087722E-01
2.6918 1.085838E-01
2.7118 1.083974E-01
2.7318 1.082135E-01
2.7518 1.080320E-01
2.7718 1.078530E-01
2.7918 1.076767E-01
2.8118 1.075032E-01
2.8318 1.073328E-01
2.8519 1.071651E-01
2.8719 1.070007E-01
2.8919 1.068392E-01
2.9119 1.066811E-01
2.9319 1.065261E-01
2.9519 1.063745E-01
2.9719 1.062261E-01
2.9919 1.060812E-01
3.0119 1.059395E-01
3.0319 1.058014E-01
3.0520 1.056666E-01
3.0720 1.055351E-01
3.0920 1.054072E-01
3.1120 1.052826E-01
3.1320 1.051616E-01
3.1520 1.050439E-01
3.1720 1.049297E-01
3.1920 1.048188E-01
3.2120 1.047114E-01
3.2320 1.046072E-01
3.2521 1.045065E-01
3.2721 1.044090E-01
3.2921 1.043151E-01
3.3121 1.042243E-01
3.3321 1.041369E-01
3.3521 1.040527E-01
3.3721 1.039718E-01
3.3921 1.038942E-01
3.4121 1.038198E-01
3.4321 1.037486E-01
3.4522 1.036806E-01
3.4722 1.036159E-01
3.4922 1.035542E-01
3.5122 1.034958E-01
3.5322 1.034406E-01
3.5522 1.033883E-01
3.5722 1.033392E-01
3.5922 1.032933E-01
3.6122 1.032505E-01
3.6322 1.016865E-01
3.6523 1.031740E-01
3.6723 1.031404E-01
3.6923 1.031099E-01
3.7123 1.030823E-01
3.7323 1.030578E-01
3.7523 1.030363E-01
3.7723 1.030178E-01
3.7923 1.030023E-01
3.8123 1.029899E-01
3.8323 1.029803E-01
3.8524 1.029738E-01
3.8724 1.029701E-01
3.8924 1.017498E-01
3.9124 1.029714E-01
3.9324 1.029763E-01
3.9524 1.013397E-01
3.9724 1.029948E-01
3.9924 1.030082E-01
4.0124 1.030243E-01
4.0324 1.030431E-01
4.0525 1.030646E-01
4.0725 1.030887E-01
4.0925 1.031153E-01
4.1125 1.031444E-01
4.1325 1.031758E-01
4.1525 1.032099E-01
4.1725 1.032462E-01
4.1925 1.032847E-01
4.2125 1.019308E-01
4.2325 1.033682E-01
4.2526 1.034130E-01
4.2726 1.028327E-01
4.2926 1.035083E-01
4.3126 1.035585E-01
4.3326 1.036104E-01
4.3526 1.036638E-01
4.3726 1.037185E-01
4.3926 1.037746E-01
4.4126 1.038317E-01
4.4326 1.038901E-01
4.4527 1.039491E-01
4.4727 1.040090E-01
4.4927 1.040695E-01
4.5127 1.041304E-01
4.5327 1.022419E-01
4.5527 1.042529E-01
4.5727 1.035804E-01
4.5927 1.043755E-01
4.6127 1.044364E-01
4.6327 1.044968E-01
4.6528 1.045564E-01
4.6728 1.046153E-01
4.6928 1.046731E-01
4.7128 1.047299E-01
4.7328 1.047852E-01
4.7528 1.048391E-01
4.7728 1.048912E-01
4.7928 1.049417E-01
4.8128 1.049900E-01
4.8328 1.050363E-01
4.8529 1.017005E-01
4.8729 1.051218E-01
4.8929 1.037789E-01
4.9129 1.051969E-01
4.9329 1.052303E-01
4.9529 1.052607E-01
4.9729 1.052880E-01
4.9929 1.053121E-01
5.0129 1.053330E-01
5.0329 1.053504E-01
5.0530 1.053644E-01
5.0730 1.053750E-01
5.0930 1.053819E-01
5.1130 1.053853E-01
5.1330 1.053849E-01
5.1530 1.053809E-01
5.1730 1.006166E-01
5.1930 1.053618E-01
5.2130 1.031165E-01
5.2330 1.053281E-01
5.2531 1.053058E-01
5.2731 1.052799E-01
5.2931 1.052505E-01
5.3131 1.052175E-01
5.3331 1.051814E-01
5.3531 1.051419E-01
5.3731 1.050991E-01
5.3931 1.050532E-01
5.4131 1.050045E-01
5.4331 1.049529E-01
5.4532 1.048986E-01
5.4732 1.048415E-01
5.4932 9.960454E-02
5.5132 1.047203E-01
5.5332 1.019730E-01
5.5532 1.045906E-01
5.5732 1.045229E-01
5.5932 1.044536E-01
5.6132 1.043827E-01
5.6332 1.043103E-01
5.6533 1.042370E-01
5.6733 1.041626E-01
5.6933 1.040874E-01
5.7133 1.040115E-01
5.7333 1.039352E-01
5.7533 1.038586E-01
5.7733 1.037818E-01
5.7933 1.037049E-01
5.8133 9.914669E-02
5.8333 1.035521E-01
5.8534 1.009761E-01
5.8734 1.034012E-01
5.8934 1.033269E-01
5.9134 1.032534E-01
5.9334 1.031813E-01
5.9534 1.031101E-01
5.9734 1.030404E-01
5.9934 1.029722E-01
6.0134 1.029056E-01
6.0334 1.028407E-01
6.0535 1.027776E-01
6.0735 1.027166E-01
6.0935 1.026575E-01
6.1135 1.026006E-01
6.1335 9.943913E-02
6.1535 1.024936E-01
6.1735 1.005811E-01
6.1935 1.023962E-01
6.2135 1.023514E-01
6.2335 1.023090E-01
6.2536 1.022695E-01
6.2736 1.022327E-01
6.2936 1.021987E-01
6.3136 1.021675E-01
6.3336 1.021392E-01
6.3536 1.021138E-01
6.3736 1.020914E-01
6.3936 1.020720E-01
6.4136 1.020556E-01
6.4336 1.020424E-01
6.4537 1.004541E-01
6.4737 1.020248E-01
6.4937 1.009528E-01
6.5137 1.020198E-01
6.5337 1.020220E-01
6.5537 1.020272E-01
6.5737 1.020356E-01
6.5937 1.020470E-01
6.6137 1.020616E-01
6.6337 1.020793E-01
6.6538 1.021000E-01
6.6738 1.021239E-01
6.6938 1.021507E-01
6.7138 1.021807E-01
6.7338 1.022135E-01
6.7538 1.022494E-01
6.7738 1.020422E-01
6.7938 1.023300E-01
6.8138 1.020422E-01
6.8338 1.024222E-01
6.8539 1.024726E-01
6.8739 1.025258E-01
6.8939 1.025818E-01
6.9139 1.026405E-01
6.9339 1.027019E-01
6.9539 1.027660E-01
6.9739 1.028327E-01
6.9939 1.029020E-01
7.0139 1.029736E-01
7.0339 1.030480E-01
7.0540 1.031247E-01
7.0740 1.032038E-01
7.0940 1.039940E-01
7.1140 1.033691E-01
7.1340 1.036869E-01
7.1540 1.035435E-01
7.1740 1.036338E-01
7.1940 1.037264E-01
7.2140 1.038209E-01
7.2340 1.039175E-01
7.2541 1.040161E-01
7.2741 1.041166E-01
7.2941 1.042188E-01
7.3141 1.043229E-01
7.3341 1.044288E-01
7.3541 1.045362E-01
7.3741 1.046454E-01
7.3941 1.047562E-01
7.4141 1.060667E-01
7.4341 1.049820E-01
7.4542 1.056698E-01
7.4742 1.052135E-01
7.4942 1.053313E-01
7.5142 1.054502E-01
7.5342 1.055704E-01
7.5542 1.056916E-01
7.5742 1.058138E-01
7.5942 1.059371E-01
7.6142 1.060612E-01
7.6342 1.061863E-01
7.6543 1.063122E-01
7.6743 1.064387E-01
7.6943 1.065659E-01
7.7143 1.066937E-01
7.7343 1.079960E-01
7.7543 1.069510E-01
7.7743 1.077403E-01
7.7943 1.072098E-01
7.8143 1.073397E-01
7.8343 1.074698E-01
7.8544 1.076000E-01
7.8744 1.077304E-01
7.8944 1.078607E-01
7.9144 1.079910E-01
7.9344 1.081212E-01
7.9544 1.082512E-01
7.9744 1.083809E-01
7.9944 1.085104E-01
8.0144 1.086395E-01
8.0344 1.087680E-01
8.0545 1.095331E-01
8.0745 1.090235E-01
8.0945 1.096303E-01
8.1145 1.092764E-01
8.1345 1.094016E-01
8.1545 1.095261E-01
8.1745 1.096496E-01
8.1945 1.097721E-01
8.2145 1.098935E-01
8.2345 1.100139E-01
8.2546 1.101329E-01
8.2746 1.102508E-01
8.2946 1.103674E-01
8.3146 1.104826E-01
8.3346 1.105964E-01
8.3546 1.107086E-01
8.3746 1.105133E-01
8.3946 1.109284E-01
8.4146 1.110941E-01
8.4346 1.111415E-01
8.4547 1.112454E-01
8.4747 1.113476E-01
8.4947 1.114477E-01
8.5147 1.115460E-01
8.5347 1.116423E-01
8.5547 1.117366E-01
8.5747 1.118288E-01
8.5947 1.119189E-01
8.6147 1.120069E-01
8.6347 1.120928E-01
8.6548 1.121763E-01
8.6748 1.122576E-01
8.6948 1.109319E-01
8.7148 1.124136E-01
8.7348 1.119819E-01
8.7548 1.125601E-01
8.7748 1.126299E-01
8.7948 1.126973E-01
8.8148 1.127624E-01
8.8348 1.128249E-01
8.8549 1.128850E-01
8.8749 1.129428E-01
8.8949 1.129983E-01
8.9149 1.130512E-01
8.9349 1.131018E-01
8.9549 1.131500E-01
8.9749 1.131958E-01
8.9949 1.132392E-01
9.0149 1.109757E-01
9.0349 1.133190E-01
9.0550 1.123128E-01
9.0750 1.133897E-01
9.0950 1.134216E-01
9.1150 1.134513E-01
9.1350 1.134790E-01
9.1550 1.135044E-01
9.1750 1.135278E-01
9.1950 1.135491E-01
9.2150 1.135685E-01
9.2350 1.135859E-01
9.2551 1.136014E-01
9.2751 1.136152E-01
9.2951 1.136271E-01
9.3151 1.136373E-01
9.3351 1.109854E-01
9.3551 1.136531E-01
9.3751 1.123000E-01
9.3951 1.136630E-01
9.4151 1.136657E-01
9.4351 1.136673E-01
9.4552 1.136678E-01
9.4752 1.136672E-01
9.4952 1.136655E-01
9.5152 1.136629E-01
9.5352 1.136595E-01
9.5552 1.136553E-01
9.5752 1.136504E-01
9.5952 1.136451E-01
9.6152 1.136394E-01
9.6352 1.136332E-01
9.6553 1.113802E-01
9.6753 1.136200E-01
9.6953 1.123026E-01
9.7153 1.136068E-01
9.7353 1.136003E-01
9.7553 1.135941E-01
9.7753 1.135882E-01
9.7953 1.135828E-01
9.8153 1.135779E-01
9.8353 1.135736E-01
9.8554 1.135702E-01
9.8754 1.135677E-01
9.8954 1.135661E-01
9.9154 1.135656E-01
9.9354 1.135663E-01
9.9554 1.135684E-01
9.9754 1.428766E-01
9.9954 1.135768E-01
10.0154 1.127495E-01
10.0354 1.135919E-01
10.0555 1.136022E-01
10.0755 1.136144E-01
10.0955 1.136286E-01
10.1155 1.136451E-01
10.1355 1.136639E-01
10.1555 1.136852E-01
10.1755 1.137089E-01
10.1955 1.137352E-01
10.2155 1.137644E-01
10.2355 1.137963E-01
10.2556 1.138312E-01
10.2756 1.138692E-01
10.2956 1.444759E-01
10.3156 1.139547E-01
10.3356 1.446742E-01
