882.206 -59.5372762000 -3.6414647253 1.0399938206E-05
892.206 -49.5372762000 -3.2612241309 1.4139468042E-05
902.206 -39.5372762000 -2.8303532408 2.0827832550E-05
912.206 -29.5372762000 -2.3208223821 3.5523048916E-05
913.706 -28.0372762000 -2.2343935117 3.9279368167E-05
915.206 -26.5372762000 -2.1444841340 4.3814795095E-05
916.706 -25.0372762000 -2.0506363918 4.9469841729E-05
918.206 -23.5372762000 -1.9522825158 5.6439188824E-05
919.706 -22.0372762000 -1.8487034461 6.5333312219E-05
921.206 -20.5372762000 -1.7389658003 7.7033843698E-05
922.206 -19.5372762000 -1.6617863290 8.7086910875E-05
922.306 -19.4371082000 -1.6538570595 8.8221857411E-05
922.406 -19.3369402000 -1.6458894609 8.9383347490E-05
922.507 -19.2367722000 -1.6378831688 9.0572094177E-05
922.607 -19.1366042000 -1.6298374170 9.1789244582E-05
922.706 -19.0372762000 -1.6218198660 9.3025102276E-05
922.807 -18.9362682000 -1.6136257643 9.4312421520E-05
922.907 -18.8361002000 -1.6054586501 9.5620560609E-05
923.007 -18.7359322000 -1.5972497094 9.6961183413E-05
923.108 -18.6357642000 -1.5889982941 9.8335562106E-05
923.208 -18.5355962000 -1.5807038735 9.9744842526E-05
923.308 -18.4354282000 -1.5723655640 1.0119040523E-04
923.408 -18.3352602000 -1.5639829360 1.0267352480E-04
923.508 -18.2350922000 -1.5555551360 1.0419579690E-04
923.608 -18.1349242000 -1.5470814258 1.0575862779E-04
923.709 -18.0347562000 -1.5385610470 1.0736370746E-04
923.809 -17.9345882000 -1.5299932197 1.0901261621E-04
923.909 -17.8344202000 -1.5213770724 1.1070741728E-04
924.009 -17.7342522000 -1.5127118499 1.1244984171E-04
924.109 -17.6340842000 -1.5039967038 1.1424219685E-04
924.209 -17.5339162000 -1.4952309035 1.1608679257E-04
924.31 -17.4337482000 -1.4864132666 1.1798637549E-04
924.41 -17.3335802000 -1.4775430810 1.1994404689E-04
924.51 -17.2334122000 -1.4686193221 1.2196296210E-04
924.61 -17.1332442000 -1.4596409344 1.2404564928E-04
924.71 -17.0330762000 -1.4506070504 1.2619011885E-04
924.81 -16.9329082000 -1.4415164788 1.2839149133E-04
924.911 -16.8327402000 -1.4323682892 1.3065245905E-04
925.011 -16.7325722000 -1.4231612955 1.3298512369E-04
925.111 -16.6324042000 -1.4138943490 1.3539844309E-04
925.211 -16.5322362000 -1.4045662630 1.3789831540E-04
925.311 -16.4320682000 -1.3951757349 1.4048931019E-04
925.411 -16.3319002000 -1.3857215721 1.4317458231E-04
925.512 -16.2317322000 -1.3762025405 1.4595675744E-04
925.612 -16.1315642000 -1.3666172067 1.4883225782E-04
925.712 -16.0313962000 -1.3569640087 1.5179958099E-04
925.812 -15.9312282000 -1.3472418039 1.5486506410E-04
925.912 -15.8310602000 -1.3374490076 1.5803847890E-04
926.013 -15.7308922000 -1.3275838575 1.6132941201E-04
926.113 -15.6307242000 -1.3176448091 1.6474684899E-04
926.213 -15.5305562000 -1.3076302994 1.6829932061E-04
926.313 -15.4303882000 -1.2975384172 1.7199534354E-04
926.413 -15.3302202000 -1.2873674669 1.7584387886E-04
926.513 -15.2300522000 -1.2771156010 1.7985435619E-04
926.614 -15.1298842000 -1.2667806450 1.8403692902E-04
926.714 -15.0297162000 -1.2563607601 1.8840276047E-04
926.814 -14.9295482000 -1.2458537301 1.9296364419E-04
926.914 -14.8293802000 -1.2352572018 1.9773251282E-04
927.014 -14.7292122000 -1.2245691561 2.0272338020E-04
927.114 -14.6290442000 -1.2137869124 2.0795136346E-04
927.215 -14.5288762000 -1.2029080261 2.1343337399E-04
927.315 -14.4287082000 -1.1919298065 2.1918780177E-04
927.415 -14.3285402000 -1.1808496181 2.2523580540E-04
927.515 -14.2283722000 -1.1696645177 2.3160128671E-04
927.615 -14.1282042000 -1.1583712366 2.3831185556E-04
927.715 -14.0280362000 -1.1469669040 2.4540011342E-04
927.816 -13.9278682000 -1.1354480332 2.5290458774E-04
927.916 -13.8277002000 -1.1238110073 2.6087121915E-04
928.016 -13.7275322000 -1.1120523087 2.6935582118E-04
928.116 -13.6273642000 -1.1001679392 2.7842708469E-04
928.216 -13.5271962000 -1.0881536834 2.8816901016E-04
928.316 -13.4270282000 -1.0760053883 2.9868849930E-04
928.417 -13.3268602000 -1.0637183115 3.1011560537E-04
928.517 -13.2266922000 -1.0512876376 3.2260682790E-04
928.617 -13.1265242000 -1.0387082110 3.3631785533E-04
928.717 -13.0263562000 -1.0259745084 3.5134144894E-04
928.817 -12.9261882000 -1.0130809224 3.6756469689E-04
928.917 -12.8260202000 -1.0000209496 3.8455337733E-04
929.018 -12.7258522000 -0.9867883071 4.0181403399E-04
929.118 -12.6256842000 -0.9733756796 4.1962363142E-04
929.218 -12.5255162000 -0.9597756323 4.3925673713E-04
929.318 -12.4253482000 -0.9459801380 4.6188660463E-04
929.418 -12.3251802000 -0.9319803747 4.8773350954E-04
929.518 -12.2250122000 -0.9177671107 5.1571532231E-04
929.619 -12.1248442000 -0.9033302092 5.4366081667E-04
929.719 -12.0246762000 -0.8886588608 5.7055275268E-04
929.819 -11.9245082000 -0.8737411943 5.9847053770E-04
929.919 -11.8243402000 -0.8585643396 6.2991327602E-04
930.019 -11.7241722000 -0.8431143946 6.6503904934E-04
930.119 -11.6240042000 -0.8273758999 7.0333820090E-04
930.22 -11.5238362000 -0.8113321949 7.4541998254E-04
930.32 -11.4236682000 -0.7949648341 7.9179874133E-04
930.42 -11.3235002000 -0.7782532609 8.4367974605E-04
930.52 -11.2233322000 -0.7611748740 9.0363857279E-04
930.62 -11.1231642000 -0.7437044391 9.7423826103E-04
930.72 -11.0229962000 -0.7258136101 1.0552353002E-03
930.821 -10.9228282000 -0.7074704192 1.1424687212E-03
930.921 -10.8226602000 -0.6886389119 1.2304618563E-03
931.021 -10.7224922000 -0.6692776716 1.3178352130E-03
931.121 -10.6223242000 -0.6493394174 1.4138171855E-03
931.221 -10.5221562000 -0.6287692604 1.5372725137E-03
931.321 -10.4219882000 -0.6075029274 1.7034531421E-03
931.422 -10.3218202000 -0.5854646964 1.9155080664E-03
931.522 -10.2216522000 -0.5625637398 2.1765972106E-03
931.622 -10.1214842000 -0.5386901137 2.5038056984E-03
931.722 -10.0213162000 -0.5137082011 2.9262131979E-03
931.822 -9.9211481500 -0.4874476311 3.4844852859E-03
931.922 -9.8209801500 -0.4596893339 4.2330546015E-03
932.023 -9.7208121500 -0.4301434036 5.2216494162E-03
932.123 -9.6206441500 -0.3984123637 6.4424024252E-03
932.223 -9.5204761500 -0.3639251143 7.7831917189E-03
932.323 -9.4203081500 -0.3258075701 9.0844859173E-03
932.423 -9.3201401500 -0.2825945092 1.0359450553E-02
932.523 -9.2199721500 -0.2314491821 1.1832027375E-02
932.624 -9.1198041500 -0.1651599310 1.3583140301E-02
932.728 -9.0158761500 0.0000000000 1.5523740409E-02
932.824 -8.9194681500 0.1590724395 1.7097055204E-02
932.924 -8.8193001500 0.2271452481 1.8304545957E-02
933.024 -8.7191321500 0.2790804540 1.9000938588E-02
933.124 -8.6189641500 0.3227643246 1.9225917776E-02
933.225 -8.5187961500 0.3612031819 1.9092469794E-02
933.325 -8.4186281500 0.3959275794 1.8722179581E-02
933.425 -8.3184601500 0.4278429589 1.8214855334E-02
933.525 -8.2182921500 0.4575374377 1.7642347966E-02
933.625 -8.1181241500 0.4854188051 1.7049791893E-02
933.725 -8.0179561500 0.5117835145 1.6466765574E-02
933.826 -7.9177881500 0.5368549728 1.5907717805E-02
933.926 -7.8176201500 0.5608067266 1.5381348245E-02
934.026 -7.7174521500 0.5837766130 1.4891908227E-02
934.126 -7.6172841500 0.6058762937 1.4439897481E-02
934.226 -7.5171161500 0.6271976983 1.4069799306E-02
934.326 -7.4169481500 0.6478178207 1.3724687817E-02
934.427 -7.3167801500 0.6678015061 1.3399775834E-02
934.527 -7.2166121500 0.6872043177 1.3092866266E-02
934.627 -7.1164441500 0.7060741253 1.2800591642E-02
934.727 -7.0162761500 0.7244526346 1.2519445415E-02
934.827 -6.9161081500 0.7423762989 1.2245439516E-02
934.927 -6.8159401500 0.7598772348 1.1976255157E-02
935.028 -6.7157721500 0.7769841791 1.1706671041E-02
935.128 -6.6156041500 0.7937224394 1.1437660655E-02
935.228 -6.5154361500 0.8101149344 1.1164632395E-02
935.328 -6.4152681500 0.8261822457 1.0889448841E-02
935.428 -6.3151001500 0.8419430221 1.0611481256E-02
935.528 -6.2149321500 0.8574141367 1.0330471315E-02
935.629 -6.1147641500 0.8726109964 1.0048621582E-02
935.729 -6.0145961500 0.8875476591 9.7681103665E-03
935.829 -5.9144281500 0.9022370771 9.4894279182E-03
935.929 -5.8142601500 0.9166911654 9.2150111066E-03
936.029 -5.7140921500 0.9309208570 8.9480614100E-03
936.129 -5.6139241500 0.9449362051 8.6887065003E-03
936.23 -5.5137561500 0.9587467763 8.4396969713E-03
936.33 -5.4135881500 0.9723612687 8.2036857289E-03
936.43 -5.3134201500 0.9857876444 7.9798523853E-03
936.53 -5.2132521500 0.9990337009 7.7711881044E-03
936.63 -5.1130841500 1.0121062554 7.5775645417E-03
936.73 -5.0129161500 1.0250122574 7.4004170970E-03
936.831 -4.9127481500 1.0377576648 7.2410527847E-03
936.931 -4.8125801500 1.0503484756 7.0986685030E-03
937.031 -4.7124121500 1.0627900842 6.9742753992E-03
937.131 -4.6122441500 1.0750878687 6.8689469717E-03
937.231 -4.5120761500 1.0872463667 6.7836715131E-03
937.331 -4.4119081500 1.0992704420 6.7174608947E-03
937.432 -4.3117401500 1.1111645065 6.6724865310E-03
937.532 -4.2115721500 1.1229325491 6.6489352198E-03
937.632 -4.1114041500 1.1345784913 6.6472035901E-03
937.732 -4.0112361500 1.1461061479 6.6697101684E-03
937.832 -3.9110681500 1.1575190070 6.7180648865E-03
937.932 -3.8109001500 1.1688203859 6.7917610454E-03
938.033 -3.7107321500 1.1800135327 6.8932410708E-03
938.133 -3.6105641500 1.1911015881 7.0225362547E-03
938.233 -3.5103961500 1.2020873716 7.1799980182E-03
938.333 -3.4102281500 1.2129735743 7.3656596765E-03
938.433 -3.3100601500 1.2237629841 7.5758236434E-03
938.534 -3.2098921500 1.2344580528 7.8060492330E-03
938.634 -3.1097241500 1.2450612971 8.0490601140E-03
938.734 -3.0095561500 1.2555750433 8.2950525324E-03
938.834 -2.9093881500 1.2660013110 8.5320917779E-03
938.934 -2.8092201500 1.2763425775 8.7470549264E-03
939.034 -2.7090521500 1.2866007271 8.9278494400E-03
939.135 -2.6088841500 1.2967776501 9.0647192956E-03
939.235 -2.5087161500 1.3068752849 9.1519885395E-03
939.335 -2.4085481500 1.3168956574 9.1887366017E-03
939.435 -2.3083801500 1.3268401973 9.1778378564E-03
939.535 -2.2082121500 1.3367109154 9.1255398406E-03
939.635 -2.1080441500 1.3465091586 9.0394627118E-03
939.736 -2.0078761500 1.3562366155 8.9275081535E-03
939.836 -1.9077081500 1.3658948762 8.7970996120E-03
939.936 -1.8075401500 1.3754851664 8.6542850717E-03
940.036 -1.7073721500 1.3850092821 8.5045316852E-03
940.136 -1.6072041500 1.3944681214 8.3518378709E-03
940.236 -1.5070361500 1.4038633828 8.1997460247E-03
940.337 -1.4068681500 1.4131961082 8.0513012589E-03
940.437 -1.3067001500 1.4224676784 7.9091111399E-03
940.537 -1.2065321500 1.4316792071 7.7755298665E-03
940.637 -1.1063641500 1.4408317719 7.6527950211E-03
940.737 -1.0061961500 1.4499264895 7.5431520488E-03
940.837 -0.9060281530 1.4589646605 7.4484123191E-03
940.938 -0.8058601530 1.4679471845 7.3704848726E-03
941.038 -0.7056921530 1.4768750047 7.3107703016E-03
941.138 -0.6055241530 1.4857491788 7.2706641536E-03
941.238 -0.5053561530 1.4945707337 7.2509775655E-03
941.338 -0.4051881530 1.5033405249 7.2524310853E-03
941.438 -0.3050201530 1.5120593827 7.2749470014E-03
941.539 -0.2048521530 1.5207281831 7.3183065183E-03
941.639 -0.1046841530 1.5293480557 7.3810579819E-03
941.739 -0.0045161528 1.5379194772 7.4614414562E-03
941.839 0.0956518472 1.5464434598 7.5563720078E-03
941.939 0.1958198470 1.5549205781 7.6620190989E-03
942.039 0.2959878470 1.5633518670 7.7736775959E-03
942.14 0.3961558470 1.5717378608 7.8860678790E-03
942.206 0.4626938470 1.5772837365 7.9583828273E-03
942.24 0.4963238470 1.5800794153 7.9936332854E-03
943.706 1.9626938500 1.6975059241 8.0770395648E-03
945.206 3.4626938500 1.8097594219 7.0887810375E-03
946.706 4.9626938500 1.9154454094 6.4886982399E-03
948.206 6.4626938500 2.0155977108 6.0320894849E-03
949.706 7.9626938500 2.1110036229 5.9068438359E-03
951.206 9.4626938500 2.2022803831 5.8953319057E-03
952.206 10.4627238000 2.2610869895 5.9972490702E-03
952.706 10.9626938000 2.2899217182 6.1663962419E-03
972.206 30.4627238000 3.2189873914 7.5594909846E-03
992.206 50.4627238000 3.9511072192 6.3068646855E-03
1012.21 70.4627238000 4.5673420370 6.0301467953E-03
1032.21 90.4627238000 5.1097925606 6.3064898695E-03
1052.21 110.4627240000 5.5999412169 5.3968354862E-03
