# # Once                                                         FEFF 10.0.0 
# # POT  SCF  60  4.0000   0, NO core-hole, AFOLP (folp(0)= 1.150)
# # Abs   Z=29 Rmt= 1.362 Rnm= 1.399 L3 shell
# #   RGRID 0.0100
# # Pot 1 Z=29 Rmt= 1.362 Rnm= 1.399
# # Gam_ch=5.960E-01 H-L exch Vi= 3.000E-04 Vr= 0.000E+00
# # Mu=-7.619E+00eV kf=2.013E+00 Vint=-1.628E+01eV Rs_int= 1.802
# FMS rfms= 8.0000
# # PATH  Rmax=-1.000,  Keep_limit= 0.00, Heap_limit 0.00  Pwcrit= 2.50%
#  S02=1.000  Temp=   0.00  Debye_temp=   0.00  Global_sig2= 0.00000
#  Energy zero shift, vr, vi    0.00000E+00   0.00000E+00
#  Curved wave amplitude ratio filter   4.000%
#     file         sig2 tot  cw amp ratio   deg  nlegs   reff  inp sig2
#     0/   0 paths used
#  xsedge+ 50, used to normalize mu           1.0000E+00
#  -----------------------------------------------------------------------
#  omega    e    k    mu    mu0     chi     @#
       884.1484516721      -59.5369166000       -3.6914675603    9.0829064218E-06    9.3627574047E-06   -2.7985098291E-07
       894.1484516721      -49.5369166000       -3.3169640088    1.2101910883E-05    1.2516852326E-05   -4.1494144263E-07
       904.1484516721      -39.5369166000       -2.8944028266    1.7262766636E-05    1.7940725586E-05   -6.7795895006E-07
       914.1484516721      -29.5369166000       -2.3985172053    2.7743602660E-05    2.9052271283E-05   -1.3086686229E-06
       915.6484516721      -28.0369166000       -2.3149907547    3.0253271567E-05    3.1731255529E-05   -1.4779839625E-06
       917.1484516721      -26.5369166000       -2.2283357086    3.3216282505E-05    3.4899654131E-05   -1.6833716263E-06
       918.6484516721      -25.0369166000       -2.1381716175    3.6848277528E-05    3.8784127912E-05   -1.9358503843E-06
       920.1484516721      -23.5369166000       -2.0440340692    4.1154315988E-05    4.3406255113E-05   -2.2519391254E-06
       921.6484516721      -22.0369166000       -1.9453465275    4.6442553066E-05    4.9097814586E-05   -2.6552615200E-06
       923.1484516721      -20.5369166000       -1.8413773438    5.3090363313E-05    5.6272106812E-05   -3.1817434995E-06
       924.1484516721      -19.5369166000       -1.7686724601    5.8555991337E-05    6.2183524436E-05   -3.6275330988E-06
       924.2485526721      -19.4368156000       -1.7612293062    5.9159495627E-05    6.2836838722E-05   -3.6773430949E-06
       924.3486536721      -19.3367146000       -1.7537546237    5.9774532204E-05    6.3502730997E-05   -3.7281987927E-06
       924.4487546721      -19.2366136000       -1.7462480075    6.0401395096E-05    6.4181522874E-05   -3.7801277777E-06
       924.5488556721      -19.1365126000       -1.7387089218    6.1040345017E-05    6.4873502807E-05   -3.8331577904E-06
       924.6484516721      -19.0369166000       -1.7311753038    6.1688470905E-05    6.5575511478E-05   -3.8870405733E-06
       924.7490576721      -18.9363106000       -1.7235318206    6.2356147621E-05    6.6298780514E-05   -3.9426328933E-06
       924.8491586721      -18.8362096000       -1.7158930542    6.3033683332E-05    6.7032820046E-05   -3.9991367141E-06
       924.9492596721      -18.7361086000       -1.7082198800    6.3724900184E-05    6.7781751818E-05   -4.0568516332E-06
       925.0493606721      -18.6360076000       -1.7005123331    6.4430164737E-05    6.8545978522E-05   -4.1158137852E-06
       925.1494616721      -18.5359066000       -1.6927695668    6.5149889927E-05    6.9325927971E-05   -4.1760380440E-06
       925.2495626721      -18.4358056000       -1.6849912217    6.5884618216E-05    7.0122182074E-05   -4.2375638579E-06
       925.3496636721      -18.3357046000       -1.6771768663    6.6634805392E-05    7.0935202818E-05   -4.3003974258E-06
       925.4497646721      -18.2356036000       -1.6693258675    6.7400973218E-05    7.1765543979E-05   -4.3645707610E-06
       925.5498656721      -18.1355026000       -1.6614377057    6.8183676587E-05    7.2613759715E-05   -4.4300831278E-06
       925.6499666721      -18.0354016000       -1.6535120422    6.8983377626E-05    7.3480314770E-05   -4.4969371443E-06
       925.7500676721      -17.9353006000       -1.6455480764    6.9800839432E-05    7.4365942516E-05   -4.5651030836E-06
       925.8501686721      -17.8351996000       -1.6375455095    7.0636668062E-05    7.5271215426E-05   -4.6345473639E-06
       925.9502696721      -17.7350986000       -1.6295035767    7.1491682492E-05    7.6196848528E-05   -4.7051660362E-06
       926.0503706721      -17.6349976000       -1.6214218237    7.2366663807E-05    7.7143462300E-05   -4.7767984933E-06
       926.1504716721      -17.5348966000       -1.6132994540    7.3262707166E-05    7.8111831962E-05   -4.8491247964E-06
       926.2505726721      -17.4347956000       -1.6051361827    7.4180996043E-05    7.9102676548E-05   -4.9216805051E-06
       926.3506736721      -17.3346946000       -1.5969310492    7.5123134259E-05    8.0116846647E-05   -4.9937123879E-06
       926.4507746721      -17.2345936000       -1.5886834719    7.6090738408E-05    8.1155120407E-05   -5.0643819992E-06
       926.5508756721      -17.1344926000       -1.5803929884    7.7084615987E-05    8.2218465972E-05   -5.1338499852E-06
       926.6509766721      -17.0343916000       -1.5720587844    7.8101173417E-05    8.3307820861E-05   -5.2066474444E-06
       926.7510776721      -16.9342906000       -1.5636800928    7.9133327639E-05    8.4424148716E-05   -5.2908210773E-06
       926.8511786721      -16.8341896000       -1.5552562630    8.0181929964E-05    8.5568664622E-05   -5.3867346587E-06
       926.9512796721      -16.7340886000       -1.5467865575    8.1256477428E-05    8.6742494436E-05   -5.4860170078E-06
       927.0513806721      -16.6339876000       -1.5382702186    8.2363862605E-05    8.7946926498E-05   -5.5830638922E-06
       927.1514816721      -16.5338866000       -1.5297064674    8.3507211110E-05    8.9183631703E-05   -5.6764205926E-06
       927.2515826721      -16.4337856000       -1.5210945031    8.4687826496E-05    9.0454225970E-05   -5.7663994739E-06
       927.3516836721      -16.3336846000       -1.5124335724    8.5909138170E-05    9.1760545510E-05   -5.8514073399E-06
       927.4517846721      -16.2335836000       -1.5037226879    8.7168702477E-05    9.3103798077E-05   -5.9350956002E-06
       927.5518856721      -16.1334826000       -1.4949610473    8.8459503247E-05    9.4484732670E-05   -6.0252294220E-06
       927.6519866721      -16.0333816000       -1.4861478246    8.9777052375E-05    9.5903846192E-05   -6.1267938177E-06
       927.7520876721      -15.9332806000       -1.4772819527    9.1123738445E-05    9.7361966389E-05   -6.2382279445E-06
       927.8521886721      -15.8331796000       -1.4683624776    9.2505588912E-05    9.8860916342E-05   -6.3553274296E-06
       927.9522896721      -15.7330786000       -1.4593886355    9.3927899862E-05    1.0040241161E-04   -6.4745117461E-06
       928.0523906721      -15.6329776000       -1.4503592704    9.5395228228E-05    1.0198862978E-04   -6.5934015527E-06
       928.1524916721      -15.5328766000       -1.4412731911    9.6911369642E-05    1.0362200109E-04   -6.7106314492E-06
       928.2525926721      -15.4327756000       -1.4321296154    9.8479686274E-05    1.0530486379E-04   -6.8251775129E-06
       928.3526936721      -15.3326746000       -1.4229272104    1.0010335448E-04    1.0703974467E-04   -6.9363901883E-06
       928.4527946721      -15.2325736000       -1.4136649027    1.0178596141E-04    1.0882947703E-04   -7.0435156191E-06
       928.5528956721      -15.1324726000       -1.4043415069    1.0353128603E-04    1.1067708688E-04   -7.1458008535E-06
       928.6529966721      -15.0323716000       -1.3949558745    1.0534316400E-04    1.1258556395E-04   -7.2423999472E-06
       928.7530976721      -14.9322706000       -1.3855065870    1.0722593697E-04    1.1455836851E-04   -7.3324315401E-06
       928.8531986721      -14.8321696000       -1.3759924105    1.0918438405E-04    1.1659920832E-04   -7.4148242652E-06
       928.9532996721      -14.7320686000       -1.3664119893    1.1122347903E-04    1.1871204434E-04   -7.4885653033E-06
       929.0534006721      -14.6319676000       -1.3567639988    1.1334882592E-04    1.2090115118E-04   -7.5523252636E-06
       929.1535016721      -14.5318666000       -1.3470468289    1.1556644063E-04    1.2317110881E-04   -7.6046681790E-06
       929.2536026721      -14.4317656000       -1.3372590513    1.1788359897E-04    1.2552721487E-04   -7.6436159041E-06
       929.3537036721      -14.3316646000       -1.3273991040    1.2030864249E-04    1.2797500378E-04   -7.6663612895E-06
       929.4538046721      -14.2315636000       -1.3174653666    1.2285164039E-04    1.3052052962E-04   -7.6688892325E-06
       929.5539056721      -14.1314626000       -1.3074562793    1.2552540504E-04    1.3317073356E-04   -7.6453285195E-06
       929.6540066721      -14.0313616000       -1.2973698111    1.2834572855E-04    1.3593302672E-04   -7.5872981713E-06
       929.7541076721      -13.9312606000       -1.2872043497    1.3133292835E-04    1.3881589973E-04   -7.4829713837E-06
       929.8542086721      -13.8311596000       -1.2769580501    1.3451269816E-04    1.4182851930E-04   -7.3158211380E-06
       929.9543096721      -13.7310586000       -1.2666288245    1.3791862126E-04    1.4498161841E-04   -7.0629971527E-06
       930.0544106721      -13.6309576000       -1.2562145850    1.4159461349E-04    1.4828709833E-04   -6.6924848368E-06
       930.1545116721      -13.5308566000       -1.2457133703    1.4559733033E-04    1.5175791689E-04   -6.1605865661E-06
       930.2546126721      -13.4307556000       -1.2351228327    1.5000160351E-04    1.5540964833E-04   -5.4080448251E-06
       930.3547136721      -13.3306546000       -1.2244407414    1.5490595287E-04    1.5926070502E-04   -4.3547521458E-06
       930.4548146721      -13.2305536000       -1.2136645913    1.6042614061E-04    1.6333034470E-04   -2.9042040885E-06
       930.5549156721      -13.1304526000       -1.2027918985    1.6667984193E-04    1.6764256224E-04   -9.6272030359E-07
       930.6550166721      -13.0303516000       -1.1918201101    1.7372000329E-04    1.7222557968E-04    1.4944236126E-06
       930.7551176721      -12.9302506000       -1.1807462383    1.8139707656E-04    1.7711191241E-04    4.2851641502E-06
       930.8552186721      -12.8301496000       -1.1695676565    1.8923692959E-04    1.8234126548E-04    6.8956641146E-06
       930.9553196721      -12.7300486000       -1.1582811032    1.9666315942E-04    1.8796067393E-04    8.7024854903E-06
       931.0554206721      -12.6299476000       -1.1468834372    2.0381907958E-04    1.9402753413E-04    9.7915454453E-06
       931.1555216721      -12.5298466000       -1.1353714528    2.1185923803E-04    2.0061306489E-04    1.1246173140E-05
       931.2556226721      -12.4297456000       -1.1237414947    2.2189542207E-04    2.0780451490E-04    1.4090907164E-05
       931.3557236721      -12.3296446000       -1.1119900047    2.3410176763E-04    2.1571166037E-04    1.8390107263E-05
       931.4558246721      -12.2295436000       -1.1001128466    2.4735464774E-04    2.2447536791E-04    2.2879279837E-05
       931.5559256721      -12.1294426000       -1.0881061495    2.5936238070E-04    2.3427507102E-04    2.5087309679E-05
       931.6560266721      -12.0293416000       -1.0759655275    2.6877237439E-04    2.4534364498E-04    2.3428729412E-05
       931.7561276721      -11.9292406000       -1.0636862447    2.7731134026E-04    2.5798820530E-04    1.9323134954E-05
       931.8562286721      -11.8291396000       -1.0512635436    2.8733705654E-04    2.7261528798E-04    1.4721768568E-05
       931.9563296721      -11.7290386000       -1.0386923296    2.9885844637E-04    2.8976607126E-04    9.0923751029E-06
       932.0564306721      -11.6289376000       -1.0259669878    3.1097431306E-04    3.1015435031E-04    8.1996275191E-07
       932.1565316721      -11.5288366000       -1.0130819204    3.2387772791E-04    3.3473348253E-04   -1.0855754613E-05
       932.2566326721      -11.4287356000       -1.0000308469    3.3758543655E-04    3.6465989696E-04   -2.7074460414E-05
       932.3567336721      -11.3286346000       -0.9868071269    3.5262360069E-04    4.0126944873E-04   -4.8645848043E-05
       932.4568346721      -11.2285336000       -0.9734038335    3.7078315803E-04    4.4573323362E-04   -7.4950075596E-05
       932.5569356721      -11.1284326000       -0.9598133329    3.9381458521E-04    4.9834338462E-04   -1.0452879941E-04
       932.6570366721      -11.0283316000       -0.9460276695    4.2060447441E-04    5.5735809971E-04   -1.3675362530E-04
       932.7571376721      -10.9282306000       -0.9320380977    4.4577662276E-04    6.1782983075E-04   -1.7205320799E-04
       932.8572386721      -10.8281296000       -0.9178353228    4.6194386040E-04    6.7089535253E-04   -2.0895149213E-04
       932.9573396721      -10.7280286000       -0.9034092892    4.6476145411E-04    7.0523616370E-04   -2.4047470959E-04
       933.0574406721      -10.6279276000       -0.8887490955    4.5928635284E-04    7.1306023846E-04   -2.5377388563E-04
       933.1575416721      -10.5278266000       -0.8738430173    4.5953420990E-04    6.9669343953E-04   -2.3715922962E-04
       933.2576426721      -10.4277256000       -0.8586782186    4.7527851446E-04    6.6695802743E-04   -1.9167951297E-04
       933.3577436721      -10.3276246000       -0.8432407725    5.0161333828E-04    6.3530380110E-04   -1.3369046282E-04
       933.4578446721      -10.2275236000       -0.8275152918    5.2847250887E-04    6.0882808104E-04   -8.0355572167E-05
       933.5579456721      -10.1274226000       -0.8114852282    5.5343089574E-04    5.9031380344E-04   -3.6882907698E-05
       933.6580466721      -10.0273216000       -0.7951320600    5.7791104828E-04    5.8008100993E-04   -2.1699616505E-06
       933.7581476921       -9.9272205800       -0.7784353221    6.0284992004E-04    5.7748635220E-04    2.5363567836E-05
       933.8582486921       -9.8271195800       -0.7613725861    6.3042186534E-04    5.8171257914E-04    4.8709286198E-05
       933.9583496921       -9.7270185800       -0.7439186328    6.6218757750E-04    5.9208251273E-04    7.0105064772E-05
       934.0584506921       -9.6269175800       -0.7260451751    6.9398597537E-04    6.0814772893E-04    8.5838246438E-05
       934.1585516921       -9.5268165800       -0.7077204677    7.1729510384E-04    6.2973282788E-04    8.7562275961E-05
       934.2586526921       -9.4267155800       -0.6889085023    7.2827163934E-04    6.5689389594E-04    7.1377743398E-05
       934.3587536921       -9.3266145800       -0.6695682107    7.3257981861E-04    6.8994836377E-04    4.2631454835E-05
       934.4588546921       -9.2265135800       -0.6496523888    7.4153754266E-04    7.2947572584E-04    1.2061816820E-05
       934.5589556921       -9.1264125800       -0.6291064222    7.6256886785E-04    7.7635830912E-04   -1.3789441268E-05
       934.6590566921       -9.0263115800       -0.6078663954    7.9743711292E-04    8.3184942292E-04   -3.4412309996E-05
       934.7591576921       -8.9262105800       -0.5858568017    8.4624345020E-04    8.9768241577E-04   -5.1438965567E-05
       934.8592586921       -8.8261095800       -0.5629874152    9.0971405492E-04    9.7624686937E-04   -6.6532814446E-05
       934.9593596921       -8.7260085800       -0.5391488852    9.8985987677E-04    1.0708584211E-03   -8.0998544302E-05
       935.0594606921       -8.6259075800       -0.5142063897    1.0902766957E-03    1.1861738557E-03   -9.5897160035E-05
       935.1595616921       -8.5258065800       -0.4879906509    1.2166227389E-03    1.3288467879E-03   -1.1222404903E-04
       935.2596626921       -8.4257055800       -0.4602841654    1.3774553648E-03    1.5085365448E-03   -1.3108117998E-04
       935.3597636921       -8.3256045800       -0.4307994627    1.5855518782E-03    1.7394200470E-03   -1.5386816883E-04
       935.4598646921       -8.2255035800       -0.3991426160    1.8597808514E-03    2.0422793753E-03   -1.8249852389E-04
       935.5599656921       -8.1254025800       -0.3647485509    2.2271839534E-03    2.4468181036E-03   -2.1963415018E-04
       935.6600666921       -8.0253015800       -0.3267539893    2.7237986732E-03    2.9925918816E-03   -2.6879320840E-04
       935.7601676921       -7.9252005800       -0.2837160911    3.3903695204E-03    3.7243175634E-03   -3.3394804301E-04
       935.8602686921       -7.8250995800       -0.2328550719    4.2565840503E-03    4.6745287383E-03   -4.1794468795E-04
       935.9603696921       -7.7249985800       -0.1671769980    5.3108485387E-03    5.8302325289E-03   -5.1938399014E-04
       936.0668516921       -7.6185165800        0.0000000000    6.5460655197E-03    7.1815926891E-03   -6.3552716939E-04
       936.1605716921       -7.5247965800        0.1568391842    7.6809963435E-03    8.3957064559E-03   -7.1471011240E-04
       936.2606726921       -7.4246955800        0.2255479229    8.6585016830E-03    9.4588590706E-03   -8.0035738752E-04
       936.3607736921       -7.3245945800        0.2777502740    9.4068525207E-03    1.0267437136E-02   -8.6058461544E-04
       936.4608746921       -7.2244935800        0.3215875265    9.9204392916E-03    1.0818791942E-02   -8.9835265066E-04
       936.5609756921       -7.1243925800        0.3601275881    1.0240934779E-02    1.1161298038E-02   -9.2036325882E-04
       936.6610766921       -7.0242915800        0.3949243331    1.0415798598E-02    1.1349997928E-02   -9.3419932949E-04
       936.7611776921       -6.9241905800        0.4268940752    1.0485252330E-02    1.1431743481E-02   -9.4649115044E-04
       936.8612786921       -6.8240895800        0.4566310187    1.0479646991E-02    1.1442259465E-02   -9.6261247334E-04
       936.9613796921       -6.7239885800        0.4845464371    1.0418446767E-02    1.1405030272E-02   -9.8658350521E-04
       937.0614806921       -6.6238875800        0.5109389255    1.0315165009E-02    1.1336357785E-02   -1.0211927758E-03
       937.1615816921       -6.5237865800        0.5360335326    1.0177844742E-02    1.1245938228E-02   -1.0680934853E-03
       937.2616826921       -6.4236855800        0.5600046940    1.0013789994E-02    1.1141693367E-02   -1.1279033728E-03
       937.3617836921       -6.3235845800        0.5829910975    9.8295613290E-03    1.1029985431E-02   -1.2004241022E-03
       937.4618846921       -6.2234835800        0.6051048909    9.6277775757E-03    1.0912407076E-02   -1.2846295000E-03
       937.5619856921       -6.1233825800        0.6264385775    9.4144403408E-03    1.0793306792E-02   -1.3788664508E-03
       937.6620866921       -6.0232815800        0.6470692395    9.1908999693E-03    1.0672128138E-02   -1.4812281688E-03
       937.7621876921       -5.9231805800        0.6670621485    8.9633875617E-03    1.0552652021E-02   -1.5892644597E-03
       937.8622886921       -5.8230795800        0.6864730675    8.7333576805E-03    1.0434152545E-02   -1.7007948647E-03
       937.9623896921       -5.7229785800        0.7053499899    8.5043317936E-03    1.0317517830E-02   -1.8131860365E-03
       938.0624906921       -5.6228775800        0.7237347194    8.2791812025E-03    1.0203332526E-02   -1.9241513238E-03
       938.1625916921       -5.5227765800        0.7416638591    8.0601865825E-03    1.0091940032E-02   -2.0317534498E-03
       938.2626926921       -5.4226755800        0.7591696884    7.8498661859E-03    9.9834893681E-03   -2.1336231821E-03
       938.3627936921       -5.3225745800        0.7762808801    7.6495464848E-03    9.8779710147E-03   -2.2284245298E-03
       938.4628946921       -5.2224735800        0.7930228795    7.4620598477E-03    9.7762455941E-03   -2.3141857464E-03
       938.5629956921       -5.1223725800        0.8094187276    7.2871779585E-03    9.6770633229E-03   -2.3898853644E-03
       938.6630966921       -5.0222715800        0.8254889213    7.1277590911E-03    9.5820855896E-03   -2.4543264984E-03
       938.7631976921       -4.9221705800        0.8412522184    6.9823620723E-03    9.4888932094E-03   -2.5065311371E-03
       938.8632986921       -4.8220695800        0.8567255283    6.8543877724E-03    9.4000052807E-03   -2.5456175082E-03
       938.9633996921       -4.7219685800        0.8719243201    6.7420173951E-03    9.3128803226E-03   -2.5708629275E-03
       939.0635006921       -4.6218675800        0.8868626476    6.6484390831E-03    9.2299322485E-03   -2.5814931653E-03
       939.1636016921       -4.5217665800        0.9015534879    6.5717710247E-03    9.1485286260E-03   -2.5767576012E-03
       939.2637026921       -4.4216655800        0.9160087486    6.5151714167E-03    9.0710043102E-03   -2.5558328935E-03
       939.3638036921       -4.3215645800        0.9302394118    6.4777823155E-03    8.9956586110E-03   -2.5178762955E-03
       939.4639046921       -4.2214635800        0.9442556605    6.4609660761E-03    8.9227641352E-03   -2.4617980591E-03
       939.5640056921       -4.1213625800        0.9580667940    6.4670997379E-03    8.8535692885E-03   -2.3864695507E-03
       939.6641066921       -4.0212615800        0.9716817230    6.4947151747E-03    8.7852969973E-03   -2.2905818226E-03
       939.7642076921       -3.9211605800        0.9851084476    6.5474173493E-03    8.7201545870E-03   -2.1727372377E-03
       939.8643086921       -3.8210595800        0.9983547210    6.6257997937E-03    8.6573293461E-03   -2.0315295524E-03
       939.9644096921       -3.7209585800        1.0114274228    6.7303038568E-03    8.5959928033E-03   -1.8656889465E-03
       940.0645106921       -3.6208575800        1.0243333023    6.8631218825E-03    8.5373040212E-03   -1.6741821388E-03
       940.1646116921       -3.5207565800        1.0370785876    7.0237036179E-03    8.4804077400E-03   -1.4567041221E-03
       940.2647126921       -3.4206555800        1.0496691793    7.2114766983E-03    8.4254380582E-03   -1.2139613598E-03
       940.3648136921       -3.3205545800        1.0621105286    7.4242001234E-03    8.3724186446E-03   -9.4821852124E-04
       940.4649146921       -3.2204535800        1.0744077707    7.6573058348E-03    8.3211636446E-03   -6.6385780980E-04
       940.5650156921       -3.1203525800        1.0865658472    7.9039868367E-03    8.2716788700E-03   -3.6769203330E-04
       940.6651166921       -3.0202515800        1.0985894271    8.1546219981E-03    8.2238623120E-03   -6.9240313909E-05
       940.7652176921       -2.9201505800        1.1104828312    8.3974349905E-03    8.1776049296E-03    2.1983006090E-04
       940.8653186921       -2.8200495800        1.1222501983    8.6195734270E-03    8.1328913772E-03    4.8668204984E-04
       940.9654196921       -2.7199485800        1.1338954522    8.8086624910E-03    8.0897004274E-03    7.1896206352E-04
       941.0655206921       -2.6198475800        1.1454222247    8.9546898557E-03    8.0480054935E-03    9.0668436227E-04
       941.1656216921       -2.5197465800        1.1568341953    9.0512813704E-03    8.0075749201E-03    1.0437064503E-03
       941.2657226921       -2.4196455800        1.1681347743    9.0970860683E-03    7.9685728776E-03    1.1285131907E-03
       941.3658236921       -2.3195445800        1.1793270284    9.0946637098E-03    7.9308591363E-03    1.1638045736E-03
       941.4659246921       -2.2194435800        1.1904139237    9.0498389349E-03    7.8943897160E-03    1.1554492189E-03
       941.5660256921       -2.1193425800        1.2013986870    8.9700563902E-03    7.8590170489E-03    1.1110393412E-03
       941.6661266921       -2.0192415800        1.2122838753    8.8634488726E-03    7.8248905194E-03    1.0385583532E-03
       941.7662276921       -1.9191405800        1.2230721906    8.7373221606E-03    7.7918562583E-03    9.4546590228E-04
       941.8663286921       -1.8190395800        1.2337661310    8.5981782647E-03    7.7599577679E-03    8.3822049674E-04
       941.9664296921       -1.7189385800        1.2443681297    8.4512024308E-03    7.7290357411E-03    7.2216668976E-04
       942.0665306921       -1.6188375800        1.2548806018    8.3009051830E-03    7.6992286857E-03    6.0167649735E-04
       942.1666316921       -1.5187365800        1.2653057788    8.1506269718E-03    7.6702725179E-03    4.8035445395E-04
       942.2667326921       -1.4186355800        1.2756458426    8.0035416252E-03    7.6423013469E-03    3.6124027833E-04
       942.3668336921       -1.3185345800        1.2859025982    7.8622912409E-03    7.6152470852E-03    2.4704415574E-04
       942.4669346921       -1.2184335800        1.2960783107    7.7292819051E-03    7.5890398079E-03    1.4024209718E-04
       942.5670356921       -1.1183325800        1.3061747113    7.6068385691E-03    7.5637078513E-03    4.3130717814E-05
       942.6671366921       -1.0182315800        1.3161935848    7.4970436178E-03    7.5391777646E-03   -4.2134146815E-05
       942.7672376931       -0.9181305790        1.3261368087    7.4019214019E-03    7.5154745639E-03   -1.1355316202E-04
       942.8673386931       -0.8180295790        1.3360061118    7.3232081270E-03    7.4925216174E-03   -1.6931349043E-04
       942.9674396931       -0.7179285790        1.3458029228    7.2625303182E-03    7.4703408365E-03   -2.0781051826E-04
       943.0675406931       -0.6178275790        1.3555290882    7.2211449364E-03    7.4488525284E-03   -2.2770759197E-04
       943.1676416931       -0.5177265790        1.3651858061    7.2000814099E-03    7.4280756628E-03   -2.2799425298E-04
       943.2677426931       -0.4176255790        1.3747746948    7.1999220731E-03    7.4079276869E-03   -2.0800561381E-04
       943.3678436931       -0.3175245790        1.3842973175    7.2209754973E-03    7.3885248301E-03   -1.6754933279E-04
       943.4679446931       -0.2174235790        1.3937547272    7.2626890638E-03    7.3696817882E-03   -1.0699272444E-04
       943.5680456931       -0.1173225790        1.4031484699    7.3240253082E-03    7.3514122138E-03   -2.7386905637E-05
       943.6681466927       -0.0172215794        1.4124797406    7.4031578931E-03    7.3337287626E-03    6.9429130452E-05
       943.7682476927        0.0828794206        1.4217496945    7.4973236333E-03    7.3166432610E-03    1.8068037233E-04
       943.8683486931        0.1829804210        1.4309596720    7.6027292093E-03    7.3000670087E-03    3.0266220061E-04
       943.9684496931        0.2830814210        1.4401106760    7.7149002601E-03    7.2841112918E-03    4.3078896834E-04
       944.0685506931        0.3831824210        1.4492040440    7.8283268625E-03    7.2684873597E-03    5.5983950283E-04
       944.1484516931        0.4630834210        1.4564215802    7.9163545432E-03    7.2565108997E-03    6.5984364353E-04
       944.1686516931        0.4832834210        1.4582405622    7.9378492573E-03    7.2535075632E-03    6.8434169403E-04
       945.6484516921        1.9630834200        1.5858329660    8.0480074055E-03    7.0816426930E-03    9.6636471250E-04
       947.1484516921        3.4630834200        1.7054526630    7.0665759386E-03    6.9842747965E-03    8.2301142005E-05
       948.6484516921        4.9630834200        1.8172151634    6.4714667110E-03    6.9380490690E-03   -4.6658235799E-04
       950.1484516921        6.4630834200        1.9224914928    6.0182558304E-03    6.9263088220E-03   -9.0805299153E-04
       951.6484516921        7.9630834200        2.0222947682    5.8960271308E-03    6.9382506753E-03   -1.0422235445E-03
       953.1484516921        9.4630834200        2.1173989453    5.8867618314E-03    6.9671077031E-03   -1.0803458717E-03
       954.1484516721       10.4630834000        2.1784962977    5.9890453407E-03    6.9983462863E-03   -1.0093009456E-03
       954.6484516721       10.9630834000        2.2084113936    6.1573131635E-03    7.0186253511E-03   -8.6131218762E-04
       974.1484516721       30.4630834000        3.1615205870    7.5597136093E-03    6.9085206314E-03    6.5119297791E-04
       994.1484516721       50.4630834000        3.9044307077    6.3052966121E-03    6.6283209156E-03   -3.2302430350E-04
      1014.1484516721       70.4630834000        4.5270237659    6.0290363442E-03    6.2043009482E-03   -1.7526460402E-04
      1034.1484516721       90.4630834000        5.0737866437    6.3072948436E-03    5.8613718635E-03    4.4592298017E-04
      1054.1484512721      110.4630830000        5.5671067562    5.3961203503E-03    5.5746705123E-03   -1.7855016197E-04
