-33.6624 5.871616E-04
-33.6424 5.882880E-04
-33.6224 5.894175E-04
-33.6024 5.905506E-04
-33.5824 5.916871E-04
-33.5623 5.928274E-04
-33.5423 5.939711E-04
-33.5223 5.951182E-04
-33.5023 5.962686E-04
-33.4823 5.974231E-04
-33.4623 5.985808E-04
-33.4423 5.997423E-04
-33.4223 6.009074E-04
-33.4023 6.020760E-04
-33.3823 6.032479E-04
-33.3622 6.044240E-04
-33.3422 6.056031E-04
-33.3222 6.067865E-04
-33.3022 6.079734E-04
-33.2822 6.091638E-04
-33.2622 6.103578E-04
-33.2422 6.115558E-04
-33.2222 6.127575E-04
-33.2022 6.139632E-04
-33.1822 6.151723E-04
-33.1621 6.163857E-04
-33.1421 6.176027E-04
-33.1221 6.188232E-04
-33.1021 6.200480E-04
-33.0821 6.212760E-04
-33.0621 6.225085E-04
-33.0421 6.237450E-04
-33.0221 6.249847E-04
-33.0021 6.262291E-04
-32.9821 6.274767E-04
-32.9620 6.287291E-04
-32.9420 6.299849E-04
-32.9220 6.312446E-04
-32.9020 6.325090E-04
-32.8820 6.337768E-04
-32.8620 6.350490E-04
-32.8420 6.363248E-04
-32.8220 6.376049E-04
-32.8020 6.388896E-04
-32.7820 6.401782E-04
-32.7619 6.414705E-04
-32.7419 6.427670E-04
-32.7219 6.440680E-04
-32.7019 6.453734E-04
-32.6819 6.466826E-04
-32.6619 6.479964E-04
-32.6419 6.493140E-04
-32.6219 6.506359E-04
-32.6019 6.519622E-04
-32.5819 6.532929E-04
-32.5618 6.546279E-04
-32.5418 6.559674E-04
-32.5218 6.573108E-04
-32.5018 6.586592E-04
-32.4818 6.600116E-04
-32.4618 6.613683E-04
-32.4418 6.627299E-04
-32.4218 6.640953E-04
-32.4018 6.654659E-04
-32.3818 6.668404E-04
-32.3617 6.682202E-04
-32.3417 6.696036E-04
-32.3217 6.709926E-04
-32.3017 6.723851E-04
-32.2817 6.737826E-04
-32.2617 6.751850E-04
-32.2417 6.765922E-04
-32.2217 6.780034E-04
-32.2017 6.794198E-04
-32.1817 6.808406E-04
-32.1616 6.822663E-04
-32.1416 6.836970E-04
-32.1216 6.851319E-04
-32.1016 6.865720E-04
-32.0816 6.880168E-04
-32.0616 6.894663E-04
-32.0416 6.909208E-04
-32.0216 6.923803E-04
-32.0016 6.938444E-04
-31.9816 6.953136E-04
-31.9615 6.967879E-04
-31.9415 6.982668E-04
-31.9215 6.997510E-04
-31.9015 7.012402E-04
-31.8815 7.027345E-04
-31.8615 7.042335E-04
-31.8415 7.057381E-04
-31.8215 7.072474E-04
-31.8015 7.087619E-04
-31.7815 7.102818E-04
-31.7614 7.118064E-04
-31.7414 7.133365E-04
-31.7214 7.148719E-04
-31.7014 7.164125E-04
-31.6814 7.179587E-04
-31.6614 7.195095E-04
-31.6414 7.210659E-04
-31.6214 7.226279E-04
-31.6014 7.241952E-04
-31.5814 7.257677E-04
-31.5613 7.273460E-04
-31.5413 7.289295E-04
-31.5213 7.305184E-04
-31.5013 7.321130E-04
-31.4813 7.337129E-04
-31.4613 7.353185E-04
-31.4413 7.369297E-04
-31.4213 7.385466E-04
-31.4013 7.401689E-04
-31.3813 7.417969E-04
-31.3612 7.434306E-04
-31.3412 7.450701E-04
-31.3212 7.467154E-04
-31.3012 7.483663E-04
-31.2812 7.500229E-04
-31.2612 7.516858E-04
-31.2412 7.533540E-04
-31.2212 7.550286E-04
-31.2012 7.567087E-04
-31.1812 7.583949E-04
-31.1611 7.600872E-04
-31.1411 7.617855E-04
-31.1211 7.634895E-04
-31.1011 7.651995E-04
-31.0811 7.669161E-04
-31.0611 7.686386E-04
-31.0411 7.703669E-04
-31.0211 7.721017E-04
-31.0011 7.738425E-04
-30.9811 7.755897E-04
-30.9610 7.773434E-04
-30.9410 7.791029E-04
-30.9210 7.808691E-04
-30.9010 7.826415E-04
-30.8810 7.844203E-04
-30.8610 7.862055E-04
-30.8410 7.879970E-04
-30.8210 7.897952E-04
-30.8010 7.915997E-04
-30.7810 7.934112E-04
-30.7609 7.952286E-04
-30.7409 7.970532E-04
-30.7209 7.988839E-04
-30.7009 8.007217E-04
-30.6809 8.025663E-04
-30.6609 8.044174E-04
-30.6409 8.062751E-04
-30.6209 8.081398E-04
-30.6009 8.100114E-04
-30.5809 8.118896E-04
-30.5608 8.137751E-04
-30.5408 8.156674E-04
-30.5208 8.175665E-04
-30.5008 8.194727E-04
-30.4808 8.213861E-04
-30.4608 8.233065E-04
-30.4408 8.252342E-04
-30.4208 8.271688E-04
-30.4008 8.291105E-04
-30.3808 8.310598E-04
-30.3607 8.330160E-04
-30.3407 8.349796E-04
-30.3207 8.369505E-04
-30.3007 8.389289E-04
-30.2807 8.409146E-04
-30.2607 8.429077E-04
-30.2407 8.449085E-04
-30.2207 8.469169E-04
-30.2007 8.489326E-04
-30.1807 8.509559E-04
-30.1606 8.529866E-04
-30.1406 8.550257E-04
-30.1206 8.570720E-04
-30.1006 8.591260E-04
-30.0806 8.611881E-04
-30.0606 8.632578E-04
-30.0406 8.653357E-04
-30.0206 8.674214E-04
-30.0006 8.695150E-04
-29.9806 8.716163E-04
-29.9605 8.737258E-04
-29.9405 8.758439E-04
-29.9205 8.779696E-04
-29.9005 8.801038E-04
-29.8805 8.822460E-04
-29.8605 8.843964E-04
-29.8405 8.865549E-04
-29.8205 8.887222E-04
-29.8005 8.908977E-04
-29.7805 8.930820E-04
-29.7604 8.952742E-04
-29.7404 8.974751E-04
-29.7204 8.996847E-04
-29.7004 9.019029E-04
-29.6804 9.041294E-04
-29.6604 9.063653E-04
-29.6404 9.086093E-04
-29.6204 9.108623E-04
-29.6004 9.131242E-04
-29.5804 9.153950E-04
-29.5603 9.176745E-04
-29.5403 9.199632E-04
-29.5203 9.222608E-04
-29.5003 9.245678E-04
-29.4803 9.268839E-04
-29.4603 9.292090E-04
-29.4403 9.315428E-04
-29.4203 9.338865E-04
-29.4003 9.362395E-04
-29.3803 9.386016E-04
-29.3602 9.409734E-04
-29.3402 9.433546E-04
-29.3202 9.457454E-04
-29.3002 9.481458E-04
-29.2802 9.505557E-04
-29.2602 9.529754E-04
-29.2402 9.554043E-04
-29.2202 9.578436E-04
-29.2002 9.602926E-04
-29.1802 9.627514E-04
-29.1601 9.652202E-04
-29.1401 9.676995E-04
-29.1201 9.701880E-04
-29.1001 9.726871E-04
-29.0801 9.751962E-04
-29.0601 9.777156E-04
-29.0401 9.802455E-04
-29.0201 9.827856E-04
-29.0001 9.853358E-04
-28.9801 9.878968E-04
-28.9600 9.904682E-04
-28.9400 9.930502E-04
-28.9200 9.956431E-04
-28.9000 9.982462E-04
-28.8800 1.000861E-03
-28.8600 1.003486E-03
-28.8400 1.006121E-03
-28.8200 1.008768E-03
-28.8000 1.011426E-03
-28.7800 1.014095E-03
-28.7599 1.016774E-03
-28.7399 1.019466E-03
-28.7199 1.022168E-03
-28.6999 1.024881E-03
-28.6799 1.027607E-03
-28.6599 1.030343E-03
-28.6399 1.033091E-03
-28.6199 1.035851E-03
-28.5999 1.038622E-03
-28.5799 1.041405E-03
-28.5598 1.044199E-03
-28.5398 1.047006E-03
-28.5198 1.049824E-03
-28.4998 1.052655E-03
-28.4798 1.055497E-03
-28.4598 1.058352E-03
-28.4398 1.061219E-03
-28.4198 1.064098E-03
-28.3998 1.066989E-03
-28.3798 1.069893E-03
-28.3597 1.072809E-03
-28.3397 1.075737E-03
-28.3197 1.078679E-03
-28.2997 1.081633E-03
-28.2797 1.084599E-03
-28.2597 1.087579E-03
-28.2397 1.090572E-03
-28.2197 1.093577E-03
-28.1997 1.096596E-03
-28.1797 1.099628E-03
-28.1596 1.102673E-03
-28.1396 1.105731E-03
-28.1196 1.108802E-03
-28.0996 1.111888E-03
-28.0796 1.114986E-03
-28.0596 1.118099E-03
-28.0396 1.121224E-03
-28.0196 1.124364E-03
-27.9996 1.127518E-03
-27.9796 1.130685E-03
-27.9595 1.133866E-03
-27.9395 1.137062E-03
-27.9195 1.140272E-03
-27.8995 1.143497E-03
-27.8795 1.146735E-03
-27.8595 1.149988E-03
-27.8395 1.153256E-03
-27.8195 1.156538E-03
-27.7995 1.159835E-03
-27.7795 1.163146E-03
-27.7594 1.166473E-03
-27.7394 1.169815E-03
-27.7194 1.173171E-03
-27.6994 1.176543E-03
-27.6794 1.179930E-03
-27.6594 1.183332E-03
-27.6394 1.186751E-03
-27.6194 1.190183E-03
-27.5994 1.193633E-03
-27.5794 1.197097E-03
-27.5593 1.200579E-03
-27.5393 1.204075E-03
-27.5193 1.207588E-03
-27.4993 1.211116E-03
-27.4793 1.214662E-03
-27.4593 1.218223E-03
-27.4393 1.221801E-03
-27.4193 1.225395E-03
-27.3993 1.229007E-03
-27.3793 1.232635E-03
-27.3592 1.236278E-03
-27.3392 1.239940E-03
-27.3192 1.243619E-03
-27.2992 1.247315E-03
-27.2792 1.251028E-03
-27.2592 1.254759E-03
-27.2392 1.258506E-03
-27.2192 1.262272E-03
-27.1992 1.266056E-03
-27.1792 1.269857E-03
-27.1591 1.273677E-03
-27.1391 1.277513E-03
-27.1191 1.281369E-03
-27.0991 1.285243E-03
-27.0791 1.289135E-03
-27.0591 1.293046E-03
-27.0391 1.296975E-03
-27.0191 1.300923E-03
-26.9991 1.304890E-03
-26.9791 1.308876E-03
-26.9590 1.312882E-03
-26.9390 1.316906E-03
-26.9190 1.320950E-03
-26.8990 1.325014E-03
-26.8790 1.329097E-03
-26.8590 1.333200E-03
-26.8390 1.337322E-03
-26.8190 1.341466E-03
-26.7990 1.345629E-03
-26.7790 1.349812E-03
-26.7589 1.354016E-03
-26.7389 1.358239E-03
-26.7189 1.362485E-03
-26.6989 1.366751E-03
-26.6789 1.371038E-03
-26.6589 1.375346E-03
-26.6389 1.379675E-03
-26.6189 1.384027E-03
-26.5989 1.388399E-03
-26.5789 1.392792E-03
-26.5588 1.397208E-03
-26.5388 1.401647E-03
-26.5188 1.406106E-03
-26.4988 1.410589E-03
-26.4788 1.415093E-03
-26.4588 1.419621E-03
-26.4388 1.424171E-03
-26.4188 1.428744E-03
-26.3988 1.433340E-03
-26.3788 1.437961E-03
-26.3587 1.442603E-03
-26.3387 1.447270E-03
-26.3187 1.451959E-03
-26.2987 1.456673E-03
-26.2787 1.461410E-03
-26.2587 1.466173E-03
-26.2387 1.470959E-03
-26.2187 1.475771E-03
-26.1987 1.480606E-03
-26.1787 1.485467E-03
-26.1586 1.490352E-03
-26.1386 1.495263E-03
-26.1186 1.500199E-03
-26.0986 1.505161E-03
-26.0786 1.510148E-03
-26.0586 1.515162E-03
-26.0386 1.520202E-03
-26.0186 1.525268E-03
-25.9986 1.530360E-03
-25.9786 1.535479E-03
-25.9585 1.540625E-03
-25.9385 1.545798E-03
-25.9185 1.550999E-03
-25.8985 1.556227E-03
-25.8785 1.561482E-03
-25.8585 1.566764E-03
-25.8385 1.572077E-03
-25.8185 1.577415E-03
-25.7985 1.582784E-03
-25.7785 1.588181E-03
-25.7584 1.593605E-03
-25.7384 1.599061E-03
-25.7184 1.604544E-03
-25.6984 1.610058E-03
-25.6784 1.615601E-03
-25.6584 1.621174E-03
-25.6384 1.626777E-03
-25.6184 1.632411E-03
-25.5984 1.638073E-03
-25.5784 1.643770E-03
-25.5583 1.649494E-03
-25.5383 1.655253E-03
-25.5183 1.661040E-03
-25.4983 1.666862E-03
-25.4783 1.672713E-03
-25.4583 1.678599E-03
-25.4383 1.684515E-03
-25.4183 1.690466E-03
-25.3983 1.696448E-03
-25.3783 1.702465E-03
-25.3582 1.708512E-03
-25.3382 1.714595E-03
-25.3182 1.720712E-03
-25.2982 1.726863E-03
-25.2782 1.733050E-03
-25.2582 1.739269E-03
-25.2382 1.745525E-03
-25.2182 1.751815E-03
-25.1982 1.758141E-03
-25.1782 1.764504E-03
-25.1581 1.770901E-03
-25.1381 1.777335E-03
-25.1181 1.783806E-03
-25.0981 1.790313E-03
-25.0781 1.796860E-03
-25.0581 1.803440E-03
-25.0381 1.810060E-03
-25.0181 1.816718E-03
-24.9981 1.823415E-03
-24.9781 1.830150E-03
-24.9580 1.836926E-03
-24.9380 1.843739E-03
-24.9180 1.850592E-03
-24.8980 1.857483E-03
-24.8780 1.864418E-03
-24.8580 1.871390E-03
-24.8380 1.878406E-03
-24.8180 1.885459E-03
-24.7980 1.892558E-03
-24.7780 1.899696E-03
-24.7579 1.906878E-03
-24.7379 1.914100E-03
-24.7179 1.921368E-03
-24.6979 1.928677E-03
-24.6779 1.936027E-03
-24.6579 1.943425E-03
-24.6379 1.950865E-03
-24.6179 1.958353E-03
-24.5979 1.965884E-03
-24.5779 1.973458E-03
-24.5578 1.981081E-03
-24.5378 1.988747E-03
-24.5178 1.996461E-03
-24.4978 2.004223E-03
-24.4778 2.012029E-03
-24.4578 2.019884E-03
-24.4378 2.027787E-03
-24.4178 2.035740E-03
-24.3978 2.043741E-03
-24.3778 2.051790E-03
-24.3577 2.059892E-03
-24.3377 2.068041E-03
-24.3177 2.076238E-03
-24.2977 2.084490E-03
-24.2777 2.092791E-03
-24.2577 2.101144E-03
-24.2377 2.109549E-03
-24.2177 2.118008E-03
-24.1977 2.126521E-03
-24.1777 2.135085E-03
-24.1576 2.143703E-03
-24.1376 2.152376E-03
-24.1176 2.161105E-03
-24.0976 2.169886E-03
-24.0776 2.178727E-03
-24.0576 2.187622E-03
-24.0376 2.196574E-03
-24.0176 2.205584E-03
-23.9976 2.214649E-03
-23.9776 2.223776E-03
-23.9575 2.232959E-03
-23.9375 2.242202E-03
-23.9175 2.251505E-03
-23.8975 2.260869E-03
-23.8775 2.270291E-03
-23.8575 2.279779E-03
-23.8375 2.289326E-03
-23.8175 2.298936E-03
-23.7975 2.308609E-03
-23.7775 2.318343E-03
-23.7574 2.328146E-03
-23.7374 2.338011E-03
-23.7174 2.347941E-03
-23.6974 2.357937E-03
-23.6774 2.368001E-03
-23.6574 2.378132E-03
-23.6374 2.388328E-03
-23.6174 2.398592E-03
-23.5974 2.408932E-03
-23.5774 2.419336E-03
-23.5573 2.429806E-03
-23.5373 2.440354E-03
-23.5173 2.450973E-03
-23.4973 2.461660E-03
-23.4773 2.472421E-03
-23.4573 2.483254E-03
-23.4373 2.494167E-03
-23.4173 2.505152E-03
-23.3973 2.516214E-03
-23.3773 2.527348E-03
-23.3572 2.538557E-03
-23.3372 2.549854E-03
-23.3172 2.561222E-03
-23.2972 2.572664E-03
-23.2772 2.584195E-03
-23.2572 2.595806E-03
-23.2372 2.607492E-03
-23.2172 2.619269E-03
-23.1972 2.631123E-03
-23.1772 2.643062E-03
-23.1571 2.655086E-03
-23.1371 2.667188E-03
-23.1171 2.679387E-03
-23.0971 2.691672E-03
-23.0771 2.704039E-03
-23.0571 2.716494E-03
-23.0371 2.729040E-03
-23.0171 2.741679E-03
-22.9971 2.754410E-03
-22.9771 2.767235E-03
-22.9570 2.780145E-03
-22.9370 2.793159E-03
-22.9170 2.806259E-03
-22.8970 2.819467E-03
-22.8770 2.832763E-03
-22.8570 2.846157E-03
-22.8370 2.859642E-03
-22.8170 2.873238E-03
-22.7970 2.886937E-03
-22.7770 2.900727E-03
-22.7569 2.914633E-03
-22.7369 2.928633E-03
-22.7169 2.942739E-03
-22.6969 2.956952E-03
-22.6769 2.971274E-03
-22.6569 2.985704E-03
-22.6369 3.000234E-03
-22.6169 3.014888E-03
-22.5969 3.029642E-03
-22.5769 3.044523E-03
-22.5568 3.059507E-03
-22.5368 3.074607E-03
-22.5168 3.089824E-03
-22.4968 3.105160E-03
-22.4768 3.120616E-03
-22.4568 3.136181E-03
-22.4368 3.151882E-03
-22.4168 3.167692E-03
-22.3968 3.183643E-03
-22.3768 3.199706E-03
-22.3567 3.215894E-03
-22.3367 3.232213E-03
-22.3167 3.248663E-03
-22.2967 3.265247E-03
-22.2767 3.281962E-03
-22.2567 3.298797E-03
-22.2367 3.315785E-03
-22.2167 3.332893E-03
-22.1967 3.350158E-03
-22.1767 3.367547E-03
-22.1566 3.385077E-03
-22.1366 3.402752E-03
-22.1166 3.420573E-03
-22.0966 3.438540E-03
-22.0766 3.456659E-03
-22.0566 3.474907E-03
-22.0366 3.493325E-03
-22.0166 3.511899E-03
-21.9966 3.530610E-03
-21.9766 3.549476E-03
-21.9565 3.568502E-03
-21.9365 3.587709E-03
-21.9165 3.607059E-03
-21.8965 3.626572E-03
-21.8765 3.646232E-03
-21.8565 3.666079E-03
-21.8365 3.686097E-03
-21.8165 3.706290E-03
-21.7965 3.726632E-03
-21.7765 3.747174E-03
-21.7564 3.767872E-03
-21.7364 3.788748E-03
-21.7164 3.809808E-03
-21.6964 3.831052E-03
-21.6764 3.852482E-03
-21.6564 3.874102E-03
-21.6364 3.895912E-03
-21.6164 3.917915E-03
-21.5964 3.940117E-03
-21.5764 3.962487E-03
-21.5563 3.985085E-03
-21.5363 4.007860E-03
-21.5163 4.030868E-03
-21.4963 4.054053E-03
-21.4763 4.077451E-03
-21.4563 4.101061E-03
-21.4363 4.124916E-03
-21.4163 4.148959E-03
-21.3963 4.173223E-03
-21.3763 4.197679E-03
-21.3562 4.222391E-03
-21.3362 4.247331E-03
-21.3162 4.272509E-03
-21.2962 4.297884E-03
-21.2762 4.323534E-03
-21.2562 4.349386E-03
-21.2362 4.375485E-03
-21.2162 4.401867E-03
-21.1962 4.428460E-03
-21.1762 4.455307E-03
-21.1561 4.482411E-03
-21.1361 4.509775E-03
-21.1161 4.537401E-03
-21.0961 4.565293E-03
-21.0761 4.593460E-03
-21.0561 4.621898E-03
-21.0361 4.650567E-03
-21.0161 4.679562E-03
-20.9961 4.708798E-03
-20.9761 4.738366E-03
-20.9560 4.768182E-03
-20.9360 4.798342E-03
-20.9160 4.828751E-03
-20.8960 4.859465E-03
-20.8760 4.890486E-03
-20.8560 4.921873E-03
-20.8360 4.953524E-03
-20.8160 4.985495E-03
-20.7960 5.017792E-03
-20.7760 5.050360E-03
-20.7559 5.083319E-03
-20.7359 5.116617E-03
-20.7159 5.150264E-03
-20.6959 5.184192E-03
-20.6759 5.218537E-03
-20.6559 5.253243E-03
-20.6359 5.288244E-03
-20.6159 5.323616E-03
-20.5959 5.359427E-03
-20.5759 5.395548E-03
-20.5558 5.432055E-03
-20.5358 5.469026E-03
-20.5158 5.506318E-03
-20.4958 5.544007E-03
-20.4758 5.582105E-03
-20.4558 5.620618E-03
-20.4358 5.659549E-03
-20.4158 5.698909E-03
-20.3958 5.738697E-03
-20.3758 5.778835E-03
-20.3557 5.819506E-03
-20.3357 5.860629E-03
-20.3157 5.902118E-03
-20.2957 5.944165E-03
-20.2757 5.986689E-03
-20.2557 6.029589E-03
-20.2357 6.073081E-03
-20.2157 6.116958E-03
-20.1957 6.161337E-03
-20.1757 6.206338E-03
-20.1556 6.251741E-03
-20.1356 6.297670E-03
-20.1156 6.344132E-03
-20.0956 6.391134E-03
-20.0756 6.438687E-03
-20.0556 6.486931E-03
-20.0356 6.535615E-03
-20.0156 6.584736E-03
-19.9956 6.634581E-03
-19.9756 6.685020E-03
-19.9555 6.736070E-03
-19.9355 6.787735E-03
-19.9155 6.840031E-03
-19.8955 6.892803E-03
-19.8755 6.946381E-03
-19.8555 7.000619E-03
-19.8355 7.055355E-03
-19.8155 7.110944E-03
-19.7955 7.167049E-03
-19.7755 7.224036E-03
-19.7554 7.281554E-03
-19.7354 7.339991E-03
-19.7154 7.398971E-03
-19.6954 7.458701E-03
-19.6754 7.519194E-03
-19.6554 7.580681E-03
-19.6354 7.642747E-03
-19.6154 7.705611E-03
-19.5954 7.769300E-03
-19.5754 7.833820E-03
-19.5553 7.899193E-03
-19.5353 7.965428E-03
-19.5153 8.032543E-03
-19.4953 8.100560E-03
-19.4753 8.169490E-03
-19.4553 8.239348E-03
-19.4353 8.310163E-03
-19.4153 8.381941E-03
-19.3953 8.454710E-03
-19.3753 8.528487E-03
-19.3552 8.602942E-03
-19.3352 8.678780E-03
-19.3152 8.755679E-03
-19.2952 8.833293E-03
-19.2752 8.912385E-03
-19.2552 8.992610E-03
-19.2352 9.073579E-03
-19.2152 9.156128E-03
-19.1952 9.239434E-03
-19.1752 9.324401E-03
-19.1551 9.410151E-03
-19.1351 9.497631E-03
-19.1151 9.585928E-03
-19.0951 9.675516E-03
-19.0751 9.766987E-03
-19.0551 9.859286E-03
-19.0351 9.952972E-03
-19.0151 1.004869E-02
-18.9951 1.014526E-02
-18.9751 1.024331E-02
-18.9550 1.034286E-02
-18.9350 1.044398E-02
-18.9150 1.054740E-02
-18.8950 1.065172E-02
-18.8750 1.075772E-02
-18.8550 1.086538E-02
-18.8350 1.097479E-02
-18.8150 1.108595E-02
-18.7950 1.119895E-02
-18.7750 1.131378E-02
-18.7549 1.143051E-02
-18.7349 1.154917E-02
-18.7149 1.166984E-02
-18.6949 1.179255E-02
-18.6749 1.191735E-02
-18.6549 1.204428E-02
-18.6349 1.217215E-02
-18.6149 1.230350E-02
-18.5949 1.243715E-02
-18.5749 1.257316E-02
-18.5548 1.271157E-02
-18.5348 1.285100E-02
-18.5148 1.299445E-02
-18.4948 1.314049E-02
-18.4748 1.328750E-02
-18.4548 1.343899E-02
-18.4348 1.359335E-02
-18.4148 1.374858E-02
-18.3948 1.390883E-02
-18.3748 1.406992E-02
-18.3547 1.423642E-02
-18.3347 1.440620E-02
-18.3147 1.457676E-02
-18.2947 1.475339E-02
-18.2747 1.493075E-02
-18.2547 1.511452E-02
-18.2347 1.529908E-02
-18.2147 1.548731E-02
-18.1947 1.568294E-02
-18.1747 1.587892E-02
-18.1546 1.608298E-02
-18.1346 1.628763E-02
-18.1146 1.649644E-02
-18.0946 1.670980E-02
-18.0746 1.693286E-02
-18.0546 1.715602E-02
-18.0346 1.738407E-02
-18.0146 1.761742E-02
-17.9946 1.785617E-02
-17.9746 1.810733E-02
-17.9545 1.835808E-02
-17.9345 1.861504E-02
-17.9145 1.887835E-02
-17.8945 1.914849E-02
-17.8745 1.942587E-02
-17.8545 1.971065E-02
-17.8345 2.000355E-02
-17.8145 2.029299E-02
-17.7945 2.060260E-02
-17.7745 2.092177E-02
-17.7544 2.125118E-02
-17.7344 2.157570E-02
-17.7144 2.192648E-02
-17.6944 2.229090E-02
-17.6744 2.264883E-02
-17.6544 2.304146E-02
-17.6344 2.342703E-02
-17.6144 2.382828E-02
-17.5944 2.427541E-02
-17.5744 2.471463E-02
-17.5543 2.517640E-02
-17.5343 2.566447E-02
-17.5143 2.618260E-02
-17.4943 2.673674E-02
-17.4743 2.733721E-02
-17.4543 2.798883E-02
-17.4343 2.864533E-02
-17.4143 2.944956E-02
-17.3943 3.027978E-02
-17.3743 3.124711E-02
-17.3542 3.239352E-02
-17.3342 3.380947E-02
-17.3142 3.560483E-02
-17.2942 3.799132E-02
-17.2742 4.107832E-02
-17.2542 4.556903E-02
-17.2342 5.135056E-02
-17.2142 5.767809E-02
-17.1942 6.298940E-02
-17.1742 6.423873E-02
-17.1541 6.078652E-02
-17.1341 5.538413E-02
-17.1141 5.037392E-02
-17.0941 4.719042E-02
-17.0741 4.568248E-02
-17.0541 4.450367E-02
-17.0341 4.446138E-02
-17.0141 4.436787E-02
-16.9941 4.442621E-02
-16.9741 4.498529E-02
-16.9540 4.233300E-02
-16.9340 5.848092E-02
-16.9140 5.038093E-02
-16.8940 5.076132E-02
-16.8740 5.071260E-02
-16.8540 5.062652E-02
-16.8340 5.233910E-02
-16.8140 5.373250E-02
-16.7940 5.550580E-02
-16.7740 5.713863E-02
-16.7539 5.899324E-02
-16.7339 6.082516E-02
-16.7139 6.292348E-02
-16.6939 6.506044E-02
-16.6739 6.726977E-02
-16.6539 6.972201E-02
-16.6339 7.238696E-02
-16.6139 7.513305E-02
-16.5939 7.819590E-02
-16.5739 8.135236E-02
-16.5538 8.481006E-02
-16.5338 8.847798E-02
-16.5138 9.244954E-02
-16.4938 9.666337E-02
-16.4738 1.013481E-01
-16.4538 1.063183E-01
-16.4338 1.118059E-01
-16.4138 1.177619E-01
-16.3938 1.243122E-01
-16.3738 1.315055E-01
-16.3537 1.394213E-01
-16.3337 1.482379E-01
-16.3137 1.580821E-01
-16.2937 1.690820E-01
-16.2737 1.814050E-01
-16.2537 1.953819E-01
-16.2337 2.111318E-01
-16.2137 2.289945E-01
-16.1937 2.492615E-01
-16.1737 2.721795E-01
-16.1536 2.981165E-01
-16.1336 3.273002E-01
-16.1136 3.601164E-01
-16.0936 3.974305E-01
-16.0736 4.404404E-01
-16.0536 4.911113E-01
-16.0336 5.524316E-01
-16.0136 6.293056E-01
-15.9936 7.288384E-01
-15.9736 8.621974E-01
-15.9535 1.045833E+00
-15.9335 1.297167E+00
-15.9135 1.610309E+00
-15.8935 1.902600E+00
-15.8735 2.048165E+00
-15.8535 2.061661E+00
-15.8335 2.036824E+00
-15.8135 1.962137E+00
-15.7935 1.799128E+00
-15.7735 1.602964E+00
-15.7534 1.457629E+00
-15.7334 1.400335E+00
-15.7134 1.438058E+00
-15.6934 1.574174E+00
-15.6734 1.805060E+00
-15.6534 2.081596E+00
-15.6334 2.308230E+00
-15.6134 2.467115E+00
-15.5934 2.623701E+00
-15.5734 2.799106E+00
-15.5533 2.949489E+00
-15.5333 3.025293E+00
-15.5133 3.021833E+00
-15.4933 2.979029E+00
-15.4733 2.954472E+00
-15.4533 2.997549E+00
-15.4333 3.131728E+00
-15.4133 3.343445E+00
-15.3933 3.553363E+00
-15.3733 3.711217E+00
-15.3532 3.811383E+00
-15.3332 3.754775E+00
-15.3132 3.512602E+00
-15.2932 3.222614E+00
-15.2732 3.019264E+00
-15.2532 2.925098E+00
-15.2332 2.869813E+00
-15.2132 2.774603E+00
-15.1932 2.629000E+00
-15.1732 2.481852E+00
-15.1531 2.376927E+00
-15.1331 2.334025E+00
-15.1131 2.355051E+00
-15.0931 2.431473E+00
-15.0731 2.571111E+00
-15.0531 2.793528E+00
-15.0331 3.100336E+00
-15.0131 3.454185E+00
-14.9931 3.775401E+00
-14.9731 3.955677E+00
-14.9530 3.914462E+00
-14.9330 3.701470E+00
-14.9130 3.434847E+00
-14.8930 3.181609E+00
-14.8730 2.966302E+00
-14.8530 2.805469E+00
-14.8330 2.714436E+00
-14.8130 2.706351E+00
-14.7930 2.794105E+00
-14.7730 2.994475E+00
-14.7529 3.330635E+00
-14.7329 3.794769E+00
-14.7129 4.251141E+00
-14.6929 4.445833E+00
-14.6729 4.309663E+00
-14.6529 4.084485E+00
-14.6329 4.004490E+00
-14.6129 4.131719E+00
-14.5929 4.409068E+00
-14.5729 4.750088E+00
-14.5528 5.093860E+00
-14.5328 5.352964E+00
-14.5128 5.383086E+00
-14.4928 5.115513E+00
-14.4728 4.688681E+00
-14.4528 4.335364E+00
-14.4328 4.217006E+00
-14.4128 4.367198E+00
-14.3928 4.671747E+00
-14.3728 4.920639E+00
-14.3527 4.991197E+00
-14.3327 4.934153E+00
-14.3127 4.832373E+00
-14.2927 4.721598E+00
-14.2727 4.597193E+00
-14.2527 4.417764E+00
-14.2327 4.172020E+00
-14.2127 3.928659E+00
-14.1927 3.771918E+00
-14.1727 3.741243E+00
-14.1526 3.826264E+00
-14.1326 3.971583E+00
-14.1126 4.110494E+00
-14.0926 4.196744E+00
-14.0726 4.199333E+00
-14.0526 4.154035E+00
-14.0326 4.153468E+00
-14.0126 4.211659E+00
-13.9926 4.244791E+00
-13.9726 4.173809E+00
-13.9525 3.998017E+00
-13.9325 3.764879E+00
-13.9125 3.524750E+00
-13.8925 3.338906E+00
-13.8725 3.237084E+00
-13.8525 3.201352E+00
-13.8325 3.213872E+00
-13.8125 3.291293E+00
-13.7925 3.453464E+00
-13.7725 3.715571E+00
-13.7524 4.099492E+00
-13.7324 4.606758E+00
-13.7124 5.196753E+00
-13.6924 5.742674E+00
-13.6724 6.086837E+00
-13.6524 6.205169E+00
-13.6324 6.115708E+00
-13.6124 5.823488E+00
-13.5924 5.534401E+00
-13.5724 5.386646E+00
-13.5523 5.108372E+00
-13.5323 4.395007E+00
-13.5123 3.460435E+00
-13.4923 2.646485E+00
-13.4723 2.050377E+00
-13.4523 1.633801E+00
-13.4323 1.340788E+00
-13.4123 1.129563E+00
-13.3923 9.729245E-01
-13.3723 8.534852E-01
-13.3522 7.601188E-01
-13.3322 6.855173E-01
-13.3122 6.247507E-01
-13.2922 5.744209E-01
-13.2722 5.321252E-01
-13.2522 4.961168E-01
-13.2322 4.651165E-01
-13.2122 4.381551E-01
-13.1922 4.144994E-01
-13.1722 3.935755E-01
-13.1521 3.749355E-01
-13.1321 3.582203E-01
-13.1121 3.431457E-01
-13.0921 3.294746E-01
-13.0721 3.170166E-01
-13.0521 3.056139E-01
-13.0321 2.951327E-01
-13.0121 2.854630E-01
-12.9921 2.765096E-01
-12.9721 2.681920E-01
-12.9520 2.604412E-01
-12.9320 2.531988E-01
-12.9120 2.464135E-01
-12.8920 2.400396E-01
-12.8720 2.340384E-01
-12.8520 2.283763E-01
-12.8320 2.230224E-01
-12.8120 2.179503E-01
-12.7920 2.131358E-01
-12.7720 2.085577E-01
-12.7519 2.041967E-01
-12.7319 2.000370E-01
-12.7119 1.960622E-01
-12.6919 1.922592E-01
-12.6719 1.886158E-01
-12.6519 1.851203E-01
-12.6319 1.817620E-01
-12.6119 1.785325E-01
-12.5919 1.754230E-01
-12.5719 1.724258E-01
-12.5518 1.695336E-01
-12.5318 1.667401E-01
-12.5118 1.640396E-01
-12.4918 1.614262E-01
-12.4718 1.588953E-01
-12.4518 1.564422E-01
-12.4318 1.540627E-01
-12.4118 1.517527E-01
-12.3918 1.495083E-01
-12.3718 1.473268E-01
-12.3517 1.452047E-01
-12.3317 1.431392E-01
-12.3117 1.411277E-01
-12.2917 1.391678E-01
-12.2717 1.372569E-01
-12.2517 1.353934E-01
-12.2317 1.335746E-01
-12.2117 1.317993E-01
-12.1917 1.300656E-01
-12.1717 1.283717E-01
-12.1516 1.267164E-01
-12.1316 1.250981E-01
-12.1116 1.235157E-01
-12.0916 1.219680E-01
-12.0716 1.204536E-01
-12.0516 1.189716E-01
-12.0316 1.175210E-01
-12.0116 1.161011E-01
-11.9916 1.147105E-01
-11.9716 1.133490E-01
-11.9515 1.120153E-01
-11.9315 1.107089E-01
-11.9115 1.094293E-01
-11.8915 1.081756E-01
-11.8715 1.069471E-01
-11.8515 1.057434E-01
-11.8315 1.045638E-01
-11.8115 1.034082E-01
-11.7915 1.022756E-01
-11.7715 1.011657E-01
-11.7514 1.000781E-01
-11.7314 9.901228E-02
-11.7114 9.796786E-02
-11.6914 9.694451E-02
-11.6714 9.594163E-02
-11.6514 9.495925E-02
-11.6314 9.399655E-02
-11.6114 9.305330E-02
-11.5914 9.212931E-02
-11.5714 9.122432E-02
-11.5513 9.033770E-02
-11.5313 8.946937E-02
-11.5113 8.861896E-02
-11.4913 8.778625E-02
-11.4713 8.697087E-02
-11.4513 8.617251E-02
-11.4313 8.539106E-02
-11.4113 8.462599E-02
-11.3913 8.387740E-02
-11.3713 8.314471E-02
-11.3512 8.242777E-02
-11.3312 8.172636E-02
-11.3112 8.104026E-02
-11.2912 8.036912E-02
-11.2712 7.971284E-02
-11.2512 7.907115E-02
-11.2312 7.844370E-02
-11.2112 7.783041E-02
-11.1912 7.723096E-02
-11.1712 7.664519E-02
-11.1511 7.607287E-02
-11.1311 7.551374E-02
-11.1111 7.496765E-02
-11.0911 7.443440E-02
-11.0711 7.391372E-02
-11.0511 7.340546E-02
-11.0311 7.290932E-02
-11.0111 7.242514E-02
-10.9911 7.195279E-02
-10.9711 7.149204E-02
-10.9510 7.104266E-02
-10.9310 7.060448E-02
-10.9110 7.017724E-02
-10.8910 6.976081E-02
-10.8710 6.935497E-02
-10.8510 6.895956E-02
-10.8310 6.857435E-02
-10.8110 6.819914E-02
-10.7910 6.783382E-02
-10.7710 6.747811E-02
-10.7509 6.713192E-02
-10.7309 6.679494E-02
-10.7109 6.646711E-02
-10.6909 6.614813E-02
-10.6709 6.583791E-02
-10.6509 6.553621E-02
-10.6309 6.524286E-02
-10.6109 6.495771E-02
-10.5909 6.468049E-02
-10.5709 6.441109E-02
-10.5508 6.414935E-02
-10.5308 6.389508E-02
-10.5108 6.364802E-02
-10.4908 6.340806E-02
-10.4708 6.317502E-02
-10.4508 6.294871E-02
-10.4308 6.272893E-02
-10.4108 6.251558E-02
-10.3908 6.230839E-02
-10.3708 6.210729E-02
-10.3507 6.191204E-02
-10.3307 6.172244E-02
-10.3107 6.153840E-02
-10.2907 6.135969E-02
-10.2707 6.118624E-02
-10.2507 6.101772E-02
-10.2307 6.085413E-02
-10.2107 6.069528E-02
-10.1907 6.054085E-02
-10.1707 6.039092E-02
-10.1506 6.024520E-02
-10.1306 6.010356E-02
-10.1106 5.996584E-02
-10.0906 5.983192E-02
-10.0706 5.970165E-02
-10.0506 5.957483E-02
-10.0306 5.945139E-02
-10.0106 5.933122E-02
-9.9906 5.921409E-02
-9.9706 5.909994E-02
-9.9505 5.898861E-02
-9.9305 5.888000E-02
-9.9105 5.877397E-02
-9.8905 5.867042E-02
-9.8705 5.856920E-02
-9.8505 5.847021E-02
-9.8305 5.837337E-02
-9.8105 5.827855E-02
-9.7905 5.818568E-02
-9.7705 5.809455E-02
-9.7504 5.800514E-02
-9.7304 5.791738E-02
-9.7104 5.783119E-02
-9.6904 5.774637E-02
-9.6704 5.766292E-02
-9.6504 5.758076E-02
-9.6304 5.749980E-02
-9.6104 5.741994E-02
-9.5904 5.734107E-02
-9.5704 5.726320E-02
-9.5503 5.718620E-02
-9.5303 5.711002E-02
-9.5103 5.703459E-02
-9.4903 5.695981E-02
-9.4703 5.688571E-02
-9.4503 5.681207E-02
-9.4303 5.673900E-02
-9.4103 5.666636E-02
-9.3903 5.659405E-02
-9.3703 5.652210E-02
-9.3502 5.645041E-02
-9.3302 5.637891E-02
-9.3102 5.630762E-02
-9.2902 5.623643E-02
-9.2702 5.616529E-02
-9.2502 5.609412E-02
-9.2302 5.602298E-02
-9.2102 5.595176E-02
-9.1902 5.588042E-02
-9.1702 5.580889E-02
-9.1501 5.573714E-02
-9.1301 5.566518E-02
-9.1101 5.559293E-02
-9.0901 5.552036E-02
-9.0701 5.544743E-02
-9.0501 5.537405E-02
-9.0301 5.530029E-02
-9.0101 5.522605E-02
-8.9901 5.515133E-02
-8.9701 5.507606E-02
-8.9500 5.500023E-02
-8.9300 5.492381E-02
-8.9100 5.484675E-02
-8.8900 5.476909E-02
-8.8700 5.469079E-02
-8.8500 5.461173E-02
-8.8300 5.453199E-02
-8.8100 5.445149E-02
-8.7900 5.437027E-02
-8.7700 5.428829E-02
-8.7499 5.420552E-02
-8.7299 5.412196E-02
-8.7099 5.403757E-02
-8.6899 5.395238E-02
-8.6699 5.386635E-02
-8.6499 5.377948E-02
-8.6299 5.369177E-02
-8.6099 5.360324E-02
-8.5899 5.351383E-02
-8.5699 5.342360E-02
-8.5498 5.333253E-02
-8.5298 5.324061E-02
-8.5098 5.314786E-02
-8.4898 5.305428E-02
-8.4698 5.295989E-02
-8.4498 5.286467E-02
-8.4298 5.276865E-02
-8.4098 5.267189E-02
-8.3898 5.257438E-02
-8.3698 5.247607E-02
-8.3497 5.237700E-02
-8.3297 5.227728E-02
-8.3097 5.217685E-02
-8.2897 5.207572E-02
-8.2697 5.197401E-02
-8.2497 5.187160E-02
-8.2297 5.176864E-02
-8.2097 5.166518E-02
-8.1897 5.156110E-02
-8.1697 5.145655E-02
-8.1496 5.135152E-02
-8.1296 5.124610E-02
-8.1096 5.114020E-02
-8.0896 5.103396E-02
-8.0696 5.092741E-02
-8.0496 5.082055E-02
-8.0296 5.071342E-02
-8.0096 5.060607E-02
-7.9896 5.049856E-02
-7.9696 5.039091E-02
-7.9495 5.028317E-02
-7.9295 5.017535E-02
-7.9095 5.006753E-02
-7.8895 4.995973E-02
-7.8695 4.985203E-02
-7.8495 4.974445E-02
-7.8295 4.963704E-02
-7.8095 4.952982E-02
-7.7895 4.942287E-02
-7.7695 4.931625E-02
-7.7494 4.920997E-02
-7.7294 4.910414E-02
-7.7094 4.899872E-02
-7.6894 4.889385E-02
-7.6694 4.878956E-02
-7.6494 4.868586E-02
-7.6294 4.858288E-02
-7.6094 4.848060E-02
-7.5894 4.837911E-02
-7.5694 4.827850E-02
-7.5493 4.817879E-02
-7.5293 4.808003E-02
-7.5093 4.798229E-02
-7.4893 4.788567E-02
-7.4693 4.779022E-02
-7.4493 4.769593E-02
-7.4293 4.760295E-02
-7.4093 4.751132E-02
-7.3893 4.742112E-02
-7.3693 4.733239E-02
-7.3492 4.724520E-02
-7.3292 4.715965E-02
-7.3092 4.707577E-02
-7.2892 4.699368E-02
-7.2692 4.691340E-02
-7.2492 4.683508E-02
-7.2292 4.675875E-02
-7.2092 4.668447E-02
-7.1892 4.661230E-02
-7.1692 4.654243E-02
-7.1491 4.647480E-02
-7.1291 4.640959E-02
-7.1091 4.634687E-02
-7.0891 4.628666E-02
-7.0691 4.622912E-02
-7.0491 4.617425E-02
-7.0291 4.612224E-02
-7.0091 4.607309E-02
-6.9891 4.602691E-02
-6.9691 4.598383E-02
-6.9490 4.594389E-02
-6.9290 4.590720E-02
-6.9090 4.587388E-02
-6.8890 4.584401E-02
-6.8690 4.581763E-02
-6.8490 4.579490E-02
-6.8290 4.577587E-02
-6.8090 4.576068E-02
-6.7890 4.574942E-02
-6.7690 4.574218E-02
-6.7489 4.573904E-02
-6.7289 4.574012E-02
-6.7089 4.574553E-02
-6.6889 4.575539E-02
-6.6689 4.576975E-02
-6.6489 4.578881E-02
-6.6289 4.581261E-02
-6.6089 4.584127E-02
-6.5889 4.587490E-02
-6.5689 4.591366E-02
-6.5488 4.595757E-02
-6.5288 4.600690E-02
-6.5088 4.606163E-02
-6.4888 4.612196E-02
-6.4688 4.618794E-02
-6.4488 4.625979E-02
-6.4288 4.633760E-02
-6.4088 4.642146E-02
-6.3888 4.651156E-02
-6.3688 4.660801E-02
-6.3487 4.671095E-02
-6.3287 4.682047E-02
-6.3087 4.693680E-02
-6.2887 4.706007E-02
-6.2687 4.719035E-02
-6.2487 4.732782E-02
-6.2287 4.747272E-02
-6.2087 4.762510E-02
-6.1887 4.778512E-02
-6.1687 4.795293E-02
-6.1486 4.812872E-02
-6.1286 4.831264E-02
-6.1086 4.850485E-02
-6.0886 4.870547E-02
-6.0686 4.891465E-02
-6.0486 4.913256E-02
-6.0286 4.935935E-02
-6.0086 4.959521E-02
-5.9886 4.984021E-02
-5.9686 5.009450E-02
-5.9485 5.035830E-02
-5.9285 5.063173E-02
-5.9085 5.091487E-02
-5.8885 5.120782E-02
-5.8685 5.151075E-02
-5.8485 5.182367E-02
-5.8285 5.214681E-02
-5.8085 5.248011E-02
-5.7885 5.282366E-02
-5.7685 5.317765E-02
-5.7484 5.354187E-02
-5.7284 5.391655E-02
-5.7084 5.430150E-02
-5.6884 5.469676E-02
-5.6684 5.510235E-02
-5.6484 5.551800E-02
-5.6284 5.594380E-02
-5.6084 5.637943E-02
-5.5884 5.682489E-02
-5.5684 5.727978E-02
-5.5483 5.774383E-02
-5.5283 5.821685E-02
-5.5083 5.869856E-02
-5.4883 5.918850E-02
-5.4683 5.968623E-02
-5.4483 6.019123E-02
-5.4283 6.070313E-02
-5.4083 6.122131E-02
-5.3883 6.174515E-02
-5.3683 6.227384E-02
-5.3482 6.280695E-02
-5.3282 6.334358E-02
-5.3082 6.388303E-02
-5.2882 6.442442E-02
-5.2682 6.496681E-02
-5.2482 6.550929E-02
-5.2282 6.605120E-02
-5.2082 6.659128E-02
-5.1882 6.712873E-02
-5.1682 6.766248E-02
-5.1481 6.819154E-02
-5.1281 6.871490E-02
-5.1081 6.923153E-02
-5.0881 6.974057E-02
-5.0681 7.024089E-02
-5.0481 7.073167E-02
-5.0281 7.121191E-02
-5.0081 7.168083E-02
-4.9881 7.213755E-02
-4.9681 7.258126E-02
-4.9480 7.301128E-02
-4.9280 7.342697E-02
-4.9080 7.382775E-02
-4.8880 7.421313E-02
-4.8680 7.458263E-02
-4.8480 7.493579E-02
-4.8280 7.527249E-02
-4.8080 7.559247E-02
-4.7880 7.589548E-02
-4.7680 7.618165E-02
-4.7479 7.645076E-02
-4.7279 7.670307E-02
-4.7079 7.693865E-02
-4.6879 7.715773E-02
-4.6679 7.736064E-02
-4.6479 7.754750E-02
-4.6279 7.771886E-02
-4.6079 7.787504E-02
-4.5879 7.801649E-02
-4.5679 7.814364E-02
-4.5478 7.825706E-02
-4.5278 7.835717E-02
-4.5078 7.844462E-02
-4.4878 7.851980E-02
-4.4678 7.858340E-02
-4.4478 7.863584E-02
-4.4278 7.867769E-02
-4.4078 7.870939E-02
-4.3878 7.873160E-02
-4.3678 7.874479E-02
-4.3477 7.874941E-02
-4.3277 7.874589E-02
-4.3077 7.873473E-02
-4.2877 7.871643E-02
-4.2677 7.869130E-02
-4.2477 7.865968E-02
-4.2277 7.862204E-02
-4.2077 7.857867E-02
-4.1877 7.853000E-02
-4.1677 7.847606E-02
-4.1476 7.841742E-02
-4.1276 7.835417E-02
-4.1076 7.828668E-02
-4.0876 7.821502E-02
-4.0676 7.813943E-02
-4.0476 7.806015E-02
-4.0276 7.797734E-02
-4.0076 7.789118E-02
-3.9876 7.780179E-02
-3.9676 7.770927E-02
-3.9475 7.761375E-02
-3.9275 7.751542E-02
-3.9075 7.741434E-02
-3.8875 7.731070E-02
-3.8675 7.720455E-02
-3.8475 7.709589E-02
-3.8275 7.698497E-02
-3.8075 7.687186E-02
-3.7875 7.675659E-02
-3.7675 7.663933E-02
-3.7474 7.652015E-02
-3.7274 7.639920E-02
-3.7074 7.627653E-02
-3.6874 7.615228E-02
-3.6674 7.602658E-02
-3.6474 7.589958E-02
-3.6274 7.577141E-02
-3.6074 7.564212E-02
-3.5874 7.551197E-02
-3.5674 7.538111E-02
-3.5473 7.524961E-02
-3.5273 7.511771E-02
-3.5073 7.498552E-02
-3.4873 7.485331E-02
-3.4673 7.472126E-02
-3.4473 7.458952E-02
-3.4273 7.445831E-02
-3.4073 7.432788E-02
-3.3873 7.419844E-02
-3.3673 7.407025E-02
-3.3472 7.394339E-02
-3.3272 7.381827E-02
-3.3072 7.369511E-02
-3.2872 7.357415E-02
-3.2672 7.345550E-02
-3.2472 7.333973E-02
-3.2272 7.322684E-02
-3.2072 7.311720E-02
-3.1872 7.301107E-02
-3.1672 7.290874E-02
-3.1471 7.281045E-02
-3.1271 7.271663E-02
-3.1071 7.262731E-02
-3.0871 7.254295E-02
-3.0671 7.246377E-02
-3.0471 7.239016E-02
-3.0271 7.232229E-02
-3.0071 7.226041E-02
-2.9871 7.220494E-02
-2.9671 7.215611E-02
-2.9470 7.211418E-02
-2.9270 7.207941E-02
-2.9070 7.205213E-02
-2.8870 7.203260E-02
-2.8670 7.202104E-02
-2.8470 7.201782E-02
-2.8270 7.202316E-02
-2.8070 7.203734E-02
-2.7870 7.206059E-02
-2.7670 7.209314E-02
-2.7469 7.213531E-02
-2.7269 7.218723E-02
-2.7069 7.224929E-02
-2.6869 7.232162E-02
-2.6669 7.240449E-02
-2.6469 7.249806E-02
-2.6269 7.260262E-02
-2.6069 7.271830E-02
-2.5869 7.284530E-02
-2.5669 7.298383E-02
-2.5468 7.313407E-02
-2.5268 7.329616E-02
-2.5068 7.347024E-02
-2.4868 7.365646E-02
-2.4668 7.385496E-02
-2.4468 7.406574E-02
-2.4268 7.428901E-02
-2.4068 7.452472E-02
-2.3868 7.477298E-02
-2.3668 7.503394E-02
-2.3467 7.530732E-02
-2.3267 7.559338E-02
-2.3067 7.589190E-02
-2.2867 7.620288E-02
-2.2667 7.652606E-02
-2.2467 7.686158E-02
-2.2267 7.720911E-02
-2.2067 7.756841E-02
-2.1867 7.793931E-02
-2.1667 7.832147E-02
-2.1466 7.871471E-02
-2.1266 7.911860E-02
-2.1066 7.953265E-02
-2.0866 7.995650E-02
-2.0666 8.038979E-02
-2.0466 8.083182E-02
-2.0266 8.128199E-02
-2.0066 8.173986E-02
-1.9866 8.220462E-02
-1.9666 8.267577E-02
-1.9465 8.315222E-02
-1.9265 8.363356E-02
-1.9065 8.411874E-02
-1.8865 8.460710E-02
-1.8665 8.509757E-02
-1.8465 8.558926E-02
-1.8265 8.608126E-02
-1.8065 8.657273E-02
-1.7865 8.706253E-02
-1.7665 8.754985E-02
-1.7464 8.803362E-02
-1.7264 8.851288E-02
-1.7064 8.898663E-02
-1.6864 8.945399E-02
-1.6664 8.991397E-02
-1.6464 9.036584E-02
-1.6264 9.080861E-02
-1.6064 9.124159E-02
-1.5864 9.166397E-02
-1.5664 9.207502E-02
-1.5463 9.247414E-02
-1.5263 9.286086E-02
-1.5063 9.323458E-02
-1.4863 9.359500E-02
-1.4663 9.394170E-02
-1.4463 9.427442E-02
-1.4263 9.459307E-02
-1.4063 9.489744E-02
-1.3863 9.518750E-02
-1.3663 9.546348E-02
-1.3462 9.572541E-02
-1.3262 9.597341E-02
-1.3062 9.620785E-02
-1.2862 9.642899E-02
-1.2662 9.663745E-02
-1.2462 9.683333E-02
-1.2262 9.701744E-02
-1.2062 9.719002E-02
-1.1862 9.735192E-02
-1.1662 9.750354E-02
-1.1461 9.764555E-02
-1.1261 9.777867E-02
-1.1061 9.790349E-02
-1.0861 9.802067E-02
-1.0661 9.813087E-02
-1.0461 9.823474E-02
-1.0261 9.833307E-02
-1.0061 9.842629E-02
-0.9861 9.851507E-02
-0.9661 9.860012E-02
-0.9460 9.868193E-02
-0.9260 9.876110E-02
-0.9060 9.883816E-02
-0.8860 9.891363E-02
-0.8660 9.898785E-02
-0.8460 9.906146E-02
-0.8260 9.913469E-02
-0.8060 9.920799E-02
-0.7860 9.928175E-02
-0.7660 9.935622E-02
-0.7459 9.943163E-02
-0.7259 9.950824E-02
-0.7059 9.958628E-02
-0.6859 9.966596E-02
-0.6659 9.974739E-02
-0.6459 9.983056E-02
-0.6259 9.991570E-02
-0.6059 1.000028E-01
-0.5859 1.000918E-01
-0.5659 1.001828E-01
-0.5458 1.002758E-01
-0.5258 1.003705E-01
-0.5058 1.004671E-01
-0.4858 1.005654E-01
-0.4658 1.006651E-01
-0.4458 1.007662E-01
-0.4258 1.008686E-01
-0.4058 1.009719E-01
-0.3858 1.010760E-01
-0.3658 1.005421E-01
-0.3457 1.012858E-01
-0.3257 1.013910E-01
-0.3057 1.014960E-01
-0.2857 1.016007E-01
-0.2657 1.017046E-01
-0.2457 1.018075E-01
-0.2257 1.019092E-01
-0.2057 1.020094E-01
-0.1857 1.021077E-01
-0.1657 1.022039E-01
-0.1456 1.022977E-01
-0.1256 1.023887E-01
-0.1056 1.009216E-01
-0.0856 1.025616E-01
-0.0656 1.026429E-01
-0.0456 9.847585E-02
-0.0256 1.027939E-01
-0.0056 1.028631E-01
0.0144 1.029278E-01
0.0344 1.029877E-01
0.0545 1.030426E-01
0.0745 1.030926E-01
0.0945 1.031371E-01
0.1145 1.031763E-01
0.1345 1.032098E-01
0.1545 1.032377E-01
0.1745 1.032597E-01
0.1945 1.032758E-01
0.2145 9.647429E-02
0.2345 1.032901E-01
0.2546 1.032883E-01
0.2746 1.003228E-01
0.2946 1.032664E-01
0.3146 1.032464E-01
0.3346 1.032205E-01
0.3546 1.031888E-01
0.3746 1.031512E-01
0.3946 1.031080E-01
0.4146 1.030591E-01
0.4346 1.030047E-01
0.4547 1.029451E-01
0.4747 1.028803E-01
0.4947 1.028105E-01
0.5147 1.027359E-01
0.5347 9.465516E-02
0.5547 1.025730E-01
0.5747 9.845765E-02
0.5947 1.023932E-01
0.6147 1.022975E-01
0.6347 1.021982E-01
0.6548 1.020956E-01
0.6748 1.019898E-01
0.6948 1.018812E-01
0.7148 1.017700E-01
0.7348 1.016562E-01
0.7548 1.015404E-01
0.7748 1.014225E-01
0.7948 1.013029E-01
0.8148 1.011817E-01
0.8348 1.010592E-01
0.8549 9.316865E-02
0.8749 1.008111E-01
0.8949 9.657870E-02
0.9149 1.005602E-01
0.9349 1.004343E-01
0.9549 1.003081E-01
0.9749 1.001820E-01
0.9949 1.000561E-01
1.0149 9.993063E-02
1.0349 9.980568E-02
1.0550 9.968128E-02
1.0750 9.955779E-02
1.0950 9.943525E-02
1.1150 9.931373E-02
1.1350 9.919333E-02
1.1550 9.907435E-02
1.1750 9.224292E-02
1.1950 9.884065E-02
1.2150 9.508636E-02
1.2350 9.861318E-02
1.2551 9.850210E-02
1.2751 9.839274E-02
1.2951 9.828534E-02
1.3151 9.817993E-02
1.3351 9.807641E-02
1.3551 9.797507E-02
1.3751 9.787577E-02
1.3951 9.777859E-02
1.4151 9.768370E-02
1.4351 9.759100E-02
1.4552 9.750060E-02
1.4752 9.741235E-02
1.4952 9.193555E-02
1.5152 9.724311E-02
1.5352 9.418057E-02
1.5552 9.708331E-02
1.5752 9.700699E-02
1.5952 9.693310E-02
1.6152 9.686165E-02
1.6352 9.679263E-02
1.6553 9.672615E-02
1.6753 9.666204E-02
1.6953 9.660047E-02
1.7153 9.654131E-02
1.7353 9.648470E-02
1.7553 9.643064E-02
1.7753 9.637909E-02
1.7953 9.632995E-02
1.8153 9.225921E-02
1.8353 9.623945E-02
1.8554 9.390974E-02
1.8754 9.615903E-02
1.8954 9.612262E-02
1.9154 9.608882E-02
1.9354 9.605757E-02
1.9554 9.602888E-02
1.9754 9.600265E-02
1.9954 9.597909E-02
2.0154 9.595805E-02
2.0354 9.593959E-02
2.0555 9.592376E-02
2.0755 9.591048E-02
2.0955 9.589977E-02
2.1155 9.589160E-02
2.1355 9.316420E-02
2.1555 9.588316E-02
2.1755 9.428208E-02
2.1955 9.588507E-02
2.2155 9.588990E-02
2.2355 9.589727E-02
2.2556 9.590721E-02
2.2756 9.591975E-02
2.2956 9.593480E-02
2.3156 9.595251E-02
2.3356 9.597268E-02
2.3556 9.599540E-02
2.3756 9.602063E-02
2.3956 9.604839E-02
2.4156 9.607866E-02
2.4356 9.611137E-02
2.4557 9.443578E-02
2.4757 9.618406E-02
2.4957 9.523139E-02
2.5157 9.626635E-02
2.5357 9.631096E-02
2.5557 9.635797E-02
2.5757 9.640711E-02
2.5957 9.645850E-02
2.6157 9.651213E-02
2.6357 9.656769E-02
2.6558 9.662543E-02
2.6758 9.668515E-02
2.6958 9.674687E-02
2.7158 9.681034E-02
2.7358 9.687564E-02
2.7558 9.694273E-02
2.7758 9.562927E-02
2.7958 9.708170E-02
2.8158 9.650962E-02
2.8358 9.722665E-02
2.8559 9.730110E-02
2.8759 9.737679E-02
2.8959 9.745360E-02
2.9159 9.753133E-02
2.9359 9.760990E-02
2.9559 9.768948E-02
2.9759 9.776944E-02
2.9959 9.785007E-02
3.0159 9.793095E-02
3.0359 9.801219E-02
3.0560 9.809358E-02
3.0760 9.817494E-02
3.0960 9.621930E-02
3.1160 9.833705E-02
3.1360 9.763757E-02
3.1560 9.849742E-02
3.1760 9.857660E-02
3.1960 9.865498E-02
3.2160 9.873227E-02
3.2360 9.880841E-02
3.2561 9.888322E-02
3.2761 9.895656E-02
3.2961 9.902828E-02
3.3161 9.909824E-02
3.3361 9.916638E-02
3.3561 9.923238E-02
3.3761 9.929619E-02
3.3961 9.935767E-02
3.4161 9.598873E-02
3.4361 9.947326E-02
3.4562 9.809567E-02
3.4762 9.957811E-02
3.4962 9.962616E-02
3.5162 9.967126E-02
3.5362 9.971324E-02
3.5562 9.975205E-02
3.5762 9.978761E-02
3.5962 9.981978E-02
3.6162 9.984860E-02
3.6362 9.987398E-02
3.6563 9.989577E-02
3.6763 9.991413E-02
3.6963 9.992894E-02
3.7163 9.994018E-02
3.7363 9.524763E-02
3.7563 9.995206E-02
3.7763 9.772781E-02
3.7963 9.994985E-02
3.8163 9.994360E-02
3.8363 9.993389E-02
3.8564 9.992080E-02
3.8764 9.990448E-02
3.8964 9.988492E-02
3.9164 9.986238E-02
3.9364 9.983667E-02
3.9564 9.980807E-02
3.9764 9.977665E-02
3.9964 9.974266E-02
4.0164 9.970595E-02
4.0364 9.966692E-02
4.0565 9.457424E-02
4.0765 9.958198E-02
4.0965 9.690797E-02
4.1165 9.948899E-02
4.1365 9.943979E-02
4.1565 9.938906E-02
4.1765 9.933698E-02
4.1965 9.928360E-02
4.2165 9.922915E-02
4.2365 9.917377E-02
4.2566 9.911762E-02
4.2766 9.906086E-02
4.2966 9.900369E-02
4.3166 9.894619E-02
4.3366 9.888867E-02
4.3566 9.883107E-02
4.3766 9.442625E-02
4.3966 9.871661E-02
4.4166 9.622845E-02
4.4366 9.860414E-02
4.4567 9.854903E-02
4.4767 9.849472E-02
4.4967 9.844149E-02
4.5167 9.838944E-02
4.5367 9.833876E-02
4.5567 9.828940E-02
4.5767 9.824166E-02
4.5967 9.819557E-02
4.6167 9.815120E-02
4.6367 9.810869E-02
4.6568 9.806812E-02
4.6768 9.802968E-02
4.6968 9.499711E-02
4.7168 9.795926E-02
4.7368 9.612387E-02
4.7568 9.789807E-02
4.7768 9.787112E-02
4.7968 9.784667E-02
4.8168 9.782482E-02
4.8368 9.780555E-02
4.8569 9.778909E-02
4.8769 9.777523E-02
4.8969 9.776428E-02
4.9169 9.775613E-02
4.9369 9.775078E-02
4.9569 9.774835E-02
4.9769 9.774885E-02
4.9969 9.775230E-02
5.0169 9.627047E-02
5.0369 9.776805E-02
5.0570 9.675855E-02
5.0770 9.779576E-02
5.0970 9.781415E-02
5.1170 9.783555E-02
5.1370 9.785999E-02
5.1570 9.788738E-02
5.1770 9.791790E-02
5.1970 9.795138E-02
5.2170 9.798780E-02
5.2370 9.802727E-02
5.2571 9.806966E-02
5.2771 9.811498E-02
5.2971 9.816331E-02
5.3171 9.821456E-02
5.3371 9.811222E-02
5.3571 9.832565E-02
5.3771 9.809498E-02
5.3971 9.844816E-02
5.4171 9.851360E-02
5.4371 9.858184E-02
5.4572 9.865281E-02
5.4772 9.872641E-02
5.4972 9.880276E-02
5.5172 9.888171E-02
5.5372 9.896323E-02
5.5572 9.904722E-02
5.5772 9.913386E-02
5.5972 9.922293E-02
5.6172 9.931441E-02
5.6372 9.940835E-02
5.6573 1.003304E-01
5.6773 9.960313E-02
5.6973 9.998652E-02
5.7173 9.980698E-02
5.7373 9.991213E-02
5.7573 1.000194E-01
5.7773 1.001288E-01
5.7973 1.002402E-01
5.8173 1.003536E-01
5.8373 1.004689E-01
5.8574 1.005862E-01
5.8774 1.007052E-01
5.8974 1.008261E-01
5.9174 1.009486E-01
5.9374 1.010728E-01
5.9574 1.011986E-01
5.9774 1.282867E-01
5.9974 1.014550E-01
6.0174 1.022323E-01
6.0374 1.017173E-01
6.0575 1.018505E-01
6.0775 1.019849E-01
6.0975 1.021206E-01
6.1175 1.022575E-01
6.1375 1.023956E-01
6.1575 1.025347E-01
6.1775 1.026749E-01
6.1975 1.028159E-01
6.2175 1.029579E-01
6.2375 1.031007E-01
6.2576 1.032444E-01
6.2776 1.033887E-01
6.2976 1.302984E-01
6.3176 1.036794E-01
6.3376 1.305484E-01
