-29.6644 6.046689E-04
-29.6444 6.058436E-04
-29.6244 6.070222E-04
-29.6044 6.082045E-04
-29.5844 6.093903E-04
-29.5643 6.105797E-04
-29.5443 6.117729E-04
-29.5243 6.129701E-04
-29.5043 6.141709E-04
-29.4843 6.153753E-04
-29.4643 6.165837E-04
-29.4443 6.177956E-04
-29.4243 6.190115E-04
-29.4043 6.202309E-04
-29.3843 6.214549E-04
-29.3642 6.226823E-04
-29.3442 6.239135E-04
-29.3242 6.251486E-04
-29.3042 6.263877E-04
-29.2842 6.276306E-04
-29.2642 6.288777E-04
-29.2442 6.301287E-04
-29.2242 6.313834E-04
-29.2042 6.326423E-04
-29.1842 6.339055E-04
-29.1641 6.351725E-04
-29.1441 6.364435E-04
-29.1241 6.377184E-04
-29.1041 6.389975E-04
-29.0841 6.402808E-04
-29.0641 6.415680E-04
-29.0441 6.428597E-04
-29.0241 6.441551E-04
-29.0041 6.454553E-04
-28.9841 6.467591E-04
-28.9640 6.480673E-04
-28.9440 6.493799E-04
-28.9240 6.506965E-04
-28.9040 6.520175E-04
-28.8840 6.533429E-04
-28.8640 6.546725E-04
-28.8440 6.560061E-04
-28.8240 6.573444E-04
-28.8040 6.586873E-04
-28.7840 6.600343E-04
-28.7639 6.613855E-04
-28.7439 6.627412E-04
-28.7239 6.641015E-04
-28.7039 6.654663E-04
-28.6839 6.668354E-04
-28.6639 6.682092E-04
-28.6439 6.695871E-04
-28.6239 6.709701E-04
-28.6039 6.723573E-04
-28.5839 6.737495E-04
-28.5638 6.751457E-04
-28.5438 6.765468E-04
-28.5238 6.779530E-04
-28.5038 6.793633E-04
-28.4838 6.807785E-04
-28.4638 6.821979E-04
-28.4438 6.836226E-04
-28.4238 6.850519E-04
-28.4038 6.864859E-04
-28.3838 6.879249E-04
-28.3637 6.893683E-04
-28.3437 6.908172E-04
-28.3237 6.922702E-04
-28.3037 6.937288E-04
-28.2837 6.951920E-04
-28.2637 6.966598E-04
-28.2437 6.981329E-04
-28.2237 6.996112E-04
-28.2037 7.010942E-04
-28.1837 7.025819E-04
-28.1636 7.040750E-04
-28.1436 7.055730E-04
-28.1236 7.070763E-04
-28.1036 7.085846E-04
-28.0836 7.100981E-04
-28.0636 7.116168E-04
-28.0436 7.131406E-04
-28.0236 7.146696E-04
-28.0036 7.162039E-04
-27.9836 7.177434E-04
-27.9635 7.192879E-04
-27.9435 7.208383E-04
-27.9235 7.223938E-04
-27.9035 7.239546E-04
-27.8835 7.255207E-04
-27.8635 7.270920E-04
-27.8435 7.286694E-04
-27.8235 7.302514E-04
-27.8035 7.318394E-04
-27.7835 7.334328E-04
-27.7634 7.350319E-04
-27.7434 7.366364E-04
-27.7234 7.382464E-04
-27.7034 7.398623E-04
-27.6834 7.414837E-04
-27.6634 7.431107E-04
-27.6434 7.447435E-04
-27.6234 7.463820E-04
-27.6034 7.480261E-04
-27.5834 7.496761E-04
-27.5633 7.513314E-04
-27.5433 7.529931E-04
-27.5233 7.546606E-04
-27.5033 7.563340E-04
-27.4833 7.580132E-04
-27.4633 7.596989E-04
-27.4433 7.613901E-04
-27.4233 7.630870E-04
-27.4033 7.647906E-04
-27.3833 7.664999E-04
-27.3632 7.682153E-04
-27.3432 7.699368E-04
-27.3232 7.716646E-04
-27.3032 7.733980E-04
-27.2832 7.751383E-04
-27.2632 7.768842E-04
-27.2432 7.786368E-04
-27.2232 7.803961E-04
-27.2032 7.821609E-04
-27.1832 7.839329E-04
-27.1631 7.857108E-04
-27.1431 7.874947E-04
-27.1231 7.892855E-04
-27.1031 7.910829E-04
-27.0831 7.928867E-04
-27.0631 7.946971E-04
-27.0431 7.965140E-04
-27.0231 7.983377E-04
-27.0031 8.001680E-04
-26.9831 8.020049E-04
-26.9630 8.038485E-04
-26.9430 8.056990E-04
-26.9230 8.075562E-04
-26.9030 8.094201E-04
-26.8830 8.112904E-04
-26.8630 8.131687E-04
-26.8430 8.150534E-04
-26.8230 8.169451E-04
-26.8030 8.188437E-04
-26.7830 8.207488E-04
-26.7629 8.226621E-04
-26.7429 8.245819E-04
-26.7229 8.265083E-04
-26.7029 8.284425E-04
-26.6829 8.303837E-04
-26.6629 8.323328E-04
-26.6429 8.342882E-04
-26.6229 8.362519E-04
-26.6029 8.382224E-04
-26.5829 8.401997E-04
-26.5628 8.421851E-04
-26.5428 8.441784E-04
-26.5228 8.461782E-04
-26.5028 8.481866E-04
-26.4828 8.502021E-04
-26.4628 8.522246E-04
-26.4428 8.542559E-04
-26.4228 8.562938E-04
-26.4028 8.583400E-04
-26.3828 8.603938E-04
-26.3627 8.624556E-04
-26.3427 8.645252E-04
-26.3227 8.666028E-04
-26.3027 8.686888E-04
-26.2827 8.707825E-04
-26.2627 8.728834E-04
-26.2427 8.749929E-04
-26.2227 8.771108E-04
-26.2027 8.792365E-04
-26.1827 8.813713E-04
-26.1626 8.835129E-04
-26.1426 8.856635E-04
-26.1226 8.878223E-04
-26.1026 8.899895E-04
-26.0826 8.921659E-04
-26.0626 8.943495E-04
-26.0426 8.965419E-04
-26.0226 8.987432E-04
-26.0026 9.009531E-04
-25.9826 9.031714E-04
-25.9625 9.053985E-04
-25.9425 9.076344E-04
-25.9225 9.098790E-04
-25.9025 9.121325E-04
-25.8825 9.143951E-04
-25.8625 9.166663E-04
-25.8425 9.189465E-04
-25.8225 9.212357E-04
-25.8025 9.235339E-04
-25.7825 9.258415E-04
-25.7624 9.281580E-04
-25.7424 9.304839E-04
-25.7224 9.328191E-04
-25.7024 9.351634E-04
-25.6824 9.375172E-04
-25.6624 9.398801E-04
-25.6424 9.422522E-04
-25.6224 9.446350E-04
-25.6024 9.470270E-04
-25.5824 9.494282E-04
-25.5623 9.518393E-04
-25.5423 9.542592E-04
-25.5223 9.566908E-04
-25.5023 9.591302E-04
-25.4823 9.615813E-04
-25.4623 9.640408E-04
-25.4423 9.665110E-04
-25.4223 9.689923E-04
-25.4023 9.714826E-04
-25.3823 9.739826E-04
-25.3622 9.764941E-04
-25.3422 9.790144E-04
-25.3222 9.815458E-04
-25.3022 9.840878E-04
-25.2822 9.866410E-04
-25.2622 9.892037E-04
-25.2422 9.917771E-04
-25.2222 9.943615E-04
-25.2022 9.969559E-04
-25.1822 9.995606E-04
-25.1621 1.002178E-03
-25.1421 1.004804E-03
-25.1221 1.007443E-03
-25.1021 1.010092E-03
-25.0821 1.012751E-03
-25.0621 1.015424E-03
-25.0421 1.018105E-03
-25.0221 1.020799E-03
-25.0021 1.023505E-03
-24.9821 1.026221E-03
-24.9620 1.028948E-03
-24.9420 1.031688E-03
-24.9220 1.034440E-03
-24.9020 1.037201E-03
-24.8820 1.039976E-03
-24.8620 1.042762E-03
-24.8420 1.045560E-03
-24.8220 1.048371E-03
-24.8020 1.051193E-03
-24.7820 1.054027E-03
-24.7619 1.056872E-03
-24.7419 1.059731E-03
-24.7219 1.062601E-03
-24.7019 1.065484E-03
-24.6819 1.068379E-03
-24.6619 1.071288E-03
-24.6419 1.074208E-03
-24.6219 1.077141E-03
-24.6019 1.080086E-03
-24.5819 1.083046E-03
-24.5618 1.086016E-03
-24.5418 1.089000E-03
-24.5218 1.091997E-03
-24.5018 1.095008E-03
-24.4818 1.098032E-03
-24.4618 1.101068E-03
-24.4418 1.104118E-03
-24.4218 1.107182E-03
-24.4018 1.110259E-03
-24.3818 1.113350E-03
-24.3617 1.116454E-03
-24.3417 1.119571E-03
-24.3217 1.122703E-03
-24.3017 1.125849E-03
-24.2817 1.129010E-03
-24.2617 1.132183E-03
-24.2417 1.135370E-03
-24.2217 1.138573E-03
-24.2017 1.141789E-03
-24.1817 1.145021E-03
-24.1616 1.148265E-03
-24.1416 1.151527E-03
-24.1216 1.154801E-03
-24.1016 1.158091E-03
-24.0816 1.161394E-03
-24.0616 1.164714E-03
-24.0416 1.168047E-03
-24.0216 1.171396E-03
-24.0016 1.174761E-03
-23.9816 1.178141E-03
-23.9615 1.181537E-03
-23.9415 1.184950E-03
-23.9215 1.188375E-03
-23.9015 1.191817E-03
-23.8815 1.195275E-03
-23.8615 1.198750E-03
-23.8415 1.202238E-03
-23.8215 1.205745E-03
-23.8015 1.209267E-03
-23.7815 1.212805E-03
-23.7614 1.216360E-03
-23.7414 1.219932E-03
-23.7214 1.223521E-03
-23.7014 1.227127E-03
-23.6814 1.230748E-03
-23.6614 1.234386E-03
-23.6414 1.238041E-03
-23.6214 1.241714E-03
-23.6014 1.245405E-03
-23.5814 1.249110E-03
-23.5613 1.252838E-03
-23.5413 1.256580E-03
-23.5213 1.260340E-03
-23.5013 1.264118E-03
-23.4813 1.267914E-03
-23.4613 1.271729E-03
-23.4413 1.275562E-03
-23.4213 1.279412E-03
-23.4013 1.283280E-03
-23.3813 1.287166E-03
-23.3612 1.291073E-03
-23.3412 1.294999E-03
-23.3212 1.298944E-03
-23.3012 1.302908E-03
-23.2812 1.306889E-03
-23.2612 1.310888E-03
-23.2412 1.314913E-03
-23.2212 1.318953E-03
-23.2012 1.323013E-03
-23.1812 1.327090E-03
-23.1611 1.331191E-03
-23.1411 1.335313E-03
-23.1211 1.339452E-03
-23.1011 1.343610E-03
-23.0811 1.347790E-03
-23.0611 1.351992E-03
-23.0411 1.356214E-03
-23.0211 1.360459E-03
-23.0011 1.364725E-03
-22.9811 1.369007E-03
-22.9610 1.373317E-03
-22.9410 1.377644E-03
-22.9210 1.381993E-03
-22.9010 1.386364E-03
-22.8810 1.390758E-03
-22.8610 1.395174E-03
-22.8410 1.399613E-03
-22.8210 1.404071E-03
-22.8010 1.408555E-03
-22.7810 1.413059E-03
-22.7609 1.417585E-03
-22.7409 1.422135E-03
-22.7209 1.426709E-03
-22.7009 1.431307E-03
-22.6809 1.435930E-03
-22.6609 1.440576E-03
-22.6409 1.445241E-03
-22.6209 1.449937E-03
-22.6009 1.454651E-03
-22.5809 1.459390E-03
-22.5608 1.464154E-03
-22.5408 1.468944E-03
-22.5208 1.473759E-03
-22.5008 1.478600E-03
-22.4808 1.483466E-03
-22.4608 1.488352E-03
-22.4408 1.493271E-03
-22.4208 1.498209E-03
-22.4008 1.503182E-03
-22.3808 1.508174E-03
-22.3607 1.513193E-03
-22.3407 1.518239E-03
-22.3207 1.523312E-03
-22.3007 1.528405E-03
-22.2807 1.533534E-03
-22.2607 1.538691E-03
-22.2407 1.543867E-03
-22.2207 1.549081E-03
-22.2007 1.554315E-03
-22.1807 1.559578E-03
-22.1606 1.564869E-03
-22.1406 1.570190E-03
-22.1206 1.575540E-03
-22.1006 1.580921E-03
-22.0806 1.586331E-03
-22.0606 1.591762E-03
-22.0406 1.597232E-03
-22.0206 1.602724E-03
-22.0006 1.608256E-03
-21.9806 1.613810E-03
-21.9605 1.619394E-03
-21.9405 1.625010E-03
-21.9205 1.630658E-03
-21.9005 1.636337E-03
-21.8805 1.642049E-03
-21.8605 1.647794E-03
-21.8405 1.653561E-03
-21.8205 1.659370E-03
-21.8005 1.665214E-03
-21.7805 1.671081E-03
-21.7604 1.676979E-03
-21.7404 1.682924E-03
-21.7204 1.688892E-03
-21.7004 1.694894E-03
-21.6804 1.700931E-03
-21.6604 1.707003E-03
-21.6404 1.713109E-03
-21.6204 1.719240E-03
-21.6004 1.725419E-03
-21.5804 1.731633E-03
-21.5603 1.737871E-03
-21.5403 1.744159E-03
-21.5203 1.750472E-03
-21.5003 1.756819E-03
-21.4803 1.763206E-03
-21.4603 1.769631E-03
-21.4403 1.776106E-03
-21.4203 1.782607E-03
-21.4003 1.789132E-03
-21.3803 1.795711E-03
-21.3602 1.802329E-03
-21.3402 1.808986E-03
-21.3202 1.815668E-03
-21.3002 1.822407E-03
-21.2802 1.829170E-03
-21.2602 1.835990E-03
-21.2402 1.842836E-03
-21.2202 1.849721E-03
-21.2002 1.856650E-03
-21.1802 1.863622E-03
-21.1601 1.870635E-03
-21.1401 1.877691E-03
-21.1201 1.884791E-03
-21.1001 1.891934E-03
-21.0801 1.899123E-03
-21.0601 1.906336E-03
-21.0401 1.913613E-03
-21.0201 1.920936E-03
-21.0001 1.928284E-03
-20.9801 1.935680E-03
-20.9600 1.943141E-03
-20.9400 1.950627E-03
-20.9200 1.958162E-03
-20.9000 1.965744E-03
-20.8800 1.973395E-03
-20.8600 1.981073E-03
-20.8400 1.988778E-03
-20.8200 1.996553E-03
-20.8000 2.004378E-03
-20.7800 2.012253E-03
-20.7599 2.020180E-03
-20.7399 2.028133E-03
-20.7199 2.036162E-03
-20.6999 2.044217E-03
-20.6799 2.052351E-03
-20.6599 2.060510E-03
-20.6399 2.068724E-03
-20.6199 2.077017E-03
-20.5999 2.085337E-03
-20.5799 2.093711E-03
-20.5598 2.102140E-03
-20.5398 2.110625E-03
-20.5198 2.119166E-03
-20.4998 2.127763E-03
-20.4798 2.136419E-03
-20.4598 2.145101E-03
-20.4398 2.153870E-03
-20.4198 2.162698E-03
-20.3998 2.171555E-03
-20.3798 2.180502E-03
-20.3597 2.189478E-03
-20.3397 2.198546E-03
-20.3197 2.207643E-03
-20.2997 2.216836E-03
-20.2797 2.226055E-03
-20.2597 2.235338E-03
-20.2397 2.244685E-03
-20.2197 2.254095E-03
-20.1997 2.263570E-03
-20.1797 2.273109E-03
-20.1596 2.282715E-03
-20.1396 2.292386E-03
-20.1196 2.302125E-03
-20.0996 2.311934E-03
-20.0796 2.321768E-03
-20.0596 2.331712E-03
-20.0396 2.341728E-03
-20.0196 2.351768E-03
-19.9996 2.361926E-03
-19.9796 2.372108E-03
-19.9595 2.382411E-03
-19.9395 2.392737E-03
-19.9195 2.403139E-03
-19.8995 2.413614E-03
-19.8795 2.424215E-03
-19.8595 2.434841E-03
-19.8395 2.445542E-03
-19.8195 2.456322E-03
-19.7995 2.467180E-03
-19.7795 2.478117E-03
-19.7594 2.489135E-03
-19.7394 2.500232E-03
-19.7194 2.511351E-03
-19.6994 2.522611E-03
-19.6794 2.533956E-03
-19.6594 2.545322E-03
-19.6394 2.556835E-03
-19.6194 2.568436E-03
-19.5994 2.580055E-03
-19.5794 2.591761E-03
-19.5593 2.603624E-03
-19.5393 2.615506E-03
-19.5193 2.627552E-03
-19.4993 2.639612E-03
-19.4793 2.651767E-03
-19.4593 2.664013E-03
-19.4393 2.676353E-03
-19.4193 2.688786E-03
-19.3993 2.701314E-03
-19.3793 2.713941E-03
-19.3592 2.726664E-03
-19.3392 2.739487E-03
-19.3192 2.752411E-03
-19.2992 2.765436E-03
-19.2792 2.778566E-03
-19.2592 2.791698E-03
-19.2392 2.805034E-03
-19.2192 2.818375E-03
-19.1992 2.831925E-03
-19.1792 2.845585E-03
-19.1591 2.859245E-03
-19.1391 2.873014E-03
-19.1191 2.887007E-03
-19.0991 2.900998E-03
-19.0791 2.915101E-03
-19.0591 2.929444E-03
-19.0391 2.943778E-03
-19.0191 2.958229E-03
-18.9991 2.972800E-03
-18.9791 2.987490E-03
-18.9590 3.002302E-03
-18.9390 3.017236E-03
-18.9190 3.032297E-03
-18.8990 3.047484E-03
-18.8790 3.062800E-03
-18.8590 3.078248E-03
-18.8390 3.093664E-03
-18.8190 3.109374E-03
-18.7990 3.125220E-03
-18.7790 3.141205E-03
-18.7589 3.157150E-03
-18.7389 3.173416E-03
-18.7189 3.189632E-03
-18.6989 3.206188E-03
-18.6789 3.222688E-03
-18.6589 3.239331E-03
-18.6389 3.256334E-03
-18.6189 3.273274E-03
-18.5989 3.290361E-03
-18.5789 3.307598E-03
-18.5588 3.325234E-03
-18.5388 3.342787E-03
-18.5188 3.360502E-03
-18.4988 3.378377E-03
-18.4788 3.396414E-03
-18.4588 3.414620E-03
-18.4388 3.432997E-03
-18.4188 3.451252E-03
-18.3988 3.469968E-03
-18.3788 3.488866E-03
-18.3587 3.507951E-03
-18.3387 3.526885E-03
-18.3187 3.546335E-03
-18.2987 3.565622E-03
-18.2787 3.585453E-03
-18.2587 3.605105E-03
-18.2387 3.625337E-03
-18.2187 3.645373E-03
-18.1987 3.666018E-03
-18.1787 3.686454E-03
-18.1586 3.707087E-03
-18.1386 3.727918E-03
-18.1186 3.749443E-03
-18.0986 3.770707E-03
-18.0786 3.792193E-03
-18.0586 3.813897E-03
-18.0386 3.835834E-03
-18.0186 3.858000E-03
-17.9986 3.880409E-03
-17.9786 3.902441E-03
-17.9585 3.925327E-03
-17.9385 3.948466E-03
-17.9185 3.971873E-03
-17.8985 3.994837E-03
-17.8785 4.018773E-03
-17.8585 4.042228E-03
-17.8385 4.066720E-03
-17.8185 4.090689E-03
-17.7985 4.115790E-03
-17.7785 4.140312E-03
-17.7584 4.165110E-03
-17.7384 4.191165E-03
-17.7184 4.216567E-03
-17.6984 4.242269E-03
-17.6784 4.268297E-03
-17.6584 4.294632E-03
-17.6384 4.321306E-03
-17.6184 4.348333E-03
-17.5984 4.375723E-03
-17.5784 4.402098E-03
-17.5583 4.430229E-03
-17.5383 4.458780E-03
-17.5183 4.486108E-03
-17.4983 4.515463E-03
-17.4783 4.543546E-03
-17.4583 4.573848E-03
-17.4383 4.602697E-03
-17.4183 4.631952E-03
-17.3983 4.663827E-03
-17.3783 4.694042E-03
-17.3582 4.724737E-03
-17.3382 4.755906E-03
-17.3182 4.787643E-03
-17.2982 4.819948E-03
-17.2782 4.852888E-03
-17.2582 4.883174E-03
-17.2382 4.917382E-03
-17.2182 4.952367E-03
-17.1982 4.984299E-03
-17.1782 5.020885E-03
-17.1581 5.054216E-03
-17.1381 5.088102E-03
-17.1181 5.122618E-03
-17.0981 5.157874E-03
-17.0781 5.199910E-03
-17.0581 5.231321E-03
-17.0381 5.269722E-03
-17.0181 5.309411E-03
-16.9981 5.350640E-03
-16.9781 5.385232E-03
-16.9580 5.429629E-03
-16.9380 5.466676E-03
-16.9180 5.504569E-03
-16.8980 5.544379E-03
-16.8780 5.585371E-03
-16.8580 5.628960E-03
-16.8380 5.675431E-03
-16.8180 5.725134E-03
-16.7980 5.759952E-03
-16.7780 5.817483E-03
-16.7579 5.857723E-03
-16.7379 5.901965E-03
-16.7179 5.949701E-03
-16.6979 6.002724E-03
-16.6779 6.065658E-03
-16.6579 6.095984E-03
-16.6379 6.178458E-03
-16.6179 6.225870E-03
-16.5979 6.279184E-03
-16.5779 6.354023E-03
-16.5578 6.364287E-03
-16.5378 6.480462E-03
-16.5178 6.520880E-03
-16.4978 6.595860E-03
-16.4778 6.724853E-03
-16.4578 6.720872E-03
-16.4378 6.742741E-03
-16.4178 6.851434E-03
-16.3978 7.063806E-03
-16.3778 7.119008E-03
-16.3577 7.133848E-03
-16.3377 8.195970E-03
-16.3177 7.987053E-03
-16.2977 9.700577E-03
-16.2777 8.595099E-03
-16.2577 9.225962E-03
-16.2377 9.955164E-03
-16.2177 1.069630E-02
-16.1977 1.133979E-02
-16.1777 1.156759E-02
-16.1576 1.142483E-02
-16.1376 1.106221E-02
-16.1176 1.070308E-02
-16.0976 1.037131E-02
-16.0776 1.012682E-02
-16.0576 9.961573E-03
-16.0376 9.859873E-03
-16.0176 9.791993E-03
-15.9976 9.765761E-03
-15.9776 9.771481E-03
-15.9575 9.791730E-03
-15.9375 9.824738E-03
-15.9175 9.877671E-03
-15.8975 9.945988E-03
-15.8775 1.002110E-02
-15.8575 1.010252E-02
-15.8375 1.019563E-02
-15.8175 1.029391E-02
-15.7975 1.040642E-02
-15.7775 1.051848E-02
-15.7574 1.063518E-02
-15.7374 1.076035E-02
-15.7174 1.088985E-02
-15.6974 1.102710E-02
-15.6774 1.117168E-02
-15.6574 1.131782E-02
-15.6374 1.147133E-02
-15.6174 1.163201E-02
-15.5974 1.179751E-02
-15.5774 1.197015E-02
-15.5573 1.214788E-02
-15.5373 1.233295E-02
-15.5173 1.252534E-02
-15.4973 1.272324E-02
-15.4773 1.292724E-02
-15.4573 1.314053E-02
-15.4373 1.336018E-02
-15.4173 1.358924E-02
-15.3973 1.382371E-02
-15.3773 1.406800E-02
-15.3572 1.431959E-02
-15.3372 1.458006E-02
-15.3172 1.485076E-02
-15.2972 1.512965E-02
-15.2772 1.541924E-02
-15.2572 1.571741E-02
-15.2372 1.602582E-02
-15.2172 1.634559E-02
-15.1972 1.667688E-02
-15.1772 1.701714E-02
-15.1571 1.737042E-02
-15.1371 1.773609E-02
-15.1171 1.811247E-02
-15.0971 1.850178E-02
-15.0771 1.890505E-02
-15.0571 1.932004E-02
-15.0371 1.974939E-02
-15.0171 2.019186E-02
-14.9971 2.064841E-02
-14.9771 2.111936E-02
-14.9570 2.160482E-02
-14.9370 2.210575E-02
-14.9170 2.262165E-02
-14.8970 2.315268E-02
-14.8770 2.369966E-02
-14.8570 2.426269E-02
-14.8370 2.484135E-02
-14.8170 2.543628E-02
-14.7970 2.604760E-02
-14.7770 2.667539E-02
-14.7569 2.731967E-02
-14.7369 2.798107E-02
-14.7169 2.865900E-02
-14.6969 2.935404E-02
-14.6769 3.006567E-02
-14.6569 3.079479E-02
-14.6369 3.154003E-02
-14.6169 3.230325E-02
-14.5969 3.308333E-02
-14.5769 3.388044E-02
-14.5568 3.469537E-02
-14.5368 3.552667E-02
-14.5168 3.637583E-02
-14.4968 3.724278E-02
-14.4768 3.812669E-02
-14.4568 3.902846E-02
-14.4368 3.994872E-02
-14.4168 4.088657E-02
-14.3968 4.184366E-02
-14.3768 4.281887E-02
-14.3567 4.381370E-02
-14.3367 4.482808E-02
-14.3167 4.586239E-02
-14.2967 4.691759E-02
-14.2767 4.799374E-02
-14.2567 4.909272E-02
-14.2367 5.021398E-02
-14.2167 5.135966E-02
-14.1967 5.252963E-02
-14.1767 5.372590E-02
-14.1566 5.494991E-02
-14.1366 5.620241E-02
-14.1166 5.748491E-02
-14.0966 5.879944E-02
-14.0766 6.014735E-02
-14.0566 6.153027E-02
-14.0366 6.295137E-02
-14.0166 6.441238E-02
-13.9966 6.591548E-02
-13.9766 6.746292E-02
-13.9565 6.905870E-02
-13.9365 7.070516E-02
-13.9165 7.240525E-02
-13.8965 7.416232E-02
-13.8765 7.598124E-02
-13.8565 7.786531E-02
-13.8365 7.981943E-02
-13.8165 8.184797E-02
-13.7965 8.395574E-02
-13.7765 8.614928E-02
-13.7564 8.843370E-02
-13.7364 9.081594E-02
-13.7164 9.330409E-02
-13.6964 9.590421E-02
-13.6764 9.862603E-02
-13.6564 1.014788E-01
-13.6364 1.044719E-01
-13.6164 1.076170E-01
-13.5964 1.109270E-01
-13.5764 1.144139E-01
-13.5563 1.180936E-01
-13.5363 1.219825E-01
-13.5163 1.260989E-01
-13.4963 1.304637E-01
-13.4763 1.350988E-01
-13.4563 1.400318E-01
-13.4363 1.452896E-01
-13.4163 1.509052E-01
-13.3963 1.569168E-01
-13.3763 1.633648E-01
-13.3562 1.702957E-01
-13.3362 1.777671E-01
-13.3162 1.858382E-01
-13.2962 1.945828E-01
-13.2762 2.040824E-01
-13.2562 2.144346E-01
-13.2362 2.257492E-01
-13.2162 2.381539E-01
-13.1962 2.517999E-01
-13.1762 2.668604E-01
-13.1561 2.835347E-01
-13.1361 3.020505E-01
-13.1161 3.226698E-01
-13.0961 3.456796E-01
-13.0761 3.713854E-01
-13.0561 4.001108E-01
-13.0361 4.321559E-01
-13.0161 4.677703E-01
-12.9961 5.071036E-01
-12.9761 5.501576E-01
-12.9560 5.967468E-01
-12.9360 6.465314E-01
-12.9160 6.991102E-01
-12.8960 7.541223E-01
-12.8760 8.111472E-01
-12.8560 8.689529E-01
-12.8360 9.237994E-01
-12.8160 9.672805E-01
-12.7960 9.865835E-01
-12.7760 9.708459E-01
-12.7559 9.207233E-01
-12.7359 8.500361E-01
-12.7159 7.763231E-01
-12.6959 7.116617E-01
-12.6759 6.609649E-01
-12.6559 6.245565E-01
-12.6359 6.008867E-01
-12.6159 5.880556E-01
-12.5959 5.844351E-01
-12.5759 5.888510E-01
-12.5558 6.005770E-01
-12.5358 6.192627E-01
-12.5158 6.448584E-01
-12.4958 6.775609E-01
-12.4758 7.177298E-01
-12.4558 7.658457E-01
-12.4358 8.224445E-01
-12.4158 8.880671E-01
-12.3958 9.632299E-01
-12.3758 1.048471E+00
-12.3557 1.144611E+00
-12.3357 1.253278E+00
-12.3157 1.377615E+00
-12.2957 1.522360E+00
-12.2757 1.691816E+00
-12.2557 1.884602E+00
-12.2357 2.087523E+00
-12.2157 2.275565E+00
-12.1957 2.419543E+00
-12.1757 2.484219E+00
-12.1556 2.435135E+00
-12.1356 2.284661E+00
-12.1156 2.088758E+00
-12.0956 1.894775E+00
-12.0756 1.724490E+00
-12.0556 1.583947E+00
-12.0356 1.473004E+00
-12.0156 1.389978E+00
-11.9956 1.333524E+00
-11.9756 1.303201E+00
-11.9555 1.299253E+00
-11.9355 1.321915E+00
-11.9155 1.371230E+00
-11.8955 1.449474E+00
-11.8755 1.564486E+00
-11.8555 1.726330E+00
-11.8355 1.933061E+00
-11.8155 2.147420E+00
-11.7955 2.285271E+00
-11.7755 2.269051E+00
-11.7554 2.116964E+00
-11.7354 1.925060E+00
-11.7154 1.773719E+00
-11.6954 1.693774E+00
-11.6754 1.685170E+00
-11.6554 1.737078E+00
-11.6354 1.836550E+00
-11.6154 1.970024E+00
-11.5954 2.120765E+00
-11.5754 2.263789E+00
-11.5553 2.364748E+00
-11.5353 2.393802E+00
-11.5153 2.349936E+00
-11.4953 2.266412E+00
-11.4753 2.185819E+00
-11.4553 2.133443E+00
-11.4353 2.112668E+00
-11.4153 2.116680E+00
-11.3953 2.138328E+00
-11.3753 2.166516E+00
-11.3552 2.175797E+00
-11.3352 2.133877E+00
-11.3152 2.038785E+00
-11.2952 1.933395E+00
-11.2752 1.864639E+00
-11.2552 1.853939E+00
-11.2352 1.905098E+00
-11.2152 2.017362E+00
-11.1952 2.188365E+00
-11.1752 2.410219E+00
-11.1551 2.664873E+00
-11.1351 2.919002E+00
-11.1151 3.127002E+00
-11.0951 3.260370E+00
-11.0751 3.341907E+00
-11.0551 3.421708E+00
-11.0351 3.512928E+00
-11.0151 3.581491E+00
-10.9951 3.608091E+00
-10.9751 3.619605E+00
-10.9550 3.652689E+00
-10.9350 3.720311E+00
-10.9150 3.811726E+00
-10.8950 3.913139E+00
-10.8750 4.021584E+00
-10.8550 4.134058E+00
-10.8350 4.229049E+00
-10.8150 4.265596E+00
-10.7950 4.203618E+00
-10.7750 4.025767E+00
-10.7549 3.748859E+00
-10.7349 3.423837E+00
-10.7149 3.103933E+00
-10.6949 2.803823E+00
-10.6749 2.519380E+00
-10.6549 2.273067E+00
-10.6349 2.092511E+00
-10.6149 1.983179E+00
-10.5949 1.939125E+00
-10.5749 1.956656E+00
-10.5548 2.037572E+00
-10.5348 2.188156E+00
-10.5148 2.415942E+00
-10.4948 2.720196E+00
-10.4748 3.074408E+00
-10.4548 3.420773E+00
-10.4348 3.707215E+00
-10.4148 3.910855E+00
-10.3948 3.983640E+00
-10.3748 3.871440E+00
-10.3547 3.620282E+00
-10.3347 3.346306E+00
-10.3147 3.130758E+00
-10.2947 2.992583E+00
-10.2747 2.910436E+00
-10.2547 2.852908E+00
-10.2347 2.812522E+00
-10.2147 2.811095E+00
-10.1947 2.865914E+00
-10.1747 2.960874E+00
-10.1546 3.046827E+00
-10.1346 3.079971E+00
-10.1146 3.070360E+00
-10.0946 3.061383E+00
-10.0746 3.069022E+00
-10.0546 3.070061E+00
-10.0346 3.037441E+00
-10.0146 2.969884E+00
-9.9946 2.884169E+00
-9.9746 2.795242E+00
-9.9545 2.711565E+00
-9.9345 2.640272E+00
-9.9145 2.589894E+00
-9.8945 2.567597E+00
-9.8745 2.577096E+00
-9.8545 2.620776E+00
-9.8345 2.701539E+00
-9.8145 2.823306E+00
-9.7945 2.992856E+00
-9.7745 3.222484E+00
-9.7544 3.527969E+00
-9.7344 3.911160E+00
-9.7144 4.322973E+00
-9.6944 4.641579E+00
-9.6744 4.764696E+00
-9.6544 4.746866E+00
-9.6344 4.708898E+00
-9.6144 4.656302E+00
-9.5944 4.515571E+00
-9.5744 4.328913E+00
-9.5543 4.243527E+00
-9.5343 4.319056E+00
-9.5143 4.400905E+00
-9.4943 4.173934E+00
-9.4743 3.564613E+00
-9.4543 2.858499E+00
-9.4343 2.277632E+00
-9.4143 1.856669E+00
-9.3943 1.559164E+00
-9.3743 1.345620E+00
-9.3542 1.187796E+00
-9.3342 1.067461E+00
-9.3142 9.729830E-01
-9.2942 8.968421E-01
-9.2742 8.340748E-01
-9.2542 7.813060E-01
-9.2342 7.361968E-01
-9.2142 6.970712E-01
-9.1942 6.627126E-01
-9.1742 6.322117E-01
-9.1541 6.048805E-01
-9.1341 5.801895E-01
-9.1141 5.577243E-01
-9.0941 5.371556E-01
-9.0741 5.182183E-01
-9.0541 5.006993E-01
-9.0341 4.844228E-01
-9.0141 4.692410E-01
-8.9941 4.550334E-01
-8.9741 4.416982E-01
-8.9540 4.291471E-01
-8.9340 4.173058E-01
-8.9140 4.061113E-01
-8.8940 3.955063E-01
-8.8740 3.854433E-01
-8.8540 3.758793E-01
-8.8340 3.667774E-01
-8.8140 3.581026E-01
-8.7940 3.498268E-01
-8.7740 3.419221E-01
-8.7539 3.343646E-01
-8.7339 3.271330E-01
-8.7139 3.202057E-01
-8.6939 3.135659E-01
-8.6739 3.071967E-01
-8.6539 3.010822E-01
-8.6339 2.952084E-01
-8.6139 2.895619E-01
-8.5939 2.841312E-01
-8.5739 2.789045E-01
-8.5538 2.738706E-01
-8.5338 2.690201E-01
-8.5138 2.643438E-01
-8.4938 2.598329E-01
-8.4738 2.554795E-01
-8.4538 2.512757E-01
-8.4338 2.472143E-01
-8.4138 2.432890E-01
-8.3938 2.394930E-01
-8.3738 2.358206E-01
-8.3537 2.322666E-01
-8.3337 2.288255E-01
-8.3137 2.254920E-01
-8.2937 2.222620E-01
-8.2737 2.191309E-01
-8.2537 2.160949E-01
-8.2337 2.131497E-01
-8.2137 2.102926E-01
-8.1937 2.075192E-01
-8.1737 2.048266E-01
-8.1536 2.022121E-01
-8.1336 1.996725E-01
-8.1136 1.972054E-01
-8.0936 1.948083E-01
-8.0736 1.924784E-01
-8.0536 1.902138E-01
-8.0336 1.880123E-01
-8.0136 1.858715E-01
-7.9936 1.837902E-01
-7.9736 1.817658E-01
-7.9535 1.797965E-01
-7.9335 1.778813E-01
-7.9135 1.760180E-01
-7.8935 1.742055E-01
-7.8735 1.724415E-01
-7.8535 1.707252E-01
-7.8335 1.690550E-01
-7.8135 1.674297E-01
-7.7935 1.658478E-01
-7.7735 1.643078E-01
-7.7534 1.628088E-01
-7.7334 1.613496E-01
-7.7134 1.599289E-01
-7.6934 1.585454E-01
-7.6734 1.571982E-01
-7.6534 1.558860E-01
-7.6334 1.546078E-01
-7.6134 1.533627E-01
-7.5934 1.521494E-01
-7.5734 1.509670E-01
-7.5533 1.498145E-01
-7.5333 1.486908E-01
-7.5133 1.475949E-01
-7.4933 1.465260E-01
-7.4733 1.454832E-01
-7.4533 1.444652E-01
-7.4333 1.434712E-01
-7.4133 1.425005E-01
-7.3933 1.415521E-01
-7.3733 1.406249E-01
-7.3532 1.397181E-01
-7.3332 1.388309E-01
-7.3132 1.379624E-01
-7.2932 1.371117E-01
-7.2732 1.362778E-01
-7.2532 1.354602E-01
-7.2332 1.346578E-01
-7.2132 1.338699E-01
-7.1932 1.330956E-01
-7.1732 1.323341E-01
-7.1531 1.315847E-01
-7.1331 1.308466E-01
-7.1131 1.301189E-01
-7.0931 1.294010E-01
-7.0731 1.286922E-01
-7.0531 1.279917E-01
-7.0331 1.272989E-01
-7.0131 1.266128E-01
-6.9931 1.259333E-01
-6.9731 1.252593E-01
-6.9530 1.245904E-01
-6.9330 1.239260E-01
-6.9130 1.232654E-01
-6.8930 1.226082E-01
-6.8730 1.219539E-01
-6.8530 1.213019E-01
-6.8330 1.206518E-01
-6.8130 1.200031E-01
-6.7930 1.193555E-01
-6.7730 1.187086E-01
-6.7529 1.180619E-01
-6.7329 1.174154E-01
-6.7129 1.167686E-01
-6.6929 1.161210E-01
-6.6729 1.154728E-01
-6.6529 1.148236E-01
-6.6329 1.141732E-01
-6.6129 1.135215E-01
-6.5929 1.128683E-01
-6.5729 1.122136E-01
-6.5528 1.115573E-01
-6.5328 1.108994E-01
-6.5128 1.102397E-01
-6.4928 1.095784E-01
-6.4728 1.089155E-01
-6.4528 1.082509E-01
-6.4328 1.075850E-01
-6.4128 1.069174E-01
-6.3928 1.062486E-01
-6.3728 1.055785E-01
-6.3527 1.049073E-01
-6.3327 1.042353E-01
-6.3127 1.035625E-01
-6.2927 1.028890E-01
-6.2727 1.022152E-01
-6.2527 1.015411E-01
-6.2327 1.008669E-01
-6.2127 1.001930E-01
-6.1927 9.951941E-02
-6.1727 9.884656E-02
-6.1526 9.817448E-02
-6.1326 9.750348E-02
-6.1126 9.683376E-02
-6.0926 9.616564E-02
-6.0726 9.549930E-02
-6.0526 9.483498E-02
-6.0326 9.417289E-02
-6.0126 9.351325E-02
-5.9926 9.285631E-02
-5.9726 9.220245E-02
-5.9525 9.155164E-02
-5.9325 9.090431E-02
-5.9125 9.026056E-02
-5.8925 8.962068E-02
-5.8725 8.898477E-02
-5.8525 8.835333E-02
-5.8325 8.772630E-02
-5.8125 8.710387E-02
-5.7925 8.648634E-02
-5.7725 8.587393E-02
-5.7524 8.526685E-02
-5.7324 8.466518E-02
-5.7124 8.406910E-02
-5.6924 8.347881E-02
-5.6724 8.289448E-02
-5.6524 8.231644E-02
-5.6324 8.174446E-02
-5.6124 8.117897E-02
-5.5924 8.062011E-02
-5.5724 8.006804E-02
-5.5523 7.952261E-02
-5.5323 7.898427E-02
-5.5123 7.845298E-02
-5.4923 7.792887E-02
-5.4723 7.741216E-02
-5.4523 7.690279E-02
-5.4323 7.640093E-02
-5.4123 7.590672E-02
-5.3923 7.542012E-02
-5.3723 7.494127E-02
-5.3522 7.447032E-02
-5.3322 7.400726E-02
-5.3122 7.355218E-02
-5.2922 7.310518E-02
-5.2722 7.266631E-02
-5.2522 7.223557E-02
-5.2322 7.181300E-02
-5.2122 7.139872E-02
-5.1922 7.099269E-02
-5.1722 7.059513E-02
-5.1521 7.020588E-02
-5.1321 6.982504E-02
-5.1121 6.945268E-02
-5.0921 6.908880E-02
-5.0721 6.873332E-02
-5.0521 6.838651E-02
-5.0321 6.804818E-02
-5.0121 6.771845E-02
-4.9921 6.739739E-02
-4.9721 6.708496E-02
-4.9520 6.678114E-02
-4.9320 6.648601E-02
-4.9120 6.619958E-02
-4.8920 6.592185E-02
-4.8720 6.565292E-02
-4.8520 6.539280E-02
-4.8320 6.514146E-02
-4.8120 6.489897E-02
-4.7920 6.466536E-02
-4.7720 6.444065E-02
-4.7519 6.422482E-02
-4.7319 6.401809E-02
-4.7119 6.382042E-02
-4.6919 6.363178E-02
-4.6719 6.345229E-02
-4.6519 6.328203E-02
-4.6319 6.312100E-02
-4.6119 6.296932E-02
-4.5919 6.282706E-02
-4.5719 6.269427E-02
-4.5518 6.257106E-02
-4.5318 6.245750E-02
-4.5118 6.235379E-02
-4.4918 6.225990E-02
-4.4718 6.217596E-02
-4.4518 6.210215E-02
-4.4318 6.203868E-02
-4.4118 6.198550E-02
-4.3918 6.194288E-02
-4.3718 6.191096E-02
-4.3517 6.188990E-02
-4.3317 6.188002E-02
-4.3117 6.188124E-02
-4.2917 6.189398E-02
-4.2717 6.191834E-02
-4.2517 6.195457E-02
-4.2317 6.200302E-02
-4.2117 6.206381E-02
-4.1917 6.213727E-02
-4.1717 6.222365E-02
-4.1516 6.232319E-02
-4.1316 6.243624E-02
-4.1116 6.256313E-02
-4.0916 6.270416E-02
-4.0716 6.285980E-02
-4.0516 6.303026E-02
-4.0316 6.321588E-02
-4.0116 6.341729E-02
-3.9916 6.363462E-02
-3.9716 6.386844E-02
-3.9515 6.411921E-02
-3.9315 6.438715E-02
-3.9115 6.467284E-02
-3.8915 6.497697E-02
-3.8715 6.529963E-02
-3.8515 6.564157E-02
-3.8315 6.600320E-02
-3.8115 6.638501E-02
-3.7915 6.678740E-02
-3.7715 6.721107E-02
-3.7514 6.765629E-02
-3.7314 6.812376E-02
-3.7114 6.861366E-02
-3.6914 6.912666E-02
-3.6714 6.966333E-02
-3.6514 7.022381E-02
-3.6314 7.080858E-02
-3.6114 7.141798E-02
-3.5914 7.205237E-02
-3.5714 7.271202E-02
-3.5513 7.339700E-02
-3.5313 7.410743E-02
-3.5113 7.484340E-02
-3.4913 7.560472E-02
-3.4713 7.639138E-02
-3.4513 7.720320E-02
-3.4313 7.803952E-02
-3.4113 7.889987E-02
-3.3913 7.978335E-02
-3.3713 8.068953E-02
-3.3512 8.161706E-02
-3.3312 8.256479E-02
-3.3112 8.353129E-02
-3.2912 8.451493E-02
-3.2712 8.551392E-02
-3.2512 8.652601E-02
-3.2312 8.754928E-02
-3.2112 8.858090E-02
-3.1912 8.961850E-02
-3.1712 9.065897E-02
-3.1511 9.169950E-02
-3.1311 9.273658E-02
-3.1111 9.376681E-02
-3.0911 9.478723E-02
-3.0711 9.579358E-02
-3.0511 9.678266E-02
-3.0311 9.775061E-02
-3.0111 9.869428E-02
-2.9911 9.960964E-02
-2.9711 1.004934E-01
-2.9510 1.013425E-01
-2.9310 1.021537E-01
-2.9110 1.029242E-01
-2.8910 1.036515E-01
-2.8710 1.043333E-01
-2.8510 1.049676E-01
-2.8310 1.055530E-01
-2.8110 1.060882E-01
-2.7910 1.065723E-01
-2.7710 1.070049E-01
-2.7509 1.073860E-01
-2.7309 1.077157E-01
-2.7109 1.079946E-01
-2.6909 1.082239E-01
-2.6709 1.084041E-01
-2.6509 1.085374E-01
-2.6309 1.086250E-01
-2.6109 1.086687E-01
-2.5909 1.086707E-01
-2.5709 1.086331E-01
-2.5508 1.085580E-01
-2.5308 1.084477E-01
-2.5108 1.083045E-01
-2.4908 1.081308E-01
-2.4708 1.079285E-01
-2.4508 1.077002E-01
-2.4308 1.074479E-01
-2.4108 1.071735E-01
-2.3908 1.068792E-01
-2.3708 1.065670E-01
-2.3507 1.062384E-01
-2.3307 1.058953E-01
-2.3107 1.055391E-01
-2.2907 1.051713E-01
-2.2707 1.047933E-01
-2.2507 1.044063E-01
-2.2307 1.040114E-01
-2.2107 1.036097E-01
-2.1907 1.032020E-01
-2.1707 1.027893E-01
-2.1506 1.023723E-01
-2.1306 1.019514E-01
-2.1106 1.015276E-01
-2.0906 1.011014E-01
-2.0706 1.006730E-01
-2.0506 1.002430E-01
-2.0306 9.981189E-02
-2.0106 9.937967E-02
-1.9906 9.894681E-02
-1.9706 9.851388E-02
-1.9505 9.808065E-02
-1.9305 9.764763E-02
-1.9105 9.721473E-02
-1.8905 9.678250E-02
-1.8705 9.635091E-02
-1.8505 9.592020E-02
-1.8305 9.549059E-02
-1.8105 9.506208E-02
-1.7905 9.463496E-02
-1.7705 9.420944E-02
-1.7504 9.378569E-02
-1.7304 9.336369E-02
-1.7104 9.294408E-02
-1.6904 9.252657E-02
-1.6704 9.211171E-02
-1.6504 9.169955E-02
-1.6304 9.129026E-02
-1.6104 9.088437E-02
-1.5904 9.048204E-02
-1.5704 9.008336E-02
-1.5503 8.968882E-02
-1.5303 8.929856E-02
-1.5103 8.891285E-02
-1.4903 8.853217E-02
-1.4703 8.815666E-02
-1.4503 8.778674E-02
-1.4303 8.742272E-02
-1.4103 8.706480E-02
-1.3903 8.671349E-02
-1.3703 8.636892E-02
-1.3502 8.603164E-02
-1.3302 8.570194E-02
-1.3102 8.538018E-02
-1.2902 8.506668E-02
-1.2702 8.476162E-02
-1.2502 8.446562E-02
-1.2302 8.417873E-02
-1.2102 8.390166E-02
-1.1902 8.363444E-02
-1.1702 8.337764E-02
-1.1501 8.313145E-02
-1.1301 8.289611E-02
-1.1101 8.267221E-02
-1.0901 8.246003E-02
-1.0701 8.225969E-02
-1.0501 8.207163E-02
-1.0301 8.189635E-02
-1.0101 8.173385E-02
-0.9901 8.158478E-02
-0.9701 8.144912E-02
-0.9500 8.132744E-02
-0.9300 8.121993E-02
-0.9100 8.112681E-02
-0.8900 8.104863E-02
-0.8700 8.098548E-02
-0.8500 8.093780E-02
-0.8300 8.090572E-02
-0.8100 8.088962E-02
-0.7900 8.088981E-02
-0.7700 8.090656E-02
-0.7499 8.094025E-02
-0.7299 8.099103E-02
-0.7099 8.105919E-02
-0.6899 8.114499E-02
-0.6699 8.124878E-02
-0.6499 8.137081E-02
-0.6299 8.151132E-02
-0.6099 8.167059E-02
-0.5899 8.184877E-02
-0.5699 8.204621E-02
-0.5498 8.226306E-02
-0.5298 8.249954E-02
-0.5098 8.275596E-02
-0.4898 8.303249E-02
-0.4698 8.332908E-02
-0.4498 8.364616E-02
-0.4298 8.398362E-02
-0.4098 8.434176E-02
-0.3898 8.472063E-02
-0.3698 8.512013E-02
-0.3497 8.554038E-02
-0.3297 8.598120E-02
-0.3097 8.644276E-02
-0.2897 8.692469E-02
-0.2697 8.742697E-02
-0.2497 8.794928E-02
-0.2297 8.849133E-02
-0.2097 8.905282E-02
-0.1897 8.963309E-02
-0.1697 9.023202E-02
-0.1496 9.084858E-02
-0.1296 9.148233E-02
-0.1096 9.213247E-02
-0.0896 9.279802E-02
-0.0696 9.347819E-02
-0.0496 9.417185E-02
-0.0296 9.487783E-02
-0.0096 9.559472E-02
0.0104 9.632129E-02
0.0304 9.705612E-02
0.0505 9.779750E-02
0.0705 9.854392E-02
0.0905 9.929343E-02
0.1105 1.000445E-01
0.1305 1.007950E-01
0.1505 1.015433E-01
0.1705 1.022870E-01
0.1905 1.030246E-01
0.2105 1.037536E-01
0.2305 1.044725E-01
0.2506 1.051788E-01
0.2706 1.058709E-01
0.2906 1.065468E-01
0.3106 1.072050E-01
0.3306 1.078432E-01
0.3506 1.084602E-01
0.3706 1.090547E-01
0.3906 1.096251E-01
0.4106 1.101704E-01
0.4306 1.106897E-01
0.4507 1.111820E-01
0.4707 1.116469E-01
0.4907 1.120838E-01
0.5107 1.124928E-01
0.5307 1.128736E-01
0.5507 1.132264E-01
0.5707 1.135516E-01
0.5907 1.138497E-01
0.6107 1.141212E-01
0.6307 1.143671E-01
0.6508 1.145880E-01
0.6708 1.147854E-01
0.6908 1.149602E-01
0.7108 1.151135E-01
0.7308 1.152466E-01
0.7508 1.153609E-01
0.7708 1.154578E-01
0.7908 1.155385E-01
0.8108 1.156045E-01
0.8308 1.156572E-01
0.8509 1.156978E-01
0.8709 1.157278E-01
0.8909 1.157484E-01
0.9109 1.157606E-01
0.9309 1.157658E-01
0.9509 1.157651E-01
0.9709 1.157595E-01
0.9909 1.157498E-01
1.0109 1.157372E-01
1.0309 1.157223E-01
1.0510 1.157059E-01
1.0710 1.156887E-01
1.0910 1.156712E-01
1.1110 1.156541E-01
1.1310 1.156377E-01
1.1510 1.156224E-01
1.1710 1.156085E-01
1.1910 1.155964E-01
1.2110 1.155861E-01
1.2310 1.155778E-01
1.2511 1.155715E-01
1.2711 1.155674E-01
1.2911 1.155652E-01
1.3111 1.155649E-01
1.3311 1.155665E-01
1.3511 1.155696E-01
1.3711 1.155744E-01
1.3911 1.155802E-01
1.4111 1.155870E-01
1.4311 1.155944E-01
1.4512 1.156021E-01
1.4712 1.156098E-01
1.4912 1.156171E-01
1.5112 1.156236E-01
1.5312 1.156290E-01
1.5512 1.156329E-01
1.5712 1.156349E-01
1.5912 1.156347E-01
1.6112 1.156317E-01
1.6312 1.156257E-01
1.6513 1.156162E-01
1.6713 1.156029E-01
1.6913 1.155856E-01
1.7113 1.155636E-01
1.7313 1.155370E-01
1.7513 1.155053E-01
1.7713 1.154682E-01
1.7913 1.154254E-01
1.8113 1.153769E-01
1.8313 1.153223E-01
1.8514 1.152615E-01
1.8714 1.151945E-01
1.8914 1.151209E-01
1.9114 1.150408E-01
1.9314 1.149543E-01
1.9514 1.148612E-01
1.9714 1.147613E-01
1.9914 1.146551E-01
2.0114 1.145423E-01
2.0314 1.144232E-01
2.0515 1.142979E-01
2.0715 1.141664E-01
2.0915 1.140290E-01
2.1115 1.138859E-01
2.1315 1.137373E-01
2.1515 1.135834E-01
2.1715 1.134244E-01
2.1915 1.132607E-01
2.2115 1.130924E-01
2.2315 1.129200E-01
2.2516 1.127437E-01
2.2716 1.125639E-01
2.2916 1.123806E-01
2.3116 1.121944E-01
2.3316 1.120056E-01
2.3516 1.118144E-01
2.3716 1.116211E-01
2.3916 1.114263E-01
2.4116 1.112301E-01
2.4316 1.110328E-01
2.4517 1.108346E-01
2.4717 1.106360E-01
2.4917 1.104372E-01
2.5117 1.102384E-01
2.5317 1.100400E-01
2.5517 1.098423E-01
2.5717 1.096452E-01
2.5917 1.094493E-01
2.6117 1.092546E-01
2.6317 1.090614E-01
2.6518 1.088699E-01
2.6718 1.086804E-01
2.6918 1.084927E-01
2.7118 1.083074E-01
2.7318 1.081243E-01
2.7518 1.079438E-01
2.7718 1.077658E-01
2.7918 1.075906E-01
2.8118 1.074182E-01
2.8318 1.072487E-01
2.8519 1.070823E-01
2.8719 1.069188E-01
2.8919 1.067586E-01
2.9119 1.066016E-01
2.9319 1.064478E-01
2.9519 1.062972E-01
2.9719 1.061500E-01
2.9919 1.060063E-01
3.0119 1.058658E-01
3.0319 1.057287E-01
3.0520 1.055951E-01
3.0720 1.054650E-01
3.0920 1.053381E-01
3.1120 1.052147E-01
3.1320 1.050948E-01
3.1520 1.049783E-01
3.1720 1.048651E-01
3.1920 1.047554E-01
3.2120 1.046489E-01
3.2320 1.045460E-01
3.2521 1.044463E-01
3.2721 1.043500E-01
3.2921 1.042571E-01
3.3121 1.041675E-01
3.3321 1.040810E-01
3.3521 1.039979E-01
3.3721 1.039181E-01
3.3921 1.038415E-01
3.4121 1.037681E-01
3.4321 1.036980E-01
3.4522 1.036311E-01
3.4722 1.035673E-01
3.4922 1.035067E-01
3.5122 1.034492E-01
3.5322 1.033949E-01
3.5522 1.033437E-01
3.5722 1.032957E-01
3.5922 1.032507E-01
3.6122 1.032088E-01
3.6322 1.016569E-01
3.6523 1.031343E-01
3.6723 1.031016E-01
3.6923 1.030720E-01
3.7123 1.030454E-01
3.7323 1.030219E-01
3.7523 1.030014E-01
3.7723 1.029838E-01
3.7923 1.029693E-01
3.8123 1.029576E-01
3.8323 1.029490E-01
3.8524 1.029434E-01
3.8724 1.029406E-01
3.8924 1.017325E-01
3.9124 1.029438E-01
3.9324 1.029496E-01
3.9524 1.013282E-01
3.9724 1.029698E-01
3.9924 1.029840E-01
4.0124 1.030010E-01
4.0324 1.030206E-01
4.0525 1.030428E-01
4.0725 1.030677E-01
4.0925 1.030952E-01
4.1125 1.031251E-01
4.1325 1.031573E-01
4.1525 1.031921E-01
4.1725 1.032290E-01
4.1925 1.032682E-01
4.2125 1.019159E-01
4.2325 1.033531E-01
4.2526 1.033985E-01
4.2726 1.028226E-01
4.2926 1.034949E-01
4.3126 1.035457E-01
4.3326 1.035981E-01
4.3526 1.036520E-01
4.3726 1.037073E-01
4.3926 1.037637E-01
4.4126 1.038213E-01
4.4326 1.038799E-01
4.4527 1.039393E-01
4.4727 1.039994E-01
4.4927 1.040601E-01
4.5127 1.041212E-01
4.5327 1.022153E-01
4.5527 1.042440E-01
4.5727 1.035655E-01
4.5927 1.043666E-01
4.6127 1.044275E-01
4.6327 1.044877E-01
4.6528 1.045473E-01
4.6728 1.046060E-01
4.6928 1.046637E-01
4.7128 1.047201E-01
4.7328 1.047753E-01
4.7528 1.048288E-01
4.7728 1.048806E-01
4.7928 1.049305E-01
4.8128 1.049785E-01
4.8328 1.050243E-01
4.8529 1.016627E-01
4.8729 1.051086E-01
4.8929 1.037515E-01
4.9129 1.051825E-01
4.9329 1.052151E-01
4.9529 1.052448E-01
4.9729 1.052714E-01
4.9929 1.052947E-01
5.0129 1.053148E-01
5.0329 1.053314E-01
5.0530 1.053446E-01
5.0730 1.053544E-01
5.0930 1.053604E-01
5.1130 1.053629E-01
5.1330 1.053617E-01
5.1530 1.053568E-01
5.1730 1.005769E-01
5.1930 1.053360E-01
5.2130 1.030785E-01
5.2330 1.053006E-01
5.2531 1.052774E-01
5.2731 1.052507E-01
5.2931 1.052205E-01
5.3131 1.051868E-01
5.3331 1.051499E-01
5.3531 1.051095E-01
5.3731 1.050661E-01
5.3931 1.050196E-01
5.4131 1.049702E-01
5.4331 1.049179E-01
5.4532 1.048629E-01
5.4732 1.048053E-01
5.4932 9.957254E-02
5.5132 1.046833E-01
5.5332 1.019342E-01
5.5532 1.045527E-01
5.5732 1.044846E-01
5.5932 1.044150E-01
5.6132 1.043439E-01
5.6332 1.042715E-01
5.6533 1.041978E-01
5.6733 1.041234E-01
5.6933 1.040481E-01
5.7133 1.039722E-01
5.7333 1.038959E-01
5.7533 1.038192E-01
5.7733 1.037425E-01
5.7933 1.036658E-01
5.8133 9.912767E-02
5.8333 1.035134E-01
5.8534 1.009460E-01
5.8734 1.033631E-01
5.8934 1.032892E-01
5.9134 1.032161E-01
5.9334 1.031442E-01
5.9534 1.030736E-01
5.9734 1.030044E-01
5.9934 1.029366E-01
6.0134 1.028706E-01
6.0334 1.028062E-01
6.0535 1.027438E-01
6.0735 1.026834E-01
6.0935 1.026249E-01
6.1135 1.025687E-01
6.1335 9.943366E-02
6.1535 1.024631E-01
6.1735 1.005643E-01
6.1935 1.023672E-01
6.2135 1.023231E-01
6.2335 1.022816E-01
6.2536 1.022428E-01
6.2736 1.022068E-01
6.2936 1.021736E-01
6.3136 1.021432E-01
6.3336 1.021158E-01
6.3536 1.020914E-01
6.3736 1.020698E-01
6.3936 1.020512E-01
6.4136 1.020358E-01
6.4336 1.020234E-01
6.4537 1.004605E-01
6.4737 1.020076E-01
6.4937 1.009496E-01
6.5137 1.020044E-01
6.5337 1.020073E-01
6.5537 1.020135E-01
6.5737 1.020228E-01
6.5937 1.020351E-01
6.6137 1.020505E-01
6.6337 1.020691E-01
6.6538 1.020907E-01
6.6738 1.021154E-01
6.6938 1.021430E-01
6.7138 1.021738E-01
6.7338 1.022076E-01
6.7538 1.022443E-01
6.7738 1.020570E-01
6.7938 1.023265E-01
6.8138 1.020505E-01
6.8338 1.024204E-01
6.8539 1.024715E-01
6.8739 1.025255E-01
6.8939 1.025823E-01
6.9139 1.026417E-01
6.9339 1.027039E-01
6.9539 1.027687E-01
6.9739 1.028361E-01
6.9939 1.029060E-01
7.0139 1.029786E-01
7.0339 1.030536E-01
7.0540 1.031309E-01
7.0740 1.032107E-01
7.0940 1.040138E-01
7.1140 1.033773E-01
7.1340 1.037034E-01
7.1540 1.035529E-01
7.1740 1.036439E-01
7.1940 1.037370E-01
7.2140 1.038322E-01
7.2340 1.039294E-01
7.2541 1.040285E-01
7.2741 1.041295E-01
7.2941 1.042323E-01
7.3141 1.043368E-01
7.3341 1.044432E-01
7.3541 1.045512E-01
7.3741 1.046608E-01
7.3941 1.047720E-01
7.4141 1.060873E-01
7.4341 1.049988E-01
7.4542 1.056906E-01
7.4742 1.052312E-01
7.4942 1.053491E-01
7.5142 1.054684E-01
7.5342 1.055889E-01
7.5542 1.057105E-01
7.5742 1.058331E-01
7.5942 1.059566E-01
7.6142 1.060810E-01
7.6342 1.062064E-01
7.6543 1.063324E-01
7.6743 1.064592E-01
7.6943 1.065866E-01
7.7143 1.067147E-01
7.7343 1.080134E-01
7.7543 1.069722E-01
7.7743 1.077614E-01
7.7943 1.072314E-01
7.8143 1.073615E-01
7.8343 1.074917E-01
7.8544 1.076220E-01
7.8744 1.077524E-01
7.8944 1.078828E-01
7.9144 1.080131E-01
7.9344 1.081434E-01
7.9544 1.082734E-01
7.9744 1.084031E-01
7.9944 1.085325E-01
8.0144 1.086615E-01
8.0344 1.087901E-01
8.0545 1.095441E-01
8.0745 1.090453E-01
8.0945 1.096476E-01
8.1145 1.092979E-01
8.1345 1.094231E-01
8.1545 1.095474E-01
8.1745 1.096707E-01
8.1945 1.097930E-01
8.2145 1.099142E-01
8.2345 1.100343E-01
8.2546 1.101532E-01
8.2746 1.102708E-01
8.2946 1.103871E-01
8.3146 1.105020E-01
8.3346 1.106154E-01
8.3546 1.107274E-01
8.3746 1.105168E-01
8.3946 1.109465E-01
8.4146 1.111045E-01
8.4346 1.111589E-01
8.4547 1.112624E-01
8.4747 1.113642E-01
8.4947 1.114640E-01
8.5147 1.115618E-01
8.5347 1.116577E-01
8.5547 1.117515E-01
8.5747 1.118434E-01
8.5947 1.119331E-01
8.6147 1.120205E-01
8.6347 1.121059E-01
8.6548 1.121890E-01
8.6748 1.122698E-01
8.6948 1.109297E-01
8.7148 1.124248E-01
8.7348 1.119845E-01
8.7548 1.125703E-01
8.7748 1.126396E-01
8.7948 1.127065E-01
8.8148 1.127711E-01
8.8348 1.128331E-01
8.8549 1.128928E-01
8.8749 1.129501E-01
8.8949 1.130050E-01
8.9149 1.130575E-01
8.9349 1.131075E-01
8.9549 1.131553E-01
8.9749 1.132005E-01
8.9949 1.132435E-01
9.0149 1.109729E-01
9.0349 1.133224E-01
9.0550 1.123104E-01
9.0750 1.133922E-01
9.0950 1.134238E-01
9.1150 1.134530E-01
9.1350 1.134802E-01
9.1550 1.135053E-01
9.1750 1.135283E-01
9.1950 1.135493E-01
9.2150 1.135683E-01
9.2350 1.135853E-01
9.2551 1.136006E-01
9.2751 1.136139E-01
9.2951 1.136257E-01
9.3151 1.136357E-01
9.3351 1.109887E-01
9.3551 1.136510E-01
9.3751 1.122976E-01
9.3951 1.136604E-01
9.4151 1.136631E-01
9.4351 1.136645E-01
9.4552 1.136649E-01
9.4752 1.136642E-01
9.4952 1.136624E-01
9.5152 1.136598E-01
9.5352 1.136563E-01
9.5552 1.136522E-01
9.5752 1.136474E-01
9.5952 1.136422E-01
9.6152 1.136364E-01
9.6352 1.136303E-01
9.6553 1.113967E-01
9.6753 1.136177E-01
9.6953 1.123073E-01
9.7153 1.136047E-01
9.7353 1.135986E-01
9.7553 1.135925E-01
9.7753 1.135869E-01
9.7953 1.135819E-01
9.8153 1.135773E-01
9.8353 1.135736E-01
9.8554 1.135705E-01
9.8754 1.135684E-01
9.8954 1.135673E-01
9.9154 1.135673E-01
9.9354 1.135686E-01
9.9554 1.135712E-01
9.9754 1.429002E-01
9.9954 1.135809E-01
10.0154 1.127684E-01
10.0354 1.135973E-01
10.0555 1.136082E-01
10.0755 1.136212E-01
10.0955 1.136363E-01
10.1155 1.136536E-01
10.1355 1.136732E-01
10.1555 1.136952E-01
10.1755 1.137199E-01
10.1955 1.137471E-01
10.2155 1.137772E-01
10.2355 1.138101E-01
10.2556 1.138460E-01
10.2756 1.138850E-01
10.2956 1.444998E-01
10.3156 1.139727E-01
10.3356 1.446980E-01
